-3.0e0 -3.0e0 6.4e1 6.4e1
-2.8461552e0 -3.0e0 5.6804773e1 5.6804773e1
-2.6923105e0 -3.0e0 4.99883179e1 4.99883179e1
-2.5384657e0 -3.0e0 4.3550476e1 4.3550476e1
-2.384621e0 -3.0e0 3.74913208e1 3.74913208e1
-2.2307762e0 -3.0e0 3.18108765e1 3.18108765e1
-2.0769315e0 -3.0e0 2.65091675e1 2.65091675e1
-1.9230867e0 -3.0e0 2.15860962e1 2.15860962e1
-1.769242e0 -3.0e0 1.70417236e1 1.70417236e1
-1.6153972e0 -3.0e0 1.28760742e1 1.28760742e1
-1.4615524e0 -3.0e0 9.0890869e0 9.0890869e0
-1.3077077e0 -3.0e0 5.68078613e0 5.68078613e0
-1.1538629e0 -3.0e0 2.6512085e0 2.6512085e0
-1.0000182e0 -3.0e0 2.92800049e-4 2.92800049e-4
-8.461734e-1 -3.0e0 -2.27192505e0 -2.27192505e0
-6.923285e-1 -3.0e0 -4.16545044e0 -4.16545044e0
-5.3848361e-1 -3.0e0 -5.6802832e0 -5.6802832e0
-3.8463872e-1 -3.0e0 -6.81642456e0 -6.81642456e0
-2.3079382e-1 -3.0e0 -7.57387451e0 -7.57387451e0
-7.694893e-2 -3.0e0 -7.95263184e0 -7.95263184e0
7.689597e-2 -3.0e0 -7.95269653e0 -7.95269653e0
2.3074086e-1 -3.0e0 -7.57406982e0 -7.57406982e0
3.8458575e-1 -3.0e0 -6.81675049e0 -6.81675049e0
5.3843065e-1 -3.0e0 -5.68073975e0 -5.68073975e0
6.9227554e-1 -3.0e0 -4.16603638e0 -4.16603638e0
8.4612044e-1 -3.0e0 -2.2726416e0 -2.2726416e0
9.9996533e-1 -3.0e0 -5.54400024e-4 -5.54400024e-4
1.15381023e0 -3.0e0 2.65021973e0 2.65021973e0
1.307655e0 -3.0e0 5.6796997e0 5.6796997e0
1.4614998e0 -3.0e0 9.0878662e0 9.0878662e0
1.6153445e0 -3.0e0 1.28746948e1 1.28746948e1
1.7691893e0 -3.0e0 1.70402466e1 1.70402466e1
1.923034e0 -3.0e0 2.1584497e1 2.1584497e1
2.0768788e0 -3.0e0 2.65073853e1 2.65073853e1
2.2307236e0 -3.0e0 3.1809021e1 3.1809021e1
2.3845683e0 -3.0e0 3.74893433e1 3.74893433e1
2.5384131e0 -3.0e0 4.35483032e1 4.35483032e1
2.6922578e0 -3.0e0 4.99860107e1 4.99860107e1
2.8461026e0 -3.0e0 5.6802417e1 5.6802417e1
2.9999474e0 -3.0e0 6.39975098e1 6.39975098e1

-3.0e0 -2.8461552e0 5.6804773e1 5.6804773e1
-2.8461552e0 -2.8461552e0 5.04184723e1 5.04184723e1
-2.6923105e0 -2.8461552e0 4.436836e1 4.436836e1
-2.5384657e0 -2.8461552e0 3.86542953e1 3.86542953e1
-2.384621e0 -2.8461552e0 3.32763431e1 3.32763431e1
-2.2307762e0 -2.8461552e0 2.82345251e1 2.82345251e1
-2.0769315e0 -2.8461552e0 2.3528863e1 2.3528863e1
-1.9230867e0 -2.8461552e0 1.91592702e1 1.91592702e1
-1.769242e0 -2.8461552e0 1.51258006e1 1.51258006e1
-1.6153972e0 -2.8461552e0 1.14284761e1 1.14284761e1
-1.4615524e0 -2.8461552e0 8.0672424e0 8.0672424e0
-1.3077077e0 -2.8461552e0 5.04212134e0 5.04212134e0
-1.1538629e0 -2.8461552e0 2.35314525e0 2.35314525e0
-1.0000182e0 -2.8461552e0 2.59881879e-4 2.59881879e-4
-8.461734e-1 -2.8461552e0 -2.01650291e0 -2.01650291e0
-6.923285e-1 -2.8461552e0 -3.6971479e0 -3.6971479e0
-5.3848361e-1 -2.8461552e0 -5.04167496e0 -5.04167496e0
-3.8463872e-1 -2.8461552e0 -6.05008514e0 -6.05008514e0
-2.3079382e-1 -2.8461552e0 -6.72237846e0 -6.72237846e0
-7.694893e-2 -2.8461552e0 -7.05855383e0 -7.05855383e0
7.689597e-2 -2.8461552e0 -7.05861125e0 -7.05861125e0
2.3074086e-1 -2.8461552e0 -6.72255182e0 -6.72255182e0
3.8458575e-1 -2.8461552e0 -6.05037442e0 -6.05037442e0
5.3843065e-1 -2.8461552e0 -5.04208017e0 -5.04208017e0
6.9227554e-1 -2.8461552e0 -3.69766797e0 -3.69766797e0
8.4612044e-1 -2.8461552e0 -2.0171389e0 -2.0171389e0
9.9996533e-1 -2.8461552e0 -4.92071367e-4 -4.92071367e-4
1.15381023e0 -2.8461552e0 2.35226764e0 2.35226764e0
1.307655e0 -2.8461552e0 5.04115706e0 5.04115706e0
1.4614998e0 -2.8461552e0 8.0661589e0 8.0661589e0
1.6153445e0 -2.8461552e0 1.14272517e1 1.14272517e1
1.7691893e0 -2.8461552e0 1.51244896e1 1.51244896e1
1.923034e0 -2.8461552e0 1.91578508e1 1.91578508e1
2.0768788e0 -2.8461552e0 2.35272812e1 2.35272812e1
2.2307236e0 -2.8461552e0 2.82328783e1 2.82328783e1
2.3845683e0 -2.8461552e0 3.32745879e1 3.32745879e1
2.5384131e0 -2.8461552e0 3.86523668e1 3.86523668e1
2.6922578e0 -2.8461552e0 4.43663123e1 4.43663123e1
2.8461026e0 -2.8461552e0 5.04163812e1 5.04163812e1
2.9999474e0 -2.8461552e0 5.68025626e1 5.68025626e1

-3.0e0 -2.6923105e0 4.99883179e1 4.99883179e1
-2.8461552e0 -2.6923105e0 4.436836e1 4.436836e1
-2.6923105e0 -2.6923105e0 3.90442487e1 3.90442487e1
-2.5384657e0 -2.6923105e0 3.401586e1 3.401586e1
-2.384621e0 -2.6923105e0 2.92832509e1 2.92832509e1
-2.2307762e0 -2.6923105e0 2.48464406e1 2.48464406e1
-2.0769315e0 -2.6923105e0 2.07054482e1 2.07054482e1
-1.9230867e0 -2.6923105e0 1.68601974e1 1.68601974e1
-1.769242e0 -2.6923105e0 1.33107358e1 1.33107358e1
-1.6153972e0 -2.6923105e0 1.00570825e1 1.00570825e1
-1.4615524e0 -2.6923105e0 7.09919e0 7.09919e0
-1.3077077e0 -2.6923105e0 4.43707722e0 4.43707722e0
-1.1538629e0 -2.6923105e0 2.07077269e0 2.07077269e0
-1.0000182e0 -2.6923105e0 2.28696591e-4 2.28696591e-4
-8.461734e-1 -2.6923105e0 -1.77452673e0 -1.77452673e0
-6.923285e-1 -2.6923105e0 -3.25349782e0 -3.25349782e0
-5.3848361e-1 -2.6923105e0 -4.4366844e0 -4.4366844e0
-3.8463872e-1 -2.6923105e0 -5.32408746e0 -5.32408746e0
-2.3079382e-1 -2.6923105e0 -5.91570697e0 -5.91570697e0
-7.694893e-2 -2.6923105e0 -6.21154199e0 -6.21154199e0
7.689597e-2 -2.6923105e0 -6.21159253e0 -6.21159253e0
2.3074086e-1 -2.6923105e0 -5.91585953e0 -5.91585953e0
3.8458575e-1 -2.6923105e0 -5.32434203e0 -5.32434203e0
5.3843065e-1 -2.6923105e0 -4.437041e0 -4.437041e0
6.9227554e-1 -2.6923105e0 -3.25395547e0 -3.25395547e0
8.4612044e-1 -2.6923105e0 -1.77508641e0 -1.77508641e0
9.9996533e-1 -2.6923105e0 -4.33023822e-4 -4.33023822e-4
1.15381023e0 -2.6923105e0 2.0700004e0 2.0700004e0
1.307655e0 -2.6923105e0 4.43622865e0 4.43622865e0
1.4614998e0 -2.6923105e0 7.0982365e0 7.0982365e0
1.6153445e0 -2.6923105e0 1.00560052e1 1.00560052e1
1.7691893e0 -2.6923105e0 1.33095822e1 1.33095822e1
1.923034e0 -2.6923105e0 1.68589484e1 1.68589484e1
2.0768788e0 -2.6923105e0 2.07040562e1 2.07040562e1
2.2307236e0 -2.6923105e0 2.48449913e1 2.48449913e1
2.3845683e0 -2.6923105e0 2.92817062e1 2.92817062e1
2.5384131e0 -2.6923105e0 3.40141628e1 3.40141628e1
2.6922578e0 -2.6923105e0 3.90424467e1 3.90424467e1
2.8461026e0 -2.6923105e0 4.436652e1 4.436652e1
2.9999474e0 -2.6923105e0 4.99863727e1 4.99863727e1

-3.0e0 -2.5384657e0 4.3550476e1 4.3550476e1
-2.8461552e0 -2.5384657e0 3.86542953e1 3.86542953e1
-2.6923105e0 -2.5384657e0 3.401586e1 3.401586e1
-2.5384657e0 -2.5384657e0 2.9635062e1 2.9635062e1
-2.384621e0 -2.5384657e0 2.5511951e1 2.5511951e1
-2.2307762e0 -2.5384657e0 2.16465439e1 2.16465439e1
-2.0769315e0 -2.5384657e0 1.80388571e1 1.80388571e1
-1.9230867e0 -2.5384657e0 1.46888245e1 1.46888245e1
-1.769242e0 -2.5384657e0 1.15964871e1 1.15964871e1
-1.6153972e0 -2.5384657e0 8.7618619e0 8.7618619e0
-1.4615524e0 -2.5384657e0 6.184907e0 6.184907e0
-1.3077077e0 -2.5384657e0 3.8656397e0 3.8656397e0
-1.1538629e0 -2.5384657e0 1.80408424e0 1.80408424e0
-1.0000182e0 -2.5384657e0 1.9924346e-4 1.9924346e-4
-8.461734e-1 -2.5384657e0 -1.54599089e0 -1.54599089e0
-6.923285e-1 -2.5384657e0 -2.83448984e0 -2.83448984e0
-5.3848361e-1 -2.5384657e0 -3.86529745e0 -3.86529745e0
-3.8463872e-1 -2.5384657e0 -4.6384146e0 -4.6384146e0
-2.3079382e-1 -2.5384657e0 -5.15384125e0 -5.15384125e0
-7.694893e-2 -2.5384657e0 -5.4115766e0 -5.4115766e0
7.689597e-2 -2.5384657e0 -5.41162062e0 -5.41162062e0
2.3074086e-1 -2.5384657e0 -5.15397415e0 -5.15397415e0
3.8458575e-1 -2.5384657e0 -4.63863638e0 -4.63863638e0
5.3843065e-1 -2.5384657e0 -3.86560812e0 -3.86560812e0
6.9227554e-1 -2.5384657e0 -2.83488855e0 -2.83488855e0
8.4612044e-1 -2.5384657e0 -1.54647849e0 -1.54647849e0
9.9996533e-1 -2.5384657e0 -3.77256015e-4 -3.77256015e-4
1.15381023e0 -2.5384657e0 1.8034114e0 1.8034114e0
1.307655e0 -2.5384657e0 3.8649004e0 3.8649004e0
1.4614998e0 -2.5384657e0 6.1840765e0 6.1840765e0
1.6153445e0 -2.5384657e0 8.7609232e0 8.7609232e0
1.7691893e0 -2.5384657e0 1.1595482e1 1.1595482e1
1.923034e0 -2.5384657e0 1.46877362e1 1.46877362e1
2.0768788e0 -2.5384657e0 1.80376443e1 1.80376443e1
2.2307236e0 -2.5384657e0 2.16452814e1 2.16452814e1
2.3845683e0 -2.5384657e0 2.55106053e1 2.55106053e1
2.5384131e0 -2.5384657e0 2.96335834e1 2.96335834e1
2.6922578e0 -2.5384657e0 3.401429e1 3.401429e1
2.8461026e0 -2.5384657e0 3.86526921e1 3.86526921e1
2.9999474e0 -2.5384657e0 4.35487814e1 4.35487814e1

-3.0e0 -2.384621e0 3.74913208e1 3.74913208e1
-2.8461552e0 -2.384621e0 3.32763431e1 3.32763431e1
-2.6923105e0 -2.384621e0 2.92832509e1 2.92832509e1
-2.5384657e0 -2.384621e0 2.5511951e1 2.5511951e1
-2.384621e0 -2.384621e0 2.19624864e1 2.19624864e1
-2.2307762e0 -2.384621e0 1.86348714e1 1.86348714e1
-2.0769315e0 -2.384621e0 1.55291203e1 1.55291203e1
-1.9230867e0 -2.384621e0 1.26451758e1 1.26451758e1
-1.769242e0 -2.384621e0 9.9830737e0 9.9830737e0
-1.6153972e0 -2.384621e0 7.5428285e0 7.5428285e0
-1.4615524e0 -2.384621e0 5.3244041e0 5.3244041e0
-1.3077077e0 -2.384621e0 3.32781523e0 3.32781523e0
-1.1538629e0 -2.384621e0 1.55308293e0 1.55308293e0
-1.0000182e0 -2.384621e0 1.71522821e-4 1.71522821e-4
-8.461734e-1 -2.384621e0 -1.33089798e0 -1.33089798e0
-6.923285e-1 -2.384621e0 -2.44012872e0 -2.44012872e0
-5.3848361e-1 -2.384621e0 -3.32752061e0 -3.32752061e0
-3.8463872e-1 -2.384621e0 -3.99307437e0 -3.99307437e0
-2.3079382e-1 -2.384621e0 -4.43678998e0 -4.43678998e0
-7.694893e-2 -2.384621e0 -4.65866673e0 -4.65866673e0
7.689597e-2 -2.384621e0 -4.65870464e0 -4.65870464e0
2.3074086e-1 -2.384621e0 -4.43690439e0 -4.43690439e0
3.8458575e-1 -2.384621e0 -3.99326529e0 -3.99326529e0
5.3843065e-1 -2.384621e0 -3.32778806e0 -3.32778806e0
6.9227554e-1 -2.384621e0 -2.44047197e0 -2.44047197e0
8.4612044e-1 -2.384621e0 -1.33131773e0 -1.33131773e0
9.9996533e-1 -2.384621e0 -3.2476858e-4 -3.2476858e-4
1.15381023e0 -2.384621e0 1.55250371e0 1.55250371e0
1.307655e0 -2.384621e0 3.3271788e0 3.3271788e0
1.4614998e0 -2.384621e0 5.3236891e0 5.3236891e0
1.6153445e0 -2.384621e0 7.5420204e0 7.5420204e0
1.7691893e0 -2.384621e0 9.9822086e0 9.9822086e0
1.923034e0 -2.384621e0 1.2644239e1 1.2644239e1
2.0768788e0 -2.384621e0 1.55280762e1 1.55280762e1
2.2307236e0 -2.384621e0 1.86337845e1 1.86337845e1
2.3845683e0 -2.384621e0 2.1961328e1 2.1961328e1
2.5384131e0 -2.384621e0 2.55106781e1 2.55106781e1
2.6922578e0 -2.384621e0 2.92818994e1 2.92818994e1
2.8461026e0 -2.384621e0 3.3274963e1 3.3274963e1
2.9999474e0 -2.384621e0 3.74898619e1 3.74898619e1

-3.0e0 -2.2307762e0 3.18108765e1 3.18108765e1
-2.8461552e0 -2.2307762e0 2.82345251e1 2.82345251e1
-2.6923105e0 -2.2307762e0 2.48464406e1 2.48464406e1
-2.5384657e0 -2.2307762e0 2.16465439e1 2.16465439e1
-2.384621e0 -2.2307762e0 1.86348714e1 1.86348714e1
-2.2307762e0 -2.2307762e0 1.58114352e1 1.58114352e1
-2.0769315e0 -2.2307762e0 1.31762476e1 1.31762476e1
-1.9230867e0 -2.2307762e0 1.072926e1 1.072926e1
-1.769242e0 -2.2307762e0 8.4705025e0 8.4705025e0
-1.6153972e0 -2.2307762e0 6.3999875e0 6.3999875e0
-1.4615524e0 -2.2307762e0 4.5176846e0 4.5176846e0
-1.3077077e0 -2.2307762e0 2.82360602e0 2.82360602e0
-1.1538629e0 -2.2307762e0 1.31776978e0 1.31776978e0
-1.0000182e0 -2.2307762e0 1.45534784e-4 1.45534784e-4
-8.461734e-1 -2.2307762e0 -1.12924886e0 -1.12924886e0
-6.923285e-1 -2.2307762e0 -2.07041608e0 -2.07041608e0
-5.3848361e-1 -2.2307762e0 -2.82335605e0 -2.82335605e0
-3.8463872e-1 -2.2307762e0 -3.38806937e0 -3.38806937e0
-2.3079382e-1 -2.2307762e0 -3.76455603e0 -3.76455603e0
-7.694893e-2 -2.2307762e0 -3.95281544e0 -3.95281544e0
7.689597e-2 -2.2307762e0 -3.9528476e0 -3.9528476e0
2.3074086e-1 -2.2307762e0 -3.7646531e0 -3.7646531e0
3.8458575e-1 -2.2307762e0 -3.38823137e0 -3.38823137e0
5.3843065e-1 -2.2307762e0 -2.82358296e0 -2.82358296e0
6.9227554e-1 -2.2307762e0 -2.0707073e0 -2.0707073e0
8.4612044e-1 -2.2307762e0 -1.12960501e0 -1.12960501e0
9.9996533e-1 -2.2307762e0 -2.7556173e-4 -2.7556173e-4
1.15381023e0 -2.2307762e0 1.3172783e0 1.3172783e0
1.307655e0 -2.2307762e0 2.82306602e0 2.82306602e0
1.4614998e0 -2.2307762e0 4.517078e0 4.517078e0
1.6153445e0 -2.2307762e0 6.3993019e0 6.3993019e0
1.7691893e0 -2.2307762e0 8.4697684e0 8.4697684e0
1.923034e0 -2.2307762e0 1.07284651e1 1.07284651e1
2.0768788e0 -2.2307762e0 1.31753618e1 1.31753618e1
2.2307236e0 -2.2307762e0 1.5810513e1 1.5810513e1
2.3845683e0 -2.2307762e0 1.86338885e1 1.86338885e1
2.5384131e0 -2.2307762e0 2.16454639e1 2.16454639e1
2.6922578e0 -2.2307762e0 2.48452939e1 2.48452939e1
2.8461026e0 -2.2307762e0 2.82333542e1 2.82333542e1
2.9999474e0 -2.2307762e0 3.18096387e1 3.18096387e1

-3.0e0 -2.0769315e0 2.65091675e1 2.65091675e1
-2.8461552e0 -2.0769315e0 2.3528863e1 2.3528863e1
-2.6923105e0 -2.0769315e0 2.07054482e1 2.07054482e1
-2.5384657e0 -2.0769315e0 1.80388571e1 1.80388571e1
-2.384621e0 -2.0769315e0 1.55291203e1 1.55291203e1
-2.2307762e0 -2.0769315e0 1.31762476e1 1.31762476e1
-2.0769315e0 -2.0769315e0 1.09802493e1 1.09802493e1
-1.9230867e0 -2.0769315e0 8.9410849e0 8.9410849e0
-1.769242e0 -2.0769315e0 7.0587798e0 7.0587798e0
-1.6153972e0 -2.0769315e0 5.3333438e0 5.3333438e0
-1.4615524e0 -2.0769315e0 3.7647519e0 3.7647519e0
-1.3077077e0 -2.0769315e0 2.35301422e0 2.35301422e0
-1.1538629e0 -2.0769315e0 1.09814577e0 1.09814577e0
-1.0000182e0 -2.0769315e0 1.2127946e-4 1.2127946e-4
-8.461734e-1 -2.0769315e0 -9.4104439e-1 -9.4104439e-1
-6.923285e-1 -2.0769315e0 -1.72535349e0 -1.72535349e0
-5.3848361e-1 -2.0769315e0 -2.35280591e0 -2.35280591e0
-3.8463872e-1 -2.0769315e0 -2.82340219e0 -2.82340219e0
-2.3079382e-1 -2.0769315e0 -3.1371423e0 -3.1371423e0
-7.694893e-2 -2.0769315e0 -3.29402576e0 -3.29402576e0
7.689597e-2 -2.0769315e0 -3.29405257e0 -3.29405257e0
2.3074086e-1 -2.0769315e0 -3.1372232e0 -3.1372232e0
3.8458575e-1 -2.0769315e0 -2.82353719e0 -2.82353719e0
5.3843065e-1 -2.0769315e0 -2.35299501e0 -2.35299501e0
6.9227554e-1 -2.0769315e0 -1.72559618e0 -1.72559618e0
8.4612044e-1 -2.0769315e0 -9.4134119e-1 -9.4134119e-1
9.9996533e-1 -2.0769315e0 -2.29635672e-4 -2.29635672e-4
1.15381023e0 -2.0769315e0 1.09773622e0 1.09773622e0
1.307655e0 -2.0769315e0 2.35256422e0 2.35256422e0
1.4614998e0 -2.0769315e0 3.7642462e0 3.7642462e0
1.6153445e0 -2.0769315e0 5.3327724e0 5.3327724e0
1.7691893e0 -2.0769315e0 7.0581679e0 7.0581679e0
1.923034e0 -2.0769315e0 8.9404225e0 8.9404225e0
2.0768788e0 -2.0769315e0 1.09795111e1 1.09795111e1
2.2307236e0 -2.0769315e0 1.31754791e1 1.31754791e1
2.3845683e0 -2.0769315e0 1.55283011e1 1.55283011e1
2.5384131e0 -2.0769315e0 1.80379572e1 1.80379572e1
2.6922578e0 -2.0769315e0 2.07044926e1 2.07044926e1
2.8461026e0 -2.0769315e0 2.35278873e1 2.35278873e1
2.9999474e0 -2.0769315e0 2.6508136e1 2.6508136e1

-3.0e0 -1.9230867e0 2.15860962e1 2.15860962e1
-2.8461552e0 -1.9230867e0 1.91592702e1 1.91592702e1
-2.6923105e0 -1.9230867e0 1.68601974e1 1.68601974e1
-2.5384657e0 -1.9230867e0 1.46888245e1 1.46888245e1
-2.384621e0 -1.9230867e0 1.26451758e1 1.26451758e1
-2.2307762e0 -1.9230867e0 1.072926e1 1.072926e1
-2.0769315e0 -1.9230867e0 8.9410849e0 8.9410849e0
-1.9230867e0 -1.9230867e0 7.2806178e0 7.2806178e0
-1.769242e0 -1.9230867e0 5.7478793e0 5.7478793e0
-1.6153972e0 -1.9230867e0 4.3428777e0 4.3428777e0
-1.4615524e0 -1.9230867e0 3.0655922e0 3.0655922e0
-1.3077077e0 -1.9230867e0 1.91603117e0 1.91603117e0
-1.1538629e0 -1.9230867e0 8.942069e-1 8.942069e-1
-1.0000182e0 -1.9230867e0 9.8756406e-5 9.8756406e-5
-8.461734e-1 -1.9230867e0 -7.6628113e-1 -7.6628113e-1
-6.923285e-1 -1.9230867e0 -1.40493459e0 -1.40493459e0
-5.3848361e-1 -1.9230867e0 -1.91586154e0 -1.91586154e0
-3.8463872e-1 -1.9230867e0 -2.29906244e0 -2.29906244e0
-2.3079382e-1 -1.9230867e0 -2.55453723e0 -2.55453723e0
-7.694893e-2 -1.9230867e0 -2.68228555e0 -2.68228555e0
7.689597e-2 -1.9230867e0 -2.68230737e0 -2.68230737e0
2.3074086e-1 -1.9230867e0 -2.55460312e0 -2.55460312e0
3.8458575e-1 -1.9230867e0 -2.29917236e0 -2.29917236e0
5.3843065e-1 -1.9230867e0 -1.91601553e0 -1.91601553e0
6.9227554e-1 -1.9230867e0 -1.40513222e0 -1.40513222e0
8.4612044e-1 -1.9230867e0 -7.6652281e-1 -7.6652281e-1
9.9996533e-1 -1.9230867e0 -1.86989566e-4 -1.86989566e-4
1.15381023e0 -1.9230867e0 8.938734e-1 8.938734e-1
1.307655e0 -1.9230867e0 1.91566475e0 1.91566475e0
1.4614998e0 -1.9230867e0 3.0651805e0 3.0651805e0
1.6153445e0 -1.9230867e0 4.3424124e0 4.3424124e0
1.7691893e0 -1.9230867e0 5.7473811e0 5.7473811e0
1.923034e0 -1.9230867e0 7.2800786e0 7.2800786e0
2.0768788e0 -1.9230867e0 8.9404839e0 8.9404839e0
2.2307236e0 -1.9230867e0 1.0728634e1 1.0728634e1
2.3845683e0 -1.9230867e0 1.26445088e1 1.26445088e1
2.5384131e0 -1.9230867e0 1.46880916e1 1.46880916e1
2.6922578e0 -1.9230867e0 1.68594193e1 1.68594193e1
2.8461026e0 -1.9230867e0 1.91584755e1 1.91584755e1
2.9999474e0 -1.9230867e0 2.15852562e1 2.15852562e1

-3.0e0 -1.769242e0 1.70417236e1 1.70417236e1
-2.8461552e0 -1.769242e0 1.51258006e1 1.51258006e1
-2.6923105e0 -1.769242e0 1.33107358e1 1.33107358e1
-2.5384657e0 -1.769242e0 1.15964871e1 1.15964871e1
-2.384621e0 -1.769242e0 9.9830737e0 9.9830737e0
-2.2307762e0 -1.769242e0 8.4705025e0 8.4705025e0
-2.0769315e0 -1.769242e0 7.0587798e0 7.0587798e0
-1.9230867e0 -1.769242e0 5.7478793e0 5.7478793e0
-1.769242e0 -1.769242e0 4.5378178e0 4.5378178e0
-1.6153972e0 -1.769242e0 3.4286015e0 3.4286015e0
-1.4615524e0 -1.769242e0 2.4202141e0 2.4202141e0
-1.3077077e0 -1.769242e0 1.5126623e0 1.5126623e0
-1.1538629e0 -1.769242e0 7.0595566e-1 7.0595566e-1
-1.0000182e0 -1.769242e0 7.7965898e-5 7.7965898e-5
-8.461734e-1 -1.769242e0 -6.0496123e-1 -6.0496123e-1
-6.923285e-1 -1.769242e0 -1.10916336e0 -1.10916336e0
-5.3848361e-1 -1.769242e0 -1.51252838e0 -1.51252838e0
-3.8463872e-1 -1.769242e0 -1.81505661e0 -1.81505661e0
-2.3079382e-1 -1.769242e0 -2.01674806e0 -2.01674806e0
-7.694893e-2 -1.769242e0 -2.1176024e0 -2.1176024e0
7.689597e-2 -1.769242e0 -2.11761963e0 -2.11761963e0
2.3074086e-1 -1.769242e0 -2.01680006e0 -2.01680006e0
3.8458575e-1 -1.769242e0 -1.8151434e0 -1.8151434e0
5.3843065e-1 -1.769242e0 -1.51264995e0 -1.51264995e0
6.9227554e-1 -1.769242e0 -1.10931938e0 -1.10931938e0
8.4612044e-1 -1.769242e0 -6.0515202e-1 -6.0515202e-1
9.9996533e-1 -1.769242e0 -1.47623936e-4 -1.47623936e-4
1.15381023e0 -1.769242e0 7.0569237e-1 7.0569237e-1
1.307655e0 -1.769242e0 1.512373e0 1.512373e0
1.4614998e0 -1.769242e0 2.419889e0 2.419889e0
1.6153445e0 -1.769242e0 3.4282341e0 3.4282341e0
1.7691893e0 -1.769242e0 4.5374245e0 4.5374245e0
1.923034e0 -1.769242e0 5.7474536e0 5.7474536e0
2.0768788e0 -1.769242e0 7.0583052e0 7.0583052e0
2.2307236e0 -1.769242e0 8.4700084e0 8.4700084e0
2.3845683e0 -1.769242e0 9.9825471e0 9.9825471e0
2.5384131e0 -1.769242e0 1.15959085e1 1.15959085e1
2.6922578e0 -1.769242e0 1.33101215e1 1.33101215e1
2.8461026e0 -1.769242e0 1.51251732e1 1.51251732e1
2.9999474e0 -1.769242e0 1.70410605e1 1.70410605e1

-3.0e0 -1.6153972e0 1.28760742e1 1.28760742e1
-2.8461552e0 -1.6153972e0 1.14284761e1 1.14284761e1
-2.6923105e0 -1.6153972e0 1.00570825e1 1.00570825e1
-2.5384657e0 -1.6153972e0 8.7618619e0 8.7618619e0
-2.384621e0 -1.6153972e0 7.5428285e0 7.5428285e0
-2.2307762e0 -1.6153972e0 6.3999875e0 6.3999875e0
-2.0769315e0 -1.6153972e0 5.3333438e0 5.3333438e0
-1.9230867e0 -1.6153972e0 4.3428777e0 4.3428777e0
-1.769242e0 -1.6153972e0 3.4286015e0 3.4286015e0
-1.6153972e0 -1.6153972e0 2.59052e0 2.59052e0
-1.4615524e0 -1.6153972e0 1.828621e0 1.828621e0
-1.3077077e0 -1.6153972e0 1.14290974e0 1.14290974e0
-1.1538629e0 -1.6153972e0 5.3339308e-1 5.3339308e-1
-1.0000182e0 -1.6153972e0 5.8908049e-5 5.8908049e-5
-8.461734e-1 -1.6153972e0 -4.5708554e-1 -4.5708554e-1
-6.923285e-1 -1.6153972e0 -8.3804138e-1 -8.3804138e-1
-5.3848361e-1 -1.6153972e0 -1.14280856e0 -1.14280856e0
-3.8463872e-1 -1.6153972e0 -1.37138731e0 -1.37138731e0
-2.3079382e-1 -1.6153972e0 -1.52377765e0 -1.52377765e0
-7.694893e-2 -1.6153972e0 -1.59997934e0 -1.59997934e0
7.689597e-2 -1.6153972e0 -1.59999236e0 -1.59999236e0
2.3074086e-1 -1.6153972e0 -1.52381696e0 -1.52381696e0
3.8458575e-1 -1.6153972e0 -1.37145288e0 -1.37145288e0
5.3843065e-1 -1.6153972e0 -1.1429004e0 -1.1429004e0
6.9227554e-1 -1.6153972e0 -8.3815927e-1 -8.3815927e-1
8.4612044e-1 -1.6153972e0 -4.572297e-1 -4.572297e-1
9.9996533e-1 -1.6153972e0 -1.11538997e-4 -1.11538997e-4
1.15381023e0 -1.6153972e0 5.3319415e-1 5.3319415e-1
1.307655e0 -1.6153972e0 1.14269116e0 1.14269116e0
1.4614998e0 -1.6153972e0 1.8283755e0 1.8283755e0
1.6153445e0 -1.6153972e0 2.5902425e0 2.5902425e0
1.7691893e0 -1.6153972e0 3.4283043e0 3.4283043e0
1.923034e0 -1.6153972e0 4.342556e0 4.342556e0
2.0768788e0 -1.6153972e0 5.3329852e0 5.3329852e0
2.2307236e0 -1.6153972e0 6.3996143e0 6.3996143e0
2.3845683e0 -1.6153972e0 7.5424306e0 7.5424306e0
2.5384131e0 -1.6153972e0 8.7614247e0 8.7614247e0
2.6922578e0 -1.6153972e0 1.00566185e1 1.00566185e1
2.8461026e0 -1.6153972e0 1.1428002e1 1.1428002e1
2.9999474e0 -1.6153972e0 1.28755731e1 1.28755731e1

-3.0e0 -1.4615524e0 9.0890869e0 9.0890869e0
-2.8461552e0 -1.4615524e0 8.0672424e0 8.0672424e0
-2.6923105e0 -1.4615524e0 7.09919e0 7.09919e0
-2.5384657e0 -1.4615524e0 6.184907e0 6.184907e0
-2.384621e0 -1.4615524e0 5.3244041e0 5.3244041e0
-2.2307762e0 -1.4615524e0 4.5176846e0 4.5176846e0
-2.0769315e0 -1.4615524e0 3.7647519e0 3.7647519e0
-1.9230867e0 -1.4615524e0 3.0655922e0 3.0655922e0
-1.769242e0 -1.4615524e0 2.4202141e0 2.4202141e0
-1.6153972e0 -1.4615524e0 1.828621e0 1.828621e0
-1.4615524e0 -1.4615524e0 1.2908046e0 1.2908046e0
-1.3077077e0 -1.4615524e0 8.067681e-1 8.067681e-1
-1.1538629e0 -1.4615524e0 3.7651662e-1 3.7651662e-1
-1.0000182e0 -1.4615524e0 4.1582579e-5 4.1582579e-5
-8.461734e-1 -1.4615524e0 -3.2265193e-1 -3.2265193e-1
-6.923285e-1 -1.4615524e0 -5.915647e-1 -5.915647e-1
-5.3848361e-1 -1.4615524e0 -8.0669667e-1 -8.0669667e-1
-3.8463872e-1 -1.4615524e0 -9.6804805e-1 -9.6804805e-1
-2.3079382e-1 -1.4615524e0 -1.0756188e0 -1.0756188e0
-7.694893e-2 -1.4615524e0 -1.12940877e0 -1.12940877e0
7.689597e-2 -1.4615524e0 -1.12941795e0 -1.12941795e0
2.3074086e-1 -1.4615524e0 -1.07564655e0 -1.07564655e0
3.8458575e-1 -1.4615524e0 -9.6809433e-1 -9.6809433e-1
5.3843065e-1 -1.4615524e0 -8.067615e-1 -8.067615e-1
6.9227554e-1 -1.4615524e0 -5.916479e-1 -5.916479e-1
8.4612044e-1 -1.4615524e0 -3.227537e-1 -3.227537e-1
9.9996533e-1 -1.4615524e0 -7.8734218e-5 -7.8734218e-5
1.15381023e0 -1.4615524e0 3.763762e-1 3.763762e-1
1.307655e0 -1.4615524e0 8.0661382e-1 8.0661382e-1
1.4614998e0 -1.4615524e0 1.2906313e0 1.2906313e0
1.6153445e0 -1.4615524e0 1.8284253e0 1.8284253e0
1.7691893e0 -1.4615524e0 2.4200043e0 2.4200043e0
1.923034e0 -1.4615524e0 3.0653651e0 3.0653651e0
2.0768788e0 -1.4615524e0 3.7644987e0 3.7644987e0
2.2307236e0 -1.4615524e0 4.5174211e0 4.5174211e0
2.3845683e0 -1.4615524e0 5.3241234e0 5.3241234e0
2.5384131e0 -1.4615524e0 6.1845985e0 6.1845985e0
2.6922578e0 -1.4615524e0 7.0988623e0 7.0988623e0
2.8461026e0 -1.4615524e0 8.0669078e0 8.0669078e0
2.9999474e0 -1.4615524e0 9.0887332e0 9.0887332e0

-3.0e0 -1.3077077e0 5.68078613e0 5.68078613e0
-2.8461552e0 -1.3077077e0 5.04212134e0 5.04212134e0
-2.6923105e0 -1.3077077e0 4.43707722e0 4.43707722e0
-2.5384657e0 -1.3077077e0 3.8656397e0 3.8656397e0
-2.384621e0 -1.3077077e0 3.32781523e0 3.32781523e0
-2.2307762e0 -1.3077077e0 2.82360602e0 2.82360602e0
-2.0769315e0 -1.3077077e0 2.35301422e0 2.35301422e0
-1.9230867e0 -1.3077077e0 1.91603117e0 1.91603117e0
-1.769242e0 -1.3077077e0 1.5126623e0 1.5126623e0
-1.6153972e0 -1.3077077e0 1.14290974e0 1.14290974e0
-1.4615524e0 -1.3077077e0 8.067681e-1 8.067681e-1
-1.3077077e0 -1.3077077e0 5.04239548e-1 5.04239548e-1
-1.1538629e0 -1.3077077e0 2.3532732e-1 2.3532732e-1
-1.0000182e0 -1.3077077e0 2.59896008e-5 2.59896008e-5
-8.461734e-1 -1.3077077e0 -2.01661253e-1 -2.01661253e-1
-6.923285e-1 -1.3077077e0 -3.6973489e-1 -3.6973489e-1
-5.3848361e-1 -1.3077077e0 -5.04194907e-1 -5.04194907e-1
-3.8463872e-1 -1.3077077e0 -6.05041408e-1 -6.05041408e-1
-2.3079382e-1 -1.3077077e0 -6.72274394e-1 -6.72274394e-1
-7.694893e-2 -1.3077077e0 -7.05893759e-1 -7.05893759e-1
7.689597e-2 -1.3077077e0 -7.05899503e-1 -7.05899503e-1
2.3074086e-1 -1.3077077e0 -6.72291731e-1 -6.72291731e-1
3.8458575e-1 -1.3077077e0 -6.05070337e-1 -6.05070337e-1
5.3843065e-1 -1.3077077e0 -5.0423543e-1 -5.0423543e-1
6.9227554e-1 -1.3077077e0 -3.697869e-1 -3.697869e-1
8.4612044e-1 -1.3077077e0 -2.01724857e-1 -2.01724857e-1
9.9996533e-1 -1.3077077e0 -4.9209812e-5 -4.9209812e-5
1.15381023e0 -1.3077077e0 2.35239554e-1 2.35239554e-1
1.307655e0 -1.3077077e0 5.04143114e-1 5.04143114e-1
1.4614998e0 -1.3077077e0 8.0665974e-1 8.0665974e-1
1.6153445e0 -1.3077077e0 1.14278731e0 1.14278731e0
1.7691893e0 -1.3077077e0 1.51253119e0 1.51253119e0
1.923034e0 -1.3077077e0 1.91588924e0 1.91588924e0
2.0768788e0 -1.3077077e0 2.35285603e0 2.35285603e0
2.2307236e0 -1.3077077e0 2.82344133e0 2.82344133e0
2.3845683e0 -1.3077077e0 3.3276397e0 3.3276397e0
2.5384131e0 -1.3077077e0 3.86544682e0 3.86544682e0
2.6922578e0 -1.3077077e0 4.43687244e0 4.43687244e0
2.8461026e0 -1.3077077e0 5.04191222e0 5.04191222e0
2.9999474e0 -1.3077077e0 5.68056508e0 5.68056508e0

-3.0e0 -1.1538629e0 2.6512085e0 2.6512085e0
-2.8461552e0 -1.1538629e0 2.35314525e0 2.35314525e0
-2.6923105e0 -1.1538629e0 2.07077269e0 2.07077269e0
-2.5384657e0 -1.1538629e0 1.80408424e0 1.80408424e0
-2.384621e0 -1.1538629e0 1.55308293e0 1.55308293e0
-2.2307762e0 -1.1538629e0 1.31776978e0 1.31776978e0
-2.0769315e0 -1.1538629e0 1.09814577e0 1.09814577e0
-1.9230867e0 -1.1538629e0 8.942069e-1 8.942069e-1
-1.769242e0 -1.1538629e0 7.0595566e-1 7.0595566e-1
-1.6153972e0 -1.1538629e0 5.3339308e-1 5.3339308e-1
-1.4615524e0 -1.1538629e0 3.7651662e-1 3.7651662e-1
-1.3077077e0 -1.1538629e0 2.3532732e-1 2.3532732e-1
-1.1538629e0 -1.1538629e0 1.09826663e-1 1.09826663e-1
-1.0000182e0 -1.1538629e0 1.21292809e-5 1.21292809e-5
-8.461734e-1 -1.1538629e0 -9.4114796e-2 -9.4114796e-2
-6.923285e-1 -1.1538629e0 -1.72554337e-1 -1.72554337e-1
-5.3848361e-1 -1.1538629e0 -2.35306485e-1 -2.35306485e-1
-3.8463872e-1 -1.1538629e0 -2.82371292e-1 -2.82371292e-1
-2.3079382e-1 -1.1538629e0 -3.13748756e-1 -3.13748756e-1
-7.694893e-2 -1.1538629e0 -3.29438829e-1 -3.29438829e-1
7.689597e-2 -1.1538629e0 -3.29441508e-1 -3.29441508e-1
2.3074086e-1 -1.1538629e0 -3.13756847e-1 -3.13756847e-1
3.8458575e-1 -1.1538629e0 -2.82384793e-1 -2.82384793e-1
5.3843065e-1 -1.1538629e0 -2.35325397e-1 -2.35325397e-1
6.9227554e-1 -1.1538629e0 -1.72578609e-1 -1.72578609e-1
8.4612044e-1 -1.1538629e0 -9.414448e-2 -9.414448e-2
9.9996533e-1 -1.1538629e0 -2.29660945e-5 -2.29660945e-5
1.15381023e0 -1.1538629e0 1.09785703e-1 1.09785703e-1
1.307655e0 -1.1538629e0 2.35282314e-1 2.35282314e-1
1.4614998e0 -1.1538629e0 3.7646605e-1 3.7646605e-1
1.6153445e0 -1.1538629e0 5.3333594e-1 5.3333594e-1
1.7691893e0 -1.1538629e0 7.0589447e-1 7.0589447e-1
1.923034e0 -1.1538629e0 8.9414066e-1 8.9414066e-1
2.0768788e0 -1.1538629e0 1.09807195e0 1.09807195e0
2.2307236e0 -1.1538629e0 1.31769292e0 1.31769292e0
2.3845683e0 -1.1538629e0 1.553001e0 1.553001e0
2.5384131e0 -1.1538629e0 1.80399423e0 1.80399423e0
2.6922578e0 -1.1538629e0 2.07067712e0 2.07067712e0
2.8461026e0 -1.1538629e0 2.35304765e0 2.35304765e0
2.9999474e0 -1.1538629e0 2.65110533e0 2.65110533e0

-3.0e0 -1.0000182e0 2.92800049e-4 2.92800049e-4
-2.8461552e0 -1.0000182e0 2.59881879e-4 2.59881879e-4
-2.6923105e0 -1.0000182e0 2.28696591e-4 2.28696591e-4
-2.5384657e0 -1.0000182e0 1.9924346e-4 1.9924346e-4
-2.384621e0 -1.0000182e0 1.71522821e-4 1.71522821e-4
-2.2307762e0 -1.0000182e0 1.45534784e-4 1.45534784e-4
-2.0769315e0 -1.0000182e0 1.2127946e-4 1.2127946e-4
-1.9230867e0 -1.0000182e0 9.8756406e-5 9.8756406e-5
-1.769242e0 -1.0000182e0 7.7965898e-5 7.7965898e-5
-1.6153972e0 -1.0000182e0 5.8908049e-5 5.8908049e-5
-1.4615524e0 -1.0000182e0 4.1582579e-5 4.1582579e-5
-1.3077077e0 -1.0000182e0 2.59896008e-5 2.59896008e-5
-1.1538629e0 -1.0000182e0 1.21292809e-5 1.21292809e-5
-1.0000182e0 -1.0000182e0 1.33956044e-9 1.33956044e-9
-8.461734e-1 -1.0000182e0 -1.03940587e-5 -1.03940587e-5
-6.923285e-1 -1.0000182e0 -1.9056939e-5 -1.9056939e-5
-5.3848361e-1 -1.0000182e0 -2.59873e-5 -2.59873e-5
-3.8463872e-1 -1.0000182e0 -3.11851476e-5 -3.11851476e-5
-2.3079382e-1 -1.0000182e0 -3.46504816e-5 -3.46504816e-5
-7.694893e-2 -1.0000182e0 -3.63832967e-5 -3.63832967e-5
7.689597e-2 -1.0000182e0 -3.63835927e-5 -3.63835927e-5
2.3074086e-1 -1.0000182e0 -3.46513751e-5 -3.46513751e-5
3.8458575e-1 -1.0000182e0 -3.11866386e-5 -3.11866386e-5
5.3843065e-1 -1.0000182e0 -2.59893886e-5 -2.59893886e-5
6.9227554e-1 -1.0000182e0 -1.90596196e-5 -1.90596196e-5
8.4612044e-1 -1.0000182e0 -1.0397337e-5 -1.0397337e-5
9.9996533e-1 -1.0000182e0 -2.53638052e-9 -2.53638052e-9
1.15381023e0 -1.0000182e0 1.21247572e-5 1.21247572e-5
1.307655e0 -1.0000182e0 2.59846304e-5 2.59846304e-5
1.4614998e0 -1.0000182e0 4.1576994e-5 4.1576994e-5
1.6153445e0 -1.0000182e0 5.8901738e-5 5.8901738e-5
1.7691893e0 -1.0000182e0 7.795914e-5 7.795914e-5
1.923034e0 -1.0000182e0 9.8749089e-5 9.8749089e-5
2.0768788e0 -1.0000182e0 1.21271307e-4 1.21271307e-4
2.2307236e0 -1.0000182e0 1.45526294e-4 1.45526294e-4
2.3845683e0 -1.0000182e0 1.71513773e-4 1.71513773e-4
2.5384131e0 -1.0000182e0 1.99233519e-4 1.99233519e-4
2.6922578e0 -1.0000182e0 2.28686037e-4 2.28686037e-4
2.8461026e0 -1.0000182e0 2.598711e-4 2.598711e-4
2.9999474e0 -1.0000182e0 2.92788655e-4 2.92788655e-4

-3.0e0 -8.461734e-1 -2.27192505e0 -2.27192505e0
-2.8461552e0 -8.461734e-1 -2.01650291e0 -2.01650291e0
-2.6923105e0 -8.461734e-1 -1.77452673e0 -1.77452673e0
-2.5384657e0 -8.461734e-1 -1.54599089e0 -1.54599089e0
-2.384621e0 -8.461734e-1 -1.33089798e0 -1.33089798e0
-2.2307762e0 -8.461734e-1 -1.12924886e0 -1.12924886e0
-2.0769315e0 -8.461734e-1 -9.4104439e-1 -9.4104439e-1
-1.9230867e0 -8.461734e-1 -7.6628113e-1 -7.6628113e-1
-1.769242e0 -8.461734e-1 -6.0496123e-1 -6.0496123e-1
-1.6153972e0 -8.461734e-1 -4.5708554e-1 -4.5708554e-1
-1.4615524e0 -8.461734e-1 -3.2265193e-1 -3.2265193e-1
-1.3077077e0 -8.461734e-1 -2.01661253e-1 -2.01661253e-1
-1.1538629e0 -8.461734e-1 -9.4114796e-2 -9.4114796e-2
-1.0000182e0 -8.461734e-1 -1.03940587e-5 -1.03940587e-5
-8.461734e-1 -8.461734e-1 8.0650677e-2 8.0650677e-2
-6.923285e-1 -8.461734e-1 1.47868611e-1 1.47868611e-1
-5.3848361e-1 -8.461734e-1 2.016434e-1 2.016434e-1
-3.8463872e-1 -8.461734e-1 2.41975089e-1 2.41975089e-1
-2.3079382e-1 -8.461734e-1 2.68863675e-1 2.68863675e-1
-7.694893e-2 -8.461734e-1 2.82309116e-1 2.82309116e-1
7.689597e-2 -8.461734e-1 2.82311412e-1 2.82311412e-1
2.3074086e-1 -8.461734e-1 2.68870609e-1 2.68870609e-1
3.8458575e-1 -8.461734e-1 2.41986658e-1 2.41986658e-1
5.3843065e-1 -8.461734e-1 2.01659607e-1 2.01659607e-1
6.9227554e-1 -8.461734e-1 1.47889412e-1 1.47889412e-1
8.4612044e-1 -8.461734e-1 8.0676114e-2 8.0676114e-2
9.9996533e-1 -8.461734e-1 1.96805515e-5 1.96805515e-5
1.15381023e0 -8.461734e-1 -9.4079695e-2 -9.4079695e-2
1.307655e0 -8.461734e-1 -2.01622687e-1 -2.01622687e-1
1.4614998e0 -8.461734e-1 -3.226086e-1 -3.226086e-1
1.6153445e0 -8.461734e-1 -4.5703658e-1 -4.5703658e-1
1.7691893e0 -8.461734e-1 -6.0490878e-1 -6.0490878e-1
1.923034e0 -8.461734e-1 -7.6622437e-1 -7.6622437e-1
2.0768788e0 -8.461734e-1 -9.4098112e-1 -9.4098112e-1
2.2307236e0 -8.461734e-1 -1.12918298e0 -1.12918298e0
2.3845683e0 -8.461734e-1 -1.33082777e0 -1.33082777e0
2.5384131e0 -8.461734e-1 -1.54591376e0 -1.54591376e0
2.6922578e0 -8.461734e-1 -1.77444484e0 -1.77444484e0
2.8461026e0 -8.461734e-1 -2.01641928e0 -2.01641928e0
2.9999474e0 -8.461734e-1 -2.27183664e0 -2.27183664e0

-3.0e0 -6.923285e-1 -4.16545044e0 -4.16545044e0
-2.8461552e0 -6.923285e-1 -3.6971479e0 -3.6971479e0
-2.6923105e0 -6.923285e-1 -3.25349782e0 -3.25349782e0
-2.5384657e0 -6.923285e-1 -2.83448984e0 -2.83448984e0
-2.384621e0 -6.923285e-1 -2.44012872e0 -2.44012872e0
-2.2307762e0 -6.923285e-1 -2.07041608e0 -2.07041608e0
-2.0769315e0 -6.923285e-1 -1.72535349e0 -1.72535349e0
-1.9230867e0 -6.923285e-1 -1.40493459e0 -1.40493459e0
-1.769242e0 -6.923285e-1 -1.10916336e0 -1.10916336e0
-1.6153972e0 -6.923285e-1 -8.3804138e-1 -8.3804138e-1
-1.4615524e0 -6.923285e-1 -5.915647e-1 -5.915647e-1
-1.3077077e0 -6.923285e-1 -3.6973489e-1 -3.6973489e-1
-1.1538629e0 -6.923285e-1 -1.72554337e-1 -1.72554337e-1
-1.0000182e0 -6.923285e-1 -1.9056939e-5 -1.9056939e-5
-8.461734e-1 -6.923285e-1 1.47868611e-1 1.47868611e-1
-6.923285e-1 -6.923285e-1 2.71109021e-1 2.71109021e-1
-5.3848361e-1 -6.923285e-1 3.69702158e-1 3.69702158e-1
-3.8463872e-1 -6.923285e-1 4.43648103e-1 4.43648103e-1
-2.3079382e-1 -6.923285e-1 4.92946857e-1 4.92946857e-1
-7.694893e-2 -6.923285e-1 5.1759834e-1 5.1759834e-1
7.689597e-2 -6.923285e-1 5.1760255e-1 5.1760255e-1
2.3074086e-1 -6.923285e-1 4.92959569e-1 4.92959569e-1
3.8458575e-1 -6.923285e-1 4.43669316e-1 4.43669316e-1
5.3843065e-1 -6.923285e-1 3.69731873e-1 3.69731873e-1
6.9227554e-1 -6.923285e-1 2.71147156e-1 2.71147156e-1
8.4612044e-1 -6.923285e-1 1.47915248e-1 1.47915248e-1
9.9996533e-1 -6.923285e-1 3.6083216e-5 3.6083216e-5
1.15381023e0 -6.923285e-1 -1.72489983e-1 -1.72489983e-1
1.307655e0 -6.923285e-1 -3.69664182e-1 -3.69664182e-1
1.4614998e0 -6.923285e-1 -5.9148524e-1 -5.9148524e-1
1.6153445e0 -6.923285e-1 -8.379516e-1 -8.379516e-1
1.7691893e0 -6.923285e-1 -1.10906721e0 -1.10906721e0
1.923034e0 -6.923285e-1 -1.4048305e0 -1.4048305e0
2.0768788e0 -6.923285e-1 -1.72523749e0 -1.72523749e0
2.2307236e0 -6.923285e-1 -2.07029532e0 -2.07029532e0
2.3845683e0 -6.923285e-1 -2.44000002e0 -2.44000002e0
2.5384131e0 -6.923285e-1 -2.8343484e0 -2.8343484e0
2.6922578e0 -6.923285e-1 -3.25334766e0 -3.25334766e0
2.8461026e0 -6.923285e-1 -3.69699457e0 -3.69699457e0
2.9999474e0 -6.923285e-1 -4.16528836e0 -4.16528836e0

-3.0e0 -5.3848361e-1 -5.6802832e0 -5.6802832e0
-2.8461552e0 -5.3848361e-1 -5.04167496e0 -5.04167496e0
-2.6923105e0 -5.3848361e-1 -4.4366844e0 -4.4366844e0
-2.5384657e0 -5.3848361e-1 -3.86529745e0 -3.86529745e0
-2.384621e0 -5.3848361e-1 -3.32752061e0 -3.32752061e0
-2.2307762e0 -5.3848361e-1 -2.82335605e0 -2.82335605e0
-2.0769315e0 -5.3848361e-1 -2.35280591e0 -2.35280591e0
-1.9230867e0 -5.3848361e-1 -1.91586154e0 -1.91586154e0
-1.769242e0 -5.3848361e-1 -1.51252838e0 -1.51252838e0
-1.6153972e0 -5.3848361e-1 -1.14280856e0 -1.14280856e0
-1.4615524e0 -5.3848361e-1 -8.0669667e-1 -8.0669667e-1
-1.3077077e0 -5.3848361e-1 -5.04194907e-1 -5.04194907e-1
-1.1538629e0 -5.3848361e-1 -2.35306485e-1 -2.35306485e-1
-1.0000182e0 -5.3848361e-1 -2.59873e-5 -2.59873e-5
-8.461734e-1 -5.3848361e-1 2.016434e-1 2.016434e-1
-6.923285e-1 -5.3848361e-1 3.69702158e-1 3.69702158e-1
-5.3848361e-1 -5.3848361e-1 5.04150269e-1 5.04150269e-1
-3.8463872e-1 -5.3848361e-1 6.04987842e-1 6.04987842e-1
-2.3079382e-1 -5.3848361e-1 6.72214877e-1 6.72214877e-1
-7.694893e-2 -5.3848361e-1 7.05831265e-1 7.05831265e-1
7.689597e-2 -5.3848361e-1 7.05837007e-1 7.05837007e-1
2.3074086e-1 -5.3848361e-1 6.72232211e-1 6.72232211e-1
3.8458575e-1 -5.3848361e-1 6.0501677e-1 6.0501677e-1
5.3843065e-1 -5.3848361e-1 5.0419079e-1 5.0419079e-1
6.9227554e-1 -5.3848361e-1 3.69754163e-1 3.69754163e-1
8.4612044e-1 -5.3848361e-1 2.01706998e-1 2.01706998e-1
9.9996533e-1 -5.3848361e-1 4.92054553e-5 4.92054553e-5
1.15381023e0 -5.3848361e-1 -2.35218727e-1 -2.35218727e-1
1.307655e0 -5.3848361e-1 -5.04098482e-1 -5.04098482e-1
1.4614998e0 -5.3848361e-1 -8.0658833e-1 -8.0658833e-1
1.6153445e0 -5.3848361e-1 -1.14268613e0 -1.14268613e0
1.7691893e0 -5.3848361e-1 -1.51239728e0 -1.51239728e0
1.923034e0 -5.3848361e-1 -1.91571962e0 -1.91571962e0
2.0768788e0 -5.3848361e-1 -2.35264774e0 -2.35264774e0
2.2307236e0 -5.3848361e-1 -2.82319136e0 -2.82319136e0
2.3845683e0 -5.3848361e-1 -3.3273451e0 -3.3273451e0
2.5384131e0 -5.3848361e-1 -3.86510461e0 -3.86510461e0
2.6922578e0 -5.3848361e-1 -4.43647963e0 -4.43647963e0
2.8461026e0 -5.3848361e-1 -5.04146585e0 -5.04146585e0
2.9999474e0 -5.3848361e-1 -5.68006218e0 -5.68006218e0

-3.0e0 -3.8463872e-1 -6.81642456e0 -6.81642456e0
-2.8461552e0 -3.8463872e-1 -6.05008514e0 -6.05008514e0
-2.6923105e0 -3.8463872e-1 -5.32408746e0 -5.32408746e0
-2.5384657e0 -3.8463872e-1 -4.6384146e0 -4.6384146e0
-2.384621e0 -3.8463872e-1 -3.99307437e0 -3.99307437e0
-2.2307762e0 -3.8463872e-1 -3.38806937e0 -3.38806937e0
-2.0769315e0 -3.8463872e-1 -2.82340219e0 -2.82340219e0
-1.9230867e0 -3.8463872e-1 -2.29906244e0 -2.29906244e0
-1.769242e0 -3.8463872e-1 -1.81505661e0 -1.81505661e0
-1.6153972e0 -3.8463872e-1 -1.37138731e0 -1.37138731e0
-1.4615524e0 -3.8463872e-1 -9.6804805e-1 -9.6804805e-1
-1.3077077e0 -3.8463872e-1 -6.05041408e-1 -6.05041408e-1
-1.1538629e0 -3.8463872e-1 -2.82371292e-1 -2.82371292e-1
-1.0000182e0 -3.8463872e-1 -3.11851476e-5 -3.11851476e-5
-8.461734e-1 -3.8463872e-1 2.41975089e-1 2.41975089e-1
-6.923285e-1 -3.8463872e-1 4.43648103e-1 4.43648103e-1
-5.3848361e-1 -3.8463872e-1 6.04987842e-1 6.04987842e-1
-3.8463872e-1 -3.8463872e-1 7.25994434e-1 7.25994434e-1
-2.3079382e-1 -3.8463872e-1 8.06667879e-1 8.06667879e-1
-7.694893e-2 -3.8463872e-1 8.47008046e-1 8.47008046e-1
7.689597e-2 -3.8463872e-1 8.47014937e-1 8.47014937e-1
2.3074086e-1 -3.8463872e-1 8.0668868e-1 8.0668868e-1
3.8458575e-1 -3.8463872e-1 7.26029147e-1 7.26029147e-1
5.3843065e-1 -3.8463872e-1 6.05036467e-1 6.05036467e-1
6.9227554e-1 -3.8463872e-1 4.4371051e-1 4.4371051e-1
8.4612044e-1 -3.8463872e-1 2.42051405e-1 2.42051405e-1
9.9996533e-1 -3.8463872e-1 5.90472803e-5 5.90472803e-5
1.15381023e0 -3.8463872e-1 -2.8226598e-1 -2.8226598e-1
1.307655e0 -3.8463872e-1 -6.04925696e-1 -6.04925696e-1
1.4614998e0 -3.8463872e-1 -9.6791803e-1 -9.6791803e-1
1.6153445e0 -3.8463872e-1 -1.3712404e0 -1.3712404e0
1.7691893e0 -3.8463872e-1 -1.81489929e0 -1.81489929e0
1.923034e0 -3.8463872e-1 -2.29889212e0 -2.29889212e0
2.0768788e0 -3.8463872e-1 -2.82321237e0 -2.82321237e0
2.2307236e0 -3.8463872e-1 -3.38787173e0 -3.38787173e0
2.3845683e0 -3.8463872e-1 -3.99286374e0 -3.99286374e0
2.5384131e0 -3.8463872e-1 -4.63818318e0 -4.63818318e0
2.6922578e0 -3.8463872e-1 -5.32384174e0 -5.32384174e0
2.8461026e0 -3.8463872e-1 -6.04983421e0 -6.04983421e0
2.9999474e0 -3.8463872e-1 -6.81615933e0 -6.81615933e0

-3.0e0 -2.3079382e-1 -7.57387451e0 -7.57387451e0
-2.8461552e0 -2.3079382e-1 -6.72237846e0 -6.72237846e0
-2.6923105e0 -2.3079382e-1 -5.91570697e0 -5.91570697e0
-2.5384657e0 -2.3079382e-1 -5.15384125e0 -5.15384125e0
-2.384621e0 -2.3079382e-1 -4.43678998e0 -4.43678998e0
-2.2307762e0 -2.3079382e-1 -3.76455603e0 -3.76455603e0
-2.0769315e0 -2.3079382e-1 -3.1371423e0 -3.1371423e0
-1.9230867e0 -2.3079382e-1 -2.55453723e0 -2.55453723e0
-1.769242e0 -2.3079382e-1 -2.01674806e0 -2.01674806e0
-1.6153972e0 -2.3079382e-1 -1.52377765e0 -1.52377765e0
-1.4615524e0 -2.3079382e-1 -1.0756188e0 -1.0756188e0
-1.3077077e0 -2.3079382e-1 -6.72274394e-1 -6.72274394e-1
-1.1538629e0 -2.3079382e-1 -3.13748756e-1 -3.13748756e-1
-1.0000182e0 -2.3079382e-1 -3.46504816e-5 -3.46504816e-5
-8.461734e-1 -2.3079382e-1 2.68863675e-1 2.68863675e-1
-6.923285e-1 -2.3079382e-1 4.92946857e-1 4.92946857e-1
-5.3848361e-1 -2.3079382e-1 6.72214877e-1 6.72214877e-1
-3.8463872e-1 -2.3079382e-1 8.06667879e-1 8.06667879e-1
-2.3079382e-1 -2.3079382e-1 8.96305861e-1 8.96305861e-1
-7.694893e-2 -2.3079382e-1 9.4112868e-1 9.4112868e-1
7.689597e-2 -2.3079382e-1 9.41136336e-1 9.41136336e-1
2.3074086e-1 -2.3079382e-1 8.96328973e-1 8.96328973e-1
3.8458575e-1 -2.3079382e-1 8.06706448e-1 8.06706448e-1
5.3843065e-1 -2.3079382e-1 6.72268906e-1 6.72268906e-1
6.9227554e-1 -2.3079382e-1 4.93016199e-1 4.93016199e-1
8.4612044e-1 -2.3079382e-1 2.68948473e-1 2.68948473e-1
9.9996533e-1 -2.3079382e-1 6.56086908e-5 6.56086908e-5
1.15381023e0 -2.3079382e-1 -3.13631743e-1 -3.13631743e-1
1.307655e0 -2.3079382e-1 -6.72145825e-1 -6.72145825e-1
1.4614998e0 -2.3079382e-1 -1.07547433e0 -1.07547433e0
1.6153445e0 -2.3079382e-1 -1.52361441e0 -1.52361441e0
1.7691893e0 -2.3079382e-1 -2.01657326e0 -2.01657326e0
1.923034e0 -2.3079382e-1 -2.55434799e0 -2.55434799e0
2.0768788e0 -2.3079382e-1 -3.1369314e0 -3.1369314e0
2.2307236e0 -2.3079382e-1 -3.76433646e0 -3.76433646e0
2.3845683e0 -2.3079382e-1 -4.43655595e0 -4.43655595e0
2.5384131e0 -2.3079382e-1 -5.15358412e0 -5.15358412e0
2.6922578e0 -2.3079382e-1 -5.91543394e0 -5.91543394e0
2.8461026e0 -2.3079382e-1 -6.72209966e0 -6.72209966e0
2.9999474e0 -2.3079382e-1 -7.5735798e0 -7.5735798e0

-3.0e0 -7.694893e-2 -7.95263184e0 -7.95263184e0
-2.8461552e0 -7.694893e-2 -7.05855383e0 -7.05855383e0
-2.6923105e0 -7.694893e-2 -6.21154199e0 -6.21154199e0
-2.5384657e0 -7.694893e-2 -5.4115766e0 -5.4115766e0
-2.384621e0 -7.694893e-2 -4.65866673e0 -4.65866673e0
-2.2307762e0 -7.694893e-2 -3.95281544e0 -3.95281544e0
-2.0769315e0 -7.694893e-2 -3.29402576e0 -3.29402576e0
-1.9230867e0 -7.694893e-2 -2.68228555e0 -2.68228555e0
-1.769242e0 -7.694893e-2 -2.1176024e0 -2.1176024e0
-1.6153972e0 -7.694893e-2 -1.59997934e0 -1.59997934e0
-1.4615524e0 -7.694893e-2 -1.12940877e0 -1.12940877e0
-1.3077077e0 -7.694893e-2 -7.05893759e-1 -7.05893759e-1
-1.1538629e0 -7.694893e-2 -3.29438829e-1 -3.29438829e-1
-1.0000182e0 -7.694893e-2 -3.63832967e-5 -3.63832967e-5
-8.461734e-1 -7.694893e-2 2.82309116e-1 2.82309116e-1
-6.923285e-1 -7.694893e-2 5.1759834e-1 5.1759834e-1
-5.3848361e-1 -7.694893e-2 7.05831265e-1 7.05831265e-1
-3.8463872e-1 -7.694893e-2 8.47008046e-1 8.47008046e-1
-2.3079382e-1 -7.694893e-2 9.4112868e-1 9.4112868e-1
-7.694893e-2 -7.694893e-2 9.88193016e-1 9.88193016e-1
7.689597e-2 -7.694893e-2 9.88201056e-1 9.88201056e-1
2.3074086e-1 -7.694893e-2 9.4115295e-1 9.4115295e-1
3.8458575e-1 -7.694893e-2 8.47048546e-1 8.47048546e-1
5.3843065e-1 -7.694893e-2 7.05887996e-1 7.05887996e-1
6.9227554e-1 -7.694893e-2 5.17671149e-1 5.17671149e-1
8.4612044e-1 -7.694893e-2 2.82398155e-1 2.82398155e-1
9.9996533e-1 -7.694893e-2 6.88896762e-5 6.88896762e-5
1.15381023e0 -7.694893e-2 -3.29315964e-1 -3.29315964e-1
1.307655e0 -7.694893e-2 -7.0575876e-1 -7.0575876e-1
1.4614998e0 -7.694893e-2 -1.1292571e0 -1.1292571e0
1.6153445e0 -7.694893e-2 -1.59980792e0 -1.59980792e0
1.7691893e0 -7.694893e-2 -2.11741885e0 -2.11741885e0
1.923034e0 -7.694893e-2 -2.68208684e0 -2.68208684e0
2.0768788e0 -7.694893e-2 -3.2938043e0 -3.2938043e0
2.2307236e0 -7.694893e-2 -3.95258488e0 -3.95258488e0
2.3845683e0 -7.694893e-2 -4.658421e0 -4.658421e0
2.5384131e0 -7.694893e-2 -5.4113066e0 -5.4113066e0
2.6922578e0 -7.694893e-2 -6.21125531e0 -6.21125531e0
2.8461026e0 -7.694893e-2 -7.05826108e0 -7.05826108e0
2.9999474e0 -7.694893e-2 -7.95232239e0 -7.95232239e0

-3.0e0 7.689597e-2 -7.95269653e0 -7.95269653e0
-2.8461552e0 7.689597e-2 -7.05861125e0 -7.05861125e0
-2.6923105e0 7.689597e-2 -6.21159253e0 -6.21159253e0
-2.5384657e0 7.689597e-2 -5.41162062e0 -5.41162062e0
-2.384621e0 7.689597e-2 -4.65870464e0 -4.65870464e0
-2.2307762e0 7.689597e-2 -3.9528476e0 -3.9528476e0
-2.0769315e0 7.689597e-2 -3.29405257e0 -3.29405257e0
-1.9230867e0 7.689597e-2 -2.68230737e0 -2.68230737e0
-1.769242e0 7.689597e-2 -2.11761963e0 -2.11761963e0
-1.6153972e0 7.689597e-2 -1.59999236e0 -1.59999236e0
-1.4615524e0 7.689597e-2 -1.12941795e0 -1.12941795e0
-1.3077077e0 7.689597e-2 -7.05899503e-1 -7.05899503e-1
-1.1538629e0 7.689597e-2 -3.29441508e-1 -3.29441508e-1
-1.0000182e0 7.689597e-2 -3.63835927e-5 -3.63835927e-5
-8.461734e-1 7.689597e-2 2.82311412e-1 2.82311412e-1
-6.923285e-1 7.689597e-2 5.1760255e-1 5.1760255e-1
-5.3848361e-1 7.689597e-2 7.05837007e-1 7.05837007e-1
-3.8463872e-1 7.689597e-2 8.47014937e-1 8.47014937e-1
-2.3079382e-1 7.689597e-2 9.41136336e-1 9.41136336e-1
-7.694893e-2 7.689597e-2 9.88201056e-1 9.88201056e-1
7.689597e-2 7.689597e-2 9.88209096e-1 9.88209096e-1
2.3074086e-1 7.689597e-2 9.41160606e-1 9.41160606e-1
3.8458575e-1 7.689597e-2 8.47055437e-1 8.47055437e-1
5.3843065e-1 7.689597e-2 7.05893738e-1 7.05893738e-1
6.9227554e-1 7.689597e-2 5.1767536e-1 5.1767536e-1
8.4612044e-1 7.689597e-2 2.82400452e-1 2.82400452e-1
9.9996533e-1 7.689597e-2 6.88902367e-5 6.88902367e-5
1.15381023e0 7.689597e-2 -3.29318643e-1 -3.29318643e-1
1.307655e0 7.689597e-2 -7.05764502e-1 -7.05764502e-1
1.4614998e0 7.689597e-2 -1.12926628e0 -1.12926628e0
1.6153445e0 7.689597e-2 -1.59982094e0 -1.59982094e0
1.7691893e0 7.689597e-2 -2.11743608e0 -2.11743608e0
1.923034e0 7.689597e-2 -2.68210866e0 -2.68210866e0
2.0768788e0 7.689597e-2 -3.2938311e0 -3.2938311e0
2.2307236e0 7.689597e-2 -3.95261703e0 -3.95261703e0
2.3845683e0 7.689597e-2 -4.65845891e0 -4.65845891e0
2.5384131e0 7.689597e-2 -5.41135062e0 -5.41135062e0
2.6922578e0 7.689597e-2 -6.21130585e0 -6.21130585e0
2.8461026e0 7.689597e-2 -7.0583185e0 -7.0583185e0
2.9999474e0 7.689597e-2 -7.95238708e0 -7.95238708e0

-3.0e0 2.3074086e-1 -7.57406982e0 -7.57406982e0
-2.8461552e0 2.3074086e-1 -6.72255182e0 -6.72255182e0
-2.6923105e0 2.3074086e-1 -5.91585953e0 -5.91585953e0
-2.5384657e0 2.3074086e-1 -5.15397415e0 -5.15397415e0
-2.384621e0 2.3074086e-1 -4.43690439e0 -4.43690439e0
-2.2307762e0 2.3074086e-1 -3.7646531e0 -3.7646531e0
-2.0769315e0 2.3074086e-1 -3.1372232e0 -3.1372232e0
-1.9230867e0 2.3074086e-1 -2.55460312e0 -2.55460312e0
-1.769242e0 2.3074086e-1 -2.01680006e0 -2.01680006e0
-1.6153972e0 2.3074086e-1 -1.52381696e0 -1.52381696e0
-1.4615524e0 2.3074086e-1 -1.07564655e0 -1.07564655e0
-1.3077077e0 2.3074086e-1 -6.72291731e-1 -6.72291731e-1
-1.1538629e0 2.3074086e-1 -3.13756847e-1 -3.13756847e-1
-1.0000182e0 2.3074086e-1 -3.46513751e-5 -3.46513751e-5
-8.461734e-1 2.3074086e-1 2.68870609e-1 2.68870609e-1
-6.923285e-1 2.3074086e-1 4.92959569e-1 4.92959569e-1
-5.3848361e-1 2.3074086e-1 6.72232211e-1 6.72232211e-1
-3.8463872e-1 2.3074086e-1 8.0668868e-1 8.0668868e-1
-2.3079382e-1 2.3074086e-1 8.96328973e-1 8.96328973e-1
-7.694893e-2 2.3074086e-1 9.4115295e-1 9.4115295e-1
7.689597e-2 2.3074086e-1 9.41160606e-1 9.41160606e-1
2.3074086e-1 2.3074086e-1 8.96352089e-1 8.96352089e-1
3.8458575e-1 2.3074086e-1 8.06727252e-1 8.06727252e-1
5.3843065e-1 2.3074086e-1 6.72286241e-1 6.72286241e-1
6.9227554e-1 2.3074086e-1 4.93028912e-1 4.93028912e-1
8.4612044e-1 2.3074086e-1 2.68955408e-1 2.68955408e-1
9.9996533e-1 2.3074086e-1 6.56103827e-5 6.56103827e-5
1.15381023e0 2.3074086e-1 -3.13639832e-1 -3.13639832e-1
1.307655e0 2.3074086e-1 -6.72163158e-1 -6.72163158e-1
1.4614998e0 2.3074086e-1 -1.07550208e0 -1.07550208e0
1.6153445e0 2.3074086e-1 -1.5236537e0 -1.5236537e0
1.7691893e0 2.3074086e-1 -2.01662526e0 -2.01662526e0
1.923034e0 2.3074086e-1 -2.55441386e0 -2.55441386e0
2.0768788e0 2.3074086e-1 -3.13701228e0 -3.13701228e0
2.2307236e0 2.3074086e-1 -3.76443352e0 -3.76443352e0
2.3845683e0 2.3074086e-1 -4.43667036e0 -4.43667036e0
2.5384131e0 2.3074086e-1 -5.15371701e0 -5.15371701e0
2.6922578e0 2.3074086e-1 -5.91558649e0 -5.91558649e0
2.8461026e0 2.3074086e-1 -6.722273e0 -6.722273e0
2.9999474e0 2.3074086e-1 -7.57377512e0 -7.57377512e0

-3.0e0 3.8458575e-1 -6.81675049e0 -6.81675049e0
-2.8461552e0 3.8458575e-1 -6.05037442e0 -6.05037442e0
-2.6923105e0 3.8458575e-1 -5.32434203e0 -5.32434203e0
-2.5384657e0 3.8458575e-1 -4.63863638e0 -4.63863638e0
-2.384621e0 3.8458575e-1 -3.99326529e0 -3.99326529e0
-2.2307762e0 3.8458575e-1 -3.38823137e0 -3.38823137e0
-2.0769315e0 3.8458575e-1 -2.82353719e0 -2.82353719e0
-1.9230867e0 3.8458575e-1 -2.29917236e0 -2.29917236e0
-1.769242e0 3.8458575e-1 -1.8151434e0 -1.8151434e0
-1.6153972e0 3.8458575e-1 -1.37145288e0 -1.37145288e0
-1.4615524e0 3.8458575e-1 -9.6809433e-1 -9.6809433e-1
-1.3077077e0 3.8458575e-1 -6.05070337e-1 -6.05070337e-1
-1.1538629e0 3.8458575e-1 -2.82384793e-1 -2.82384793e-1
-1.0000182e0 3.8458575e-1 -3.11866386e-5 -3.11866386e-5
-8.461734e-1 3.8458575e-1 2.41986658e-1 2.41986658e-1
-6.923285e-1 3.8458575e-1 4.43669316e-1 4.43669316e-1
-5.3848361e-1 3.8458575e-1 6.0501677e-1 6.0501677e-1
-3.8463872e-1 3.8458575e-1 7.26029147e-1 7.26029147e-1
-2.3079382e-1 3.8458575e-1 8.06706448e-1 8.06706448e-1
-7.694893e-2 3.8458575e-1 8.47048546e-1 8.47048546e-1
7.689597e-2 3.8458575e-1 8.47055437e-1 8.47055437e-1
2.3074086e-1 3.8458575e-1 8.06727252e-1 8.06727252e-1
3.8458575e-1 3.8458575e-1 7.26063863e-1 7.26063863e-1
5.3843065e-1 3.8458575e-1 6.05065396e-1 6.05065396e-1
6.9227554e-1 3.8458575e-1 4.43731726e-1 4.43731726e-1
8.4612044e-1 3.8458575e-1 2.42062979e-1 2.42062979e-1
9.9996533e-1 3.8458575e-1 5.90501036e-5 5.90501036e-5
1.15381023e0 3.8458575e-1 -2.82279477e-1 -2.82279477e-1
1.307655e0 3.8458575e-1 -6.0495462e-1 -6.0495462e-1
1.4614998e0 3.8458575e-1 -9.6796431e-1 -9.6796431e-1
1.6153445e0 3.8458575e-1 -1.37130597e0 -1.37130597e0
1.7691893e0 3.8458575e-1 -1.81498607e0 -1.81498607e0
1.923034e0 3.8458575e-1 -2.29900204e0 -2.29900204e0
2.0768788e0 3.8458575e-1 -2.82334735e0 -2.82334735e0
2.2307236e0 3.8458575e-1 -3.38803374e0 -3.38803374e0
2.3845683e0 3.8458575e-1 -3.99305466e0 -3.99305466e0
2.5384131e0 3.8458575e-1 -4.63840495e0 -4.63840495e0
2.6922578e0 3.8458575e-1 -5.3240963e0 -5.3240963e0
2.8461026e0 3.8458575e-1 -6.05012349e0 -6.05012349e0
2.9999474e0 3.8458575e-1 -6.81648524e0 -6.81648524e0

-3.0e0 5.3843065e-1 -5.68073975e0 -5.68073975e0
-2.8461552e0 5.3843065e-1 -5.04208017e0 -5.04208017e0
-2.6923105e0 5.3843065e-1 -4.437041e0 -4.437041e0
-2.5384657e0 5.3843065e-1 -3.86560812e0 -3.86560812e0
-2.384621e0 5.3843065e-1 -3.32778806e0 -3.32778806e0
-2.2307762e0 5.3843065e-1 -2.82358296e0 -2.82358296e0
-2.0769315e0 5.3843065e-1 -2.35299501e0 -2.35299501e0
-1.9230867e0 5.3843065e-1 -1.91601553e0 -1.91601553e0
-1.769242e0 5.3843065e-1 -1.51264995e0 -1.51264995e0
-1.6153972e0 5.3843065e-1 -1.1429004e0 -1.1429004e0
-1.4615524e0 5.3843065e-1 -8.067615e-1 -8.067615e-1
-1.3077077e0 5.3843065e-1 -5.0423543e-1 -5.0423543e-1
-1.1538629e0 5.3843065e-1 -2.35325397e-1 -2.35325397e-1
-1.0000182e0 5.3843065e-1 -2.59893886e-5 -2.59893886e-5
-8.461734e-1 5.3843065e-1 2.01659607e-1 2.01659607e-1
-6.923285e-1 5.3843065e-1 3.69731873e-1 3.69731873e-1
-5.3848361e-1 5.3843065e-1 5.0419079e-1 5.0419079e-1
-3.8463872e-1 5.3843065e-1 6.05036467e-1 6.05036467e-1
-2.3079382e-1 5.3843065e-1 6.72268906e-1 6.72268906e-1
-7.694893e-2 5.3843065e-1 7.05887996e-1 7.05887996e-1
7.689597e-2 5.3843065e-1 7.05893738e-1 7.05893738e-1
2.3074086e-1 5.3843065e-1 6.72286241e-1 6.72286241e-1
3.8458575e-1 5.3843065e-1 6.05065396e-1 6.05065396e-1
5.3843065e-1 5.3843065e-1 5.04231313e-1 5.04231313e-1
6.9227554e-1 5.3843065e-1 3.6978388e-1 3.6978388e-1
8.4612044e-1 5.3843065e-1 2.0172321e-1 2.0172321e-1
9.9996533e-1 5.3843065e-1 4.92094101e-5 4.92094101e-5
1.15381023e0 5.3843065e-1 -2.35237633e-1 -2.35237633e-1
1.307655e0 5.3843065e-1 -5.04138997e-1 -5.04138997e-1
1.4614998e0 5.3843065e-1 -8.0665317e-1 -8.0665317e-1
1.6153445e0 5.3843065e-1 -1.14277797e0 -1.14277797e0
1.7691893e0 5.3843065e-1 -1.51251883e0 -1.51251883e0
1.923034e0 5.3843065e-1 -1.9158736e0 -1.9158736e0
2.0768788e0 5.3843065e-1 -2.35283682e0 -2.35283682e0
2.2307236e0 5.3843065e-1 -2.82341827e0 -2.82341827e0
2.3845683e0 5.3843065e-1 -3.32761253e0 -3.32761253e0
2.5384131e0 5.3843065e-1 -3.86541525e0 -3.86541525e0
2.6922578e0 5.3843065e-1 -4.43683621e0 -4.43683621e0
2.8461026e0 5.3843065e-1 -5.04187105e0 -5.04187105e0
2.9999474e0 5.3843065e-1 -5.6805187e0 -5.6805187e0

-3.0e0 6.9227554e-1 -4.16603638e0 -4.16603638e0
-2.8461552e0 6.9227554e-1 -3.69766797e0 -3.69766797e0
-2.6923105e0 6.9227554e-1 -3.25395547e0 -3.25395547e0
-2.5384657e0 6.9227554e-1 -2.83488855e0 -2.83488855e0
-2.384621e0 6.9227554e-1 -2.44047197e0 -2.44047197e0
-2.2307762e0 6.9227554e-1 -2.0707073e0 -2.0707073e0
-2.0769315e0 6.9227554e-1 -1.72559618e0 -1.72559618e0
-1.9230867e0 6.9227554e-1 -1.40513222e0 -1.40513222e0
-1.769242e0 6.9227554e-1 -1.10931938e0 -1.10931938e0
-1.6153972e0 6.9227554e-1 -8.3815927e-1 -8.3815927e-1
-1.4615524e0 6.9227554e-1 -5.916479e-1 -5.916479e-1
-1.3077077e0 6.9227554e-1 -3.697869e-1 -3.697869e-1
-1.1538629e0 6.9227554e-1 -1.72578609e-1 -1.72578609e-1
-1.0000182e0 6.9227554e-1 -1.90596196e-5 -1.90596196e-5
-8.461734e-1 6.9227554e-1 1.47889412e-1 1.47889412e-1
-6.923285e-1 6.9227554e-1 2.71147156e-1 2.71147156e-1
-5.3848361e-1 6.9227554e-1 3.69754163e-1 3.69754163e-1
-3.8463872e-1 6.9227554e-1 4.4371051e-1 4.4371051e-1
-2.3079382e-1 6.9227554e-1 4.93016199e-1 4.93016199e-1
-7.694893e-2 6.9227554e-1 5.17671149e-1 5.17671149e-1
7.689597e-2 6.9227554e-1 5.1767536e-1 5.1767536e-1
2.3074086e-1 6.9227554e-1 4.93028912e-1 4.93028912e-1
3.8458575e-1 6.9227554e-1 4.43731726e-1 4.43731726e-1
5.3843065e-1 6.9227554e-1 3.6978388e-1 3.6978388e-1
6.9227554e-1 6.9227554e-1 2.71185298e-1 2.71185298e-1
8.4612044e-1 6.9227554e-1 1.47936055e-1 1.47936055e-1
9.9996533e-1 6.9227554e-1 3.60882916e-5 3.60882916e-5
1.15381023e0 6.9227554e-1 -1.72514246e-1 -1.72514246e-1
1.307655e0 6.9227554e-1 -3.6971618e-1 -3.6971618e-1
1.4614998e0 6.9227554e-1 -5.9156845e-1 -5.9156845e-1
1.6153445e0 6.9227554e-1 -8.3806947e-1 -8.3806947e-1
1.7691893e0 6.9227554e-1 -1.10922324e0 -1.10922324e0
1.923034e0 6.9227554e-1 -1.40502812e0 -1.40502812e0
2.0768788e0 6.9227554e-1 -1.72548016e0 -1.72548016e0
2.2307236e0 6.9227554e-1 -2.07058653e0 -2.07058653e0
2.3845683e0 6.9227554e-1 -2.44034325e0 -2.44034325e0
2.5384131e0 6.9227554e-1 -2.8347471e0 -2.8347471e0
2.6922578e0 6.9227554e-1 -3.2538053e0 -3.2538053e0
2.8461026e0 6.9227554e-1 -3.6975146e0 -3.6975146e0
2.9999474e0 6.9227554e-1 -4.16587427e0 -4.16587427e0

-3.0e0 8.4612044e-1 -2.2726416e0 -2.2726416e0
-2.8461552e0 8.4612044e-1 -2.0171389e0 -2.0171389e0
-2.6923105e0 8.4612044e-1 -1.77508641e0 -1.77508641e0
-2.5384657e0 8.4612044e-1 -1.54647849e0 -1.54647849e0
-2.384621e0 8.4612044e-1 -1.33131773e0 -1.33131773e0
-2.2307762e0 8.4612044e-1 -1.12960501e0 -1.12960501e0
-2.0769315e0 8.4612044e-1 -9.4134119e-1 -9.4134119e-1
-1.9230867e0 8.4612044e-1 -7.6652281e-1 -7.6652281e-1
-1.769242e0 8.4612044e-1 -6.0515202e-1 -6.0515202e-1
-1.6153972e0 8.4612044e-1 -4.572297e-1 -4.572297e-1
-1.4615524e0 8.4612044e-1 -3.227537e-1 -3.227537e-1
-1.3077077e0 8.4612044e-1 -2.01724857e-1 -2.01724857e-1
-1.1538629e0 8.4612044e-1 -9.414448e-2 -9.414448e-2
-1.0000182e0 8.4612044e-1 -1.0397337e-5 -1.0397337e-5
-8.461734e-1 8.4612044e-1 8.0676114e-2 8.0676114e-2
-6.923285e-1 8.4612044e-1 1.47915248e-1 1.47915248e-1
-5.3848361e-1 8.4612044e-1 2.01706998e-1 2.01706998e-1
-3.8463872e-1 8.4612044e-1 2.42051405e-1 2.42051405e-1
-2.3079382e-1 8.4612044e-1 2.68948473e-1 2.68948473e-1
-7.694893e-2 8.4612044e-1 2.82398155e-1 2.82398155e-1
7.689597e-2 8.4612044e-1 2.82400452e-1 2.82400452e-1
2.3074086e-1 8.4612044e-1 2.68955408e-1 2.68955408e-1
3.8458575e-1 8.4612044e-1 2.42062979e-1 2.42062979e-1
5.3843065e-1 8.4612044e-1 2.0172321e-1 2.0172321e-1
6.9227554e-1 8.4612044e-1 1.47936055e-1 1.47936055e-1
8.4612044e-1 8.4612044e-1 8.070156e-2 8.070156e-2
9.9996533e-1 8.4612044e-1 1.96867587e-5 1.96867587e-5
1.15381023e0 8.4612044e-1 -9.4109367e-2 -9.4109367e-2
1.307655e0 8.4612044e-1 -2.01686278e-1 -2.01686278e-1
1.4614998e0 8.4612044e-1 -3.2271034e-1 -3.2271034e-1
1.6153445e0 8.4612044e-1 -4.5718073e-1 -4.5718073e-1
1.7691893e0 8.4612044e-1 -6.0509958e-1 -6.0509958e-1
1.923034e0 8.4612044e-1 -7.6646602e-1 -7.6646602e-1
2.0768788e0 8.4612044e-1 -9.4127791e-1 -9.4127791e-1
2.2307236e0 8.4612044e-1 -1.12953912e0 -1.12953912e0
2.3845683e0 8.4612044e-1 -1.33124751e0 -1.33124751e0
2.5384131e0 8.4612044e-1 -1.54640134e0 -1.54640134e0
2.6922578e0 8.4612044e-1 -1.77500449e0 -1.77500449e0
2.8461026e0 8.4612044e-1 -2.01705524e0 -2.01705524e0
2.9999474e0 8.4612044e-1 -2.27255316e0 -2.27255316e0

-3.0e0 9.9996533e-1 -5.54400024e-4 -5.54400024e-4
-2.8461552e0 9.9996533e-1 -4.92071367e-4 -4.92071367e-4
-2.6923105e0 9.9996533e-1 -4.33023822e-4 -4.33023822e-4
-2.5384657e0 9.9996533e-1 -3.77256015e-4 -3.77256015e-4
-2.384621e0 9.9996533e-1 -3.2476858e-4 -3.2476858e-4
-2.2307762e0 9.9996533e-1 -2.7556173e-4 -2.7556173e-4
-2.0769315e0 9.9996533e-1 -2.29635672e-4 -2.29635672e-4
-1.9230867e0 9.9996533e-1 -1.86989566e-4 -1.86989566e-4
-1.769242e0 9.9996533e-1 -1.47623936e-4 -1.47623936e-4
-1.6153972e0 9.9996533e-1 -1.11538997e-4 -1.11538997e-4
-1.4615524e0 9.9996533e-1 -7.8734218e-5 -7.8734218e-5
-1.3077077e0 9.9996533e-1 -4.9209812e-5 -4.9209812e-5
-1.1538629e0 9.9996533e-1 -2.29660945e-5 -2.29660945e-5
-1.0000182e0 9.9996533e-1 -2.53638052e-9 -2.53638052e-9
-8.461734e-1 9.9996533e-1 1.96805515e-5 1.96805515e-5
-6.923285e-1 9.9996533e-1 3.6083216e-5 3.6083216e-5
-5.3848361e-1 9.9996533e-1 4.92054553e-5 4.92054553e-5
-3.8463872e-1 9.9996533e-1 5.90472803e-5 5.90472803e-5
-2.3079382e-1 9.9996533e-1 6.56086908e-5 6.56086908e-5
-7.694893e-2 9.9996533e-1 6.88896762e-5 6.88896762e-5
7.689597e-2 9.9996533e-1 6.88902367e-5 6.88902367e-5
2.3074086e-1 9.9996533e-1 6.56103827e-5 6.56103827e-5
3.8458575e-1 9.9996533e-1 5.90501036e-5 5.90501036e-5
5.3843065e-1 9.9996533e-1 4.92094101e-5 4.92094101e-5
6.9227554e-1 9.9996533e-1 3.60882916e-5 3.60882916e-5
8.4612044e-1 9.9996533e-1 1.96867587e-5 1.96867587e-5
9.9996533e-1 9.9996533e-1 4.80249042e-9 4.80249042e-9
1.15381023e0 9.9996533e-1 -2.29575293e-5 -2.29575293e-5
1.307655e0 9.9996533e-1 -4.92004008e-5 -4.92004008e-5
1.4614998e0 9.9996533e-1 -7.8723643e-5 -7.8723643e-5
1.6153445e0 9.9996533e-1 -1.11527048e-4 -1.11527048e-4
1.7691893e0 9.9996533e-1 -1.47611142e-4 -1.47611142e-4
1.923034e0 9.9996533e-1 -1.86975713e-4 -1.86975713e-4
2.0768788e0 9.9996533e-1 -2.29620235e-4 -2.29620235e-4
2.2307236e0 9.9996533e-1 -2.75545656e-4 -2.75545656e-4
2.3845683e0 9.9996533e-1 -3.2475145e-4 -3.2475145e-4
2.5384131e0 9.9996533e-1 -3.77237192e-4 -3.77237192e-4
2.6922578e0 9.9996533e-1 -4.33003836e-4 -4.33003836e-4
2.8461026e0 9.9996533e-1 -4.92050958e-4 -4.92050958e-4
2.9999474e0 9.9996533e-1 -5.54378452e-4 -5.54378452e-4

-3.0e0 1.15381023e0 2.65021973e0 2.65021973e0
-2.8461552e0 1.15381023e0 2.35226764e0 2.35226764e0
-2.6923105e0 1.15381023e0 2.0700004e0 2.0700004e0
-2.5384657e0 1.15381023e0 1.8034114e0 1.8034114e0
-2.384621e0 1.15381023e0 1.55250371e0 1.55250371e0
-2.2307762e0 1.15381023e0 1.3172783e0 1.3172783e0
-2.0769315e0 1.15381023e0 1.09773622e0 1.09773622e0
-1.9230867e0 1.15381023e0 8.938734e-1 8.938734e-1
-1.769242e0 1.15381023e0 7.0569237e-1 7.0569237e-1
-1.6153972e0 1.15381023e0 5.3319415e-1 5.3319415e-1
-1.4615524e0 1.15381023e0 3.763762e-1 3.763762e-1
-1.3077077e0 1.15381023e0 2.35239554e-1 2.35239554e-1
-1.1538629e0 1.15381023e0 1.09785703e-1 1.09785703e-1
-1.0000182e0 1.15381023e0 1.21247572e-5 1.21247572e-5
-8.461734e-1 1.15381023e0 -9.4079695e-2 -9.4079695e-2
-6.923285e-1 1.15381023e0 -1.72489983e-1 -1.72489983e-1
-5.3848361e-1 1.15381023e0 -2.35218727e-1 -2.35218727e-1
-3.8463872e-1 1.15381023e0 -2.8226598e-1 -2.8226598e-1
-2.3079382e-1 1.15381023e0 -3.13631743e-1 -3.13631743e-1
-7.694893e-2 1.15381023e0 -3.29315964e-1 -3.29315964e-1
7.689597e-2 1.15381023e0 -3.29318643e-1 -3.29318643e-1
2.3074086e-1 1.15381023e0 -3.13639832e-1 -3.13639832e-1
3.8458575e-1 1.15381023e0 -2.82279477e-1 -2.82279477e-1
5.3843065e-1 1.15381023e0 -2.35237633e-1 -2.35237633e-1
6.9227554e-1 1.15381023e0 -1.72514246e-1 -1.72514246e-1
8.4612044e-1 1.15381023e0 -9.4109367e-2 -9.4109367e-2
9.9996533e-1 1.15381023e0 -2.29575293e-5 -2.29575293e-5
1.15381023e0 1.15381023e0 1.09744759e-1 1.09744759e-1
1.307655e0 1.15381023e0 2.35194565e-1 2.35194565e-1
1.4614998e0 1.15381023e0 3.7632565e-1 3.7632565e-1
1.6153445e0 1.15381023e0 5.3313702e-1 5.3313702e-1
1.7691893e0 1.15381023e0 7.0563121e-1 7.0563121e-1
1.923034e0 1.15381023e0 8.9380717e-1 8.9380717e-1
2.0768788e0 1.15381023e0 1.09766241e0 1.09766241e0
2.2307236e0 1.15381023e0 1.31720148e0 1.31720148e0
2.3845683e0 1.15381023e0 1.55242181e0 1.55242181e0
2.5384131e0 1.15381023e0 1.80332143e0 1.80332143e0
2.6922578e0 1.15381023e0 2.06990486e0 2.06990486e0
2.8461026e0 1.15381023e0 2.35217009e0 2.35217009e0
2.9999474e0 1.15381023e0 2.6501166e0 2.6501166e0

-3.0e0 1.307655e0 5.6796997e0 5.6796997e0
-2.8461552e0 1.307655e0 5.04115706e0 5.04115706e0
-2.6923105e0 1.307655e0 4.43622865e0 4.43622865e0
-2.5384657e0 1.307655e0 3.8649004e0 3.8649004e0
-2.384621e0 1.307655e0 3.3271788e0 3.3271788e0
-2.2307762e0 1.307655e0 2.82306602e0 2.82306602e0
-2.0769315e0 1.307655e0 2.35256422e0 2.35256422e0
-1.9230867e0 1.307655e0 1.91566475e0 1.91566475e0
-1.769242e0 1.307655e0 1.512373e0 1.512373e0
-1.6153972e0 1.307655e0 1.14269116e0 1.14269116e0
-1.4615524e0 1.307655e0 8.0661382e-1 8.0661382e-1
-1.3077077e0 1.307655e0 5.04143114e-1 5.04143114e-1
-1.1538629e0 1.307655e0 2.35282314e-1 2.35282314e-1
-1.0000182e0 1.307655e0 2.59846304e-5 2.59846304e-5
-8.461734e-1 1.307655e0 -2.01622687e-1 -2.01622687e-1
-6.923285e-1 1.307655e0 -3.69664182e-1 -3.69664182e-1
-5.3848361e-1 1.307655e0 -5.04098482e-1 -5.04098482e-1
-3.8463872e-1 1.307655e0 -6.04925696e-1 -6.04925696e-1
-2.3079382e-1 1.307655e0 -6.72145825e-1 -6.72145825e-1
-7.694893e-2 1.307655e0 -7.0575876e-1 -7.0575876e-1
7.689597e-2 1.307655e0 -7.05764502e-1 -7.05764502e-1
2.3074086e-1 1.307655e0 -6.72163158e-1 -6.72163158e-1
3.8458575e-1 1.307655e0 -6.0495462e-1 -6.0495462e-1
5.3843065e-1 1.307655e0 -5.04138997e-1 -5.04138997e-1
6.9227554e-1 1.307655e0 -3.6971618e-1 -3.6971618e-1
8.4612044e-1 1.307655e0 -2.01686278e-1 -2.01686278e-1
9.9996533e-1 1.307655e0 -4.92004008e-5 -4.92004008e-5
1.15381023e0 1.307655e0 2.35194565e-1 2.35194565e-1
1.307655e0 1.307655e0 5.04046698e-1 5.04046698e-1
1.4614998e0 1.307655e0 8.0650548e-1 8.0650548e-1
1.6153445e0 1.307655e0 1.14256876e0 1.14256876e0
1.7691893e0 1.307655e0 1.51224193e0 1.51224193e0
1.923034e0 1.307655e0 1.91552283e0 1.91552283e0
2.0768788e0 1.307655e0 2.35240605e0 2.35240605e0
2.2307236e0 1.307655e0 2.82290135e0 2.82290135e0
2.3845683e0 1.307655e0 3.32700331e0 3.32700331e0
2.5384131e0 1.307655e0 3.86470757e0 3.86470757e0
2.6922578e0 1.307655e0 4.43602391e0 4.43602391e0
2.8461026e0 1.307655e0 5.04094798e0 5.04094798e0
2.9999474e0 1.307655e0 5.6794787e0 5.6794787e0

-3.0e0 1.4614998e0 9.0878662e0 9.0878662e0
-2.8461552e0 1.4614998e0 8.0661589e0 8.0661589e0
-2.6923105e0 1.4614998e0 7.0982365e0 7.0982365e0
-2.5384657e0 1.4614998e0 6.1840765e0 6.1840765e0
-2.384621e0 1.4614998e0 5.3236891e0 5.3236891e0
-2.2307762e0 1.4614998e0 4.517078e0 4.517078e0
-2.0769315e0 1.4614998e0 3.7642462e0 3.7642462e0
-1.9230867e0 1.4614998e0 3.0651805e0 3.0651805e0
-1.769242e0 1.4614998e0 2.419889e0 2.419889e0
-1.6153972e0 1.4614998e0 1.8283755e0 1.8283755e0
-1.4615524e0 1.4614998e0 1.2906313e0 1.2906313e0
-1.3077077e0 1.4614998e0 8.0665974e-1 8.0665974e-1
-1.1538629e0 1.4614998e0 3.7646605e-1 3.7646605e-1
-1.0000182e0 1.4614998e0 4.1576994e-5 4.1576994e-5
-8.461734e-1 1.4614998e0 -3.226086e-1 -3.226086e-1
-6.923285e-1 1.4614998e0 -5.9148524e-1 -5.9148524e-1
-5.3848361e-1 1.4614998e0 -8.0658833e-1 -8.0658833e-1
-3.8463872e-1 1.4614998e0 -9.6791803e-1 -9.6791803e-1
-2.3079382e-1 1.4614998e0 -1.07547433e0 -1.07547433e0
-7.694893e-2 1.4614998e0 -1.1292571e0 -1.1292571e0
7.689597e-2 1.4614998e0 -1.12926628e0 -1.12926628e0
2.3074086e-1 1.4614998e0 -1.07550208e0 -1.07550208e0
3.8458575e-1 1.4614998e0 -9.6796431e-1 -9.6796431e-1
5.3843065e-1 1.4614998e0 -8.0665317e-1 -8.0665317e-1
6.9227554e-1 1.4614998e0 -5.9156845e-1 -5.9156845e-1
8.4612044e-1 1.4614998e0 -3.2271034e-1 -3.2271034e-1
9.9996533e-1 1.4614998e0 -7.8723643e-5 -7.8723643e-5
1.15381023e0 1.4614998e0 3.7632565e-1 3.7632565e-1
1.307655e0 1.4614998e0 8.0650548e-1 8.0650548e-1
1.4614998e0 1.4614998e0 1.2904579e0 1.2904579e0
1.6153445e0 1.4614998e0 1.8281796e0 1.8281796e0
1.7691893e0 1.4614998e0 2.4196793e0 2.4196793e0
1.923034e0 1.4614998e0 3.0649535e0 3.0649535e0
2.0768788e0 1.4614998e0 3.7639932e0 3.7639932e0
2.2307236e0 1.4614998e0 4.5168144e0 4.5168144e0
2.3845683e0 1.4614998e0 5.3234084e0 5.3234084e0
2.5384131e0 1.4614998e0 6.183768e0 6.183768e0
2.6922578e0 1.4614998e0 7.097909e0 7.097909e0
2.8461026e0 1.4614998e0 8.0658244e0 8.0658244e0
2.9999474e0 1.4614998e0 9.0875125e0 9.0875125e0

-3.0e0 1.6153445e0 1.28746948e1 1.28746948e1
-2.8461552e0 1.6153445e0 1.14272517e1 1.14272517e1
-2.6923105e0 1.6153445e0 1.00560052e1 1.00560052e1
-2.5384657e0 1.6153445e0 8.7609232e0 8.7609232e0
-2.384621e0 1.6153445e0 7.5420204e0 7.5420204e0
-2.2307762e0 1.6153445e0 6.3993019e0 6.3993019e0
-2.0769315e0 1.6153445e0 5.3327724e0 5.3327724e0
-1.9230867e0 1.6153445e0 4.3424124e0 4.3424124e0
-1.769242e0 1.6153445e0 3.4282341e0 3.4282341e0
-1.6153972e0 1.6153445e0 2.5902425e0 2.5902425e0
-1.4615524e0 1.6153445e0 1.8284253e0 1.8284253e0
-1.3077077e0 1.6153445e0 1.14278731e0 1.14278731e0
-1.1538629e0 1.6153445e0 5.3333594e-1 5.3333594e-1
-1.0000182e0 1.6153445e0 5.8901738e-5 5.8901738e-5
-8.461734e-1 1.6153445e0 -4.5703658e-1 -4.5703658e-1
-6.923285e-1 1.6153445e0 -8.379516e-1 -8.379516e-1
-5.3848361e-1 1.6153445e0 -1.14268613e0 -1.14268613e0
-3.8463872e-1 1.6153445e0 -1.3712404e0 -1.3712404e0
-2.3079382e-1 1.6153445e0 -1.52361441e0 -1.52361441e0
-7.694893e-2 1.6153445e0 -1.59980792e0 -1.59980792e0
7.689597e-2 1.6153445e0 -1.59982094e0 -1.59982094e0
2.3074086e-1 1.6153445e0 -1.5236537e0 -1.5236537e0
3.8458575e-1 1.6153445e0 -1.37130597e0 -1.37130597e0
5.3843065e-1 1.6153445e0 -1.14277797e0 -1.14277797e0
6.9227554e-1 1.6153445e0 -8.3806947e-1 -8.3806947e-1
8.4612044e-1 1.6153445e0 -4.5718073e-1 -4.5718073e-1
9.9996533e-1 1.6153445e0 -1.11527048e-4 -1.11527048e-4
1.15381023e0 1.6153445e0 5.3313702e-1 5.3313702e-1
1.307655e0 1.6153445e0 1.14256876e0 1.14256876e0
1.4614998e0 1.6153445e0 1.8281796e0 1.8281796e0
1.6153445e0 1.6153445e0 2.589965e0 2.589965e0
1.7691893e0 1.6153445e0 3.427937e0 3.427937e0
1.923034e0 1.6153445e0 4.3420908e0 4.3420908e0
2.0768788e0 1.6153445e0 5.332414e0 5.332414e0
2.2307236e0 1.6153445e0 6.3989287e0 6.3989287e0
2.3845683e0 1.6153445e0 7.5416226e0 7.5416226e0
2.5384131e0 1.6153445e0 8.7604861e0 8.7604861e0
2.6922578e0 1.6153445e0 1.00555411e1 1.00555411e1
2.8461026e0 1.6153445e0 1.14267778e1 1.14267778e1
2.9999474e0 1.6153445e0 1.28741937e1 1.28741937e1

-3.0e0 1.7691893e0 1.70402466e1 1.70402466e1
-2.8461552e0 1.7691893e0 1.51244896e1 1.51244896e1
-2.6923105e0 1.7691893e0 1.33095822e1 1.33095822e1
-2.5384657e0 1.7691893e0 1.1595482e1 1.1595482e1
-2.384621e0 1.7691893e0 9.9822086e0 9.9822086e0
-2.2307762e0 1.7691893e0 8.4697684e0 8.4697684e0
-2.0769315e0 1.7691893e0 7.0581679e0 7.0581679e0
-1.9230867e0 1.7691893e0 5.7473811e0 5.7473811e0
-1.769242e0 1.7691893e0 4.5374245e0 4.5374245e0
-1.6153972e0 1.7691893e0 3.4283043e0 3.4283043e0
-1.4615524e0 1.7691893e0 2.4200043e0 2.4200043e0
-1.3077077e0 1.7691893e0 1.51253119e0 1.51253119e0
-1.1538629e0 1.7691893e0 7.0589447e-1 7.0589447e-1
-1.0000182e0 1.7691893e0 7.795914e-5 7.795914e-5
-8.461734e-1 1.7691893e0 -6.0490878e-1 -6.0490878e-1
-6.923285e-1 1.7691893e0 -1.10906721e0 -1.10906721e0
-5.3848361e-1 1.7691893e0 -1.51239728e0 -1.51239728e0
-3.8463872e-1 1.7691893e0 -1.81489929e0 -1.81489929e0
-2.3079382e-1 1.7691893e0 -2.01657326e0 -2.01657326e0
-7.694893e-2 1.7691893e0 -2.11741885e0 -2.11741885e0
7.689597e-2 1.7691893e0 -2.11743608e0 -2.11743608e0
2.3074086e-1 1.7691893e0 -2.01662526e0 -2.01662526e0
3.8458575e-1 1.7691893e0 -1.81498607e0 -1.81498607e0
5.3843065e-1 1.7691893e0 -1.51251883e0 -1.51251883e0
6.9227554e-1 1.7691893e0 -1.10922324e0 -1.10922324e0
8.4612044e-1 1.7691893e0 -6.0509958e-1 -6.0509958e-1
9.9996533e-1 1.7691893e0 -1.47611142e-4 -1.47611142e-4
1.15381023e0 1.7691893e0 7.0563121e-1 7.0563121e-1
1.307655e0 1.7691893e0 1.51224193e0 1.51224193e0
1.4614998e0 1.7691893e0 2.4196793e0 2.4196793e0
1.6153445e0 1.7691893e0 3.427937e0 3.427937e0
1.7691893e0 1.7691893e0 4.5370313e0 4.5370313e0
1.923034e0 1.7691893e0 5.7469554e0 5.7469554e0
2.0768788e0 1.7691893e0 7.0576933e0 7.0576933e0
2.2307236e0 1.7691893e0 8.4692743e0 8.4692743e0
2.3845683e0 1.7691893e0 9.981682e0 9.981682e0
2.5384131e0 1.7691893e0 1.15949034e1 1.15949034e1
2.6922578e0 1.7691893e0 1.33089679e1 1.33089679e1
2.8461026e0 1.7691893e0 1.51238623e1 1.51238623e1
2.9999474e0 1.7691893e0 1.70395834e1 1.70395834e1

-3.0e0 1.923034e0 2.1584497e1 2.1584497e1
-2.8461552e0 1.923034e0 1.91578508e1 1.91578508e1
-2.6923105e0 1.923034e0 1.68589484e1 1.68589484e1
-2.5384657e0 1.923034e0 1.46877362e1 1.46877362e1
-2.384621e0 1.923034e0 1.2644239e1 1.2644239e1
-2.2307762e0 1.923034e0 1.07284651e1 1.07284651e1
-2.0769315e0 1.923034e0 8.9404225e0 8.9404225e0
-1.9230867e0 1.923034e0 7.2800786e0 7.2800786e0
-1.769242e0 1.923034e0 5.7474536e0 5.7474536e0
-1.6153972e0 1.923034e0 4.342556e0 4.342556e0
-1.4615524e0 1.923034e0 3.0653651e0 3.0653651e0
-1.3077077e0 1.923034e0 1.91588924e0 1.91588924e0
-1.1538629e0 1.923034e0 8.9414066e-1 8.9414066e-1
-1.0000182e0 1.923034e0 9.8749089e-5 9.8749089e-5
-8.461734e-1 1.923034e0 -7.6622437e-1 -7.6622437e-1
-6.923285e-1 1.923034e0 -1.4048305e0 -1.4048305e0
-5.3848361e-1 1.923034e0 -1.91571962e0 -1.91571962e0
-3.8463872e-1 1.923034e0 -2.29889212e0 -2.29889212e0
-2.3079382e-1 1.923034e0 -2.55434799e0 -2.55434799e0
-7.694893e-2 1.923034e0 -2.68208684e0 -2.68208684e0
7.689597e-2 1.923034e0 -2.68210866e0 -2.68210866e0
2.3074086e-1 1.923034e0 -2.55441386e0 -2.55441386e0
3.8458575e-1 1.923034e0 -2.29900204e0 -2.29900204e0
5.3843065e-1 1.923034e0 -1.9158736e0 -1.9158736e0
6.9227554e-1 1.923034e0 -1.40502812e0 -1.40502812e0
8.4612044e-1 1.923034e0 -7.6646602e-1 -7.6646602e-1
9.9996533e-1 1.923034e0 -1.86975713e-4 -1.86975713e-4
1.15381023e0 1.923034e0 8.9380717e-1 8.9380717e-1
1.307655e0 1.923034e0 1.91552283e0 1.91552283e0
1.4614998e0 1.923034e0 3.0649535e0 3.0649535e0
1.6153445e0 1.923034e0 4.3420908e0 4.3420908e0
1.7691893e0 1.923034e0 5.7469554e0 5.7469554e0
1.923034e0 1.923034e0 7.2795392e0 7.2795392e0
2.0768788e0 1.923034e0 8.9398215e0 8.9398215e0
2.2307236e0 1.923034e0 1.07278394e1 1.07278394e1
2.3845683e0 1.923034e0 1.26435721e1 1.26435721e1
2.5384131e0 1.923034e0 1.46870035e1 1.46870035e1
2.6922578e0 1.923034e0 1.68581703e1 1.68581703e1
2.8461026e0 1.923034e0 1.91570563e1 1.91570563e1
2.9999474e0 1.923034e0 2.1583657e1 2.1583657e1

-3.0e0 2.0768788e0 2.65073853e1 2.65073853e1
-2.8461552e0 2.0768788e0 2.35272812e1 2.35272812e1
-2.6923105e0 2.0768788e0 2.07040562e1 2.07040562e1
-2.5384657e0 2.0768788e0 1.80376443e1 1.80376443e1
-2.384621e0 2.0768788e0 1.55280762e1 1.55280762e1
-2.2307762e0 2.0768788e0 1.31753618e1 1.31753618e1
-2.0769315e0 2.0768788e0 1.09795111e1 1.09795111e1
-1.9230867e0 2.0768788e0 8.9404839e0 8.9404839e0
-1.769242e0 2.0768788e0 7.0583052e0 7.0583052e0
-1.6153972e0 2.0768788e0 5.3329852e0 5.3329852e0
-1.4615524e0 2.0768788e0 3.7644987e0 3.7644987e0
-1.3077077e0 2.0768788e0 2.35285603e0 2.35285603e0
-1.1538629e0 2.0768788e0 1.09807195e0 1.09807195e0
-1.0000182e0 2.0768788e0 1.21271307e-4 1.21271307e-4
-8.461734e-1 2.0768788e0 -9.4098112e-1 -9.4098112e-1
-6.923285e-1 2.0768788e0 -1.72523749e0 -1.72523749e0
-5.3848361e-1 2.0768788e0 -2.35264774e0 -2.35264774e0
-3.8463872e-1 2.0768788e0 -2.82321237e0 -2.82321237e0
-2.3079382e-1 2.0768788e0 -3.1369314e0 -3.1369314e0
-7.694893e-2 2.0768788e0 -3.2938043e0 -3.2938043e0
7.689597e-2 2.0768788e0 -3.2938311e0 -3.2938311e0
2.3074086e-1 2.0768788e0 -3.13701228e0 -3.13701228e0
3.8458575e-1 2.0768788e0 -2.82334735e0 -2.82334735e0
5.3843065e-1 2.0768788e0 -2.35283682e0 -2.35283682e0
6.9227554e-1 2.0768788e0 -1.72548016e0 -1.72548016e0
8.4612044e-1 2.0768788e0 -9.4127791e-1 -9.4127791e-1
9.9996533e-1 2.0768788e0 -2.29620235e-4 -2.29620235e-4
1.15381023e0 2.0768788e0 1.09766241e0 1.09766241e0
1.307655e0 2.0768788e0 2.35240605e0 2.35240605e0
1.4614998e0 2.0768788e0 3.7639932e0 3.7639932e0
1.6153445e0 2.0768788e0 5.332414e0 5.332414e0
1.7691893e0 2.0768788e0 7.0576933e0 7.0576933e0
1.923034e0 2.0768788e0 8.9398215e0 8.9398215e0
2.0768788e0 2.0768788e0 1.09787729e1 1.09787729e1
2.2307236e0 2.0768788e0 1.31745932e1 1.31745932e1
2.3845683e0 2.0768788e0 1.55272572e1 1.55272572e1
2.5384131e0 2.0768788e0 1.80367445e1 1.80367445e1
2.6922578e0 2.0768788e0 2.07031006e1 2.07031006e1
2.8461026e0 2.0768788e0 2.35263054e1 2.35263054e1
2.9999474e0 2.0768788e0 2.65063538e1 2.65063538e1

-3.0e0 2.2307236e0 3.1809021e1 3.1809021e1
-2.8461552e0 2.2307236e0 2.82328783e1 2.82328783e1
-2.6923105e0 2.2307236e0 2.48449913e1 2.48449913e1
-2.5384657e0 2.2307236e0 2.16452814e1 2.16452814e1
-2.384621e0 2.2307236e0 1.86337845e1 1.86337845e1
-2.2307762e0 2.2307236e0 1.5810513e1 1.5810513e1
-2.0769315e0 2.2307236e0 1.31754791e1 1.31754791e1
-1.9230867e0 2.2307236e0 1.0728634e1 1.0728634e1
-1.769242e0 2.2307236e0 8.4700084e0 8.4700084e0
-1.6153972e0 2.2307236e0 6.3996143e0 6.3996143e0
-1.4615524e0 2.2307236e0 4.5174211e0 4.5174211e0
-1.3077077e0 2.2307236e0 2.82344133e0 2.82344133e0
-1.1538629e0 2.2307236e0 1.31769292e0 1.31769292e0
-1.0000182e0 2.2307236e0 1.45526294e-4 1.45526294e-4
-8.461734e-1 2.2307236e0 -1.12918298e0 -1.12918298e0
-6.923285e-1 2.2307236e0 -2.07029532e0 -2.07029532e0
-5.3848361e-1 2.2307236e0 -2.82319136e0 -2.82319136e0
-3.8463872e-1 2.2307236e0 -3.38787173e0 -3.38787173e0
-2.3079382e-1 2.2307236e0 -3.76433646e0 -3.76433646e0
-7.694893e-2 2.2307236e0 -3.95258488e0 -3.95258488e0
7.689597e-2 2.2307236e0 -3.95261703e0 -3.95261703e0
2.3074086e-1 2.2307236e0 -3.76443352e0 -3.76443352e0
3.8458575e-1 2.2307236e0 -3.38803374e0 -3.38803374e0
5.3843065e-1 2.2307236e0 -2.82341827e0 -2.82341827e0
6.9227554e-1 2.2307236e0 -2.07058653e0 -2.07058653e0
8.4612044e-1 2.2307236e0 -1.12953912e0 -1.12953912e0
9.9996533e-1 2.2307236e0 -2.75545656e-4 -2.75545656e-4
1.15381023e0 2.2307236e0 1.31720148e0 1.31720148e0
1.307655e0 2.2307236e0 2.82290135e0 2.82290135e0
1.4614998e0 2.2307236e0 4.5168144e0 4.5168144e0
1.6153445e0 2.2307236e0 6.3989287e0 6.3989287e0
1.7691893e0 2.2307236e0 8.4692743e0 8.4692743e0
1.923034e0 2.2307236e0 1.07278394e1 1.07278394e1
2.0768788e0 2.2307236e0 1.31745932e1 1.31745932e1
2.2307236e0 2.2307236e0 1.58095908e1 1.58095908e1
2.3845683e0 2.2307236e0 1.86328017e1 1.86328017e1
2.5384131e0 2.2307236e0 2.16442014e1 2.16442014e1
2.6922578e0 2.2307236e0 2.48438448e1 2.48438448e1
2.8461026e0 2.2307236e0 2.82317073e1 2.82317073e1
2.9999474e0 2.2307236e0 3.18077832e1 3.18077832e1

-3.0e0 2.3845683e0 3.74893433e1 3.74893433e1
-2.8461552e0 2.3845683e0 3.32745879e1 3.32745879e1
-2.6923105e0 2.3845683e0 2.92817062e1 2.92817062e1
-2.5384657e0 2.3845683e0 2.55106053e1 2.55106053e1
-2.384621e0 2.3845683e0 2.1961328e1 2.1961328e1
-2.2307762e0 2.3845683e0 1.86338885e1 1.86338885e1
-2.0769315e0 2.3845683e0 1.55283011e1 1.55283011e1
-1.9230867e0 2.3845683e0 1.26445088e1 1.26445088e1
-1.769242e0 2.3845683e0 9.9825471e0 9.9825471e0
-1.6153972e0 2.3845683e0 7.5424306e0 7.5424306e0
-1.4615524e0 2.3845683e0 5.3241234e0 5.3241234e0
-1.3077077e0 2.3845683e0 3.3276397e0 3.3276397e0
-1.1538629e0 2.3845683e0 1.553001e0 1.553001e0
-1.0000182e0 2.3845683e0 1.71513773e-4 1.71513773e-4
-8.461734e-1 2.3845683e0 -1.33082777e0 -1.33082777e0
-6.923285e-1 2.3845683e0 -2.44000002e0 -2.44000002e0
-5.3848361e-1 2.3845683e0 -3.3273451e0 -3.3273451e0
-3.8463872e-1 2.3845683e0 -3.99286374e0 -3.99286374e0
-2.3079382e-1 2.3845683e0 -4.43655595e0 -4.43655595e0
-7.694893e-2 2.3845683e0 -4.658421e0 -4.658421e0
7.689597e-2 2.3845683e0 -4.65845891e0 -4.65845891e0
2.3074086e-1 2.3845683e0 -4.43667036e0 -4.43667036e0
3.8458575e-1 2.3845683e0 -3.99305466e0 -3.99305466e0
5.3843065e-1 2.3845683e0 -3.32761253e0 -3.32761253e0
6.9227554e-1 2.3845683e0 -2.44034325e0 -2.44034325e0
8.4612044e-1 2.3845683e0 -1.33124751e0 -1.33124751e0
9.9996533e-1 2.3845683e0 -3.2475145e-4 -3.2475145e-4
1.15381023e0 2.3845683e0 1.55242181e0 1.55242181e0
1.307655e0 2.3845683e0 3.32700331e0 3.32700331e0
1.4614998e0 2.3845683e0 5.3234084e0 5.3234084e0
1.6153445e0 2.3845683e0 7.5416226e0 7.5416226e0
1.7691893e0 2.3845683e0 9.981682e0 9.981682e0
1.923034e0 2.3845683e0 1.26435721e1 1.26435721e1
2.0768788e0 2.3845683e0 1.55272572e1 1.55272572e1
2.2307236e0 2.3845683e0 1.86328017e1 1.86328017e1
2.3845683e0 2.3845683e0 2.19601695e1 2.19601695e1
2.5384131e0 2.3845683e0 2.55093326e1 2.55093326e1
2.6922578e0 2.3845683e0 2.92803549e1 2.92803549e1
2.8461026e0 2.3845683e0 3.32732079e1 3.32732079e1
2.9999474e0 2.3845683e0 3.74878845e1 3.74878845e1

-3.0e0 2.5384131e0 4.35483032e1 4.35483032e1
-2.8461552e0 2.5384131e0 3.86523668e1 3.86523668e1
-2.6923105e0 2.5384131e0 3.40141628e1 3.40141628e1
-2.5384657e0 2.5384131e0 2.96335834e1 2.96335834e1
-2.384621e0 2.5384131e0 2.55106781e1 2.55106781e1
-2.2307762e0 2.5384131e0 2.16454639e1 2.16454639e1
-2.0769315e0 2.5384131e0 1.80379572e1 1.80379572e1
-1.9230867e0 2.5384131e0 1.46880916e1 1.46880916e1
-1.769242e0 2.5384131e0 1.15959085e1 1.15959085e1
-1.6153972e0 2.5384131e0 8.7614247e0 8.7614247e0
-1.4615524e0 2.5384131e0 6.1845985e0 6.1845985e0
-1.3077077e0 2.5384131e0 3.86544682e0 3.86544682e0
-1.1538629e0 2.5384131e0 1.80399423e0 1.80399423e0
-1.0000182e0 2.5384131e0 1.99233519e-4 1.99233519e-4
-8.461734e-1 2.5384131e0 -1.54591376e0 -1.54591376e0
-6.923285e-1 2.5384131e0 -2.8343484e0 -2.8343484e0
-5.3848361e-1 2.5384131e0 -3.86510461e0 -3.86510461e0
-3.8463872e-1 2.5384131e0 -4.63818318e0 -4.63818318e0
-2.3079382e-1 2.5384131e0 -5.15358412e0 -5.15358412e0
-7.694893e-2 2.5384131e0 -5.4113066e0 -5.4113066e0
7.689597e-2 2.5384131e0 -5.41135062e0 -5.41135062e0
2.3074086e-1 2.5384131e0 -5.15371701e0 -5.15371701e0
3.8458575e-1 2.5384131e0 -4.63840495e0 -4.63840495e0
5.3843065e-1 2.5384131e0 -3.86541525e0 -3.86541525e0
6.9227554e-1 2.5384131e0 -2.8347471e0 -2.8347471e0
8.4612044e-1 2.5384131e0 -1.54640134e0 -1.54640134e0
9.9996533e-1 2.5384131e0 -3.77237192e-4 -3.77237192e-4
1.15381023e0 2.5384131e0 1.80332143e0 1.80332143e0
1.307655e0 2.5384131e0 3.86470757e0 3.86470757e0
1.4614998e0 2.5384131e0 6.183768e0 6.183768e0
1.6153445e0 2.5384131e0 8.7604861e0 8.7604861e0
1.7691893e0 2.5384131e0 1.15949034e1 1.15949034e1
1.923034e0 2.5384131e0 1.46870035e1 1.46870035e1
2.0768788e0 2.5384131e0 1.80367445e1 1.80367445e1
2.2307236e0 2.5384131e0 2.16442014e1 2.16442014e1
2.3845683e0 2.5384131e0 2.55093326e1 2.55093326e1
2.5384131e0 2.5384131e0 2.96321048e1 2.96321048e1
2.6922578e0 2.5384131e0 3.4012593e1 3.4012593e1
2.8461026e0 2.5384131e0 3.86507637e1 3.86507637e1
2.9999474e0 2.5384131e0 4.35466087e1 4.35466087e1

-3.0e0 2.6922578e0 4.99860107e1 4.99860107e1
-2.8461552e0 2.6922578e0 4.43663123e1 4.43663123e1
-2.6923105e0 2.6922578e0 3.90424467e1 3.90424467e1
-2.5384657e0 2.6922578e0 3.401429e1 3.401429e1
-2.384621e0 2.6922578e0 2.92818994e1 2.92818994e1
-2.2307762e0 2.6922578e0 2.48452939e1 2.48452939e1
-2.0769315e0 2.6922578e0 2.07044926e1 2.07044926e1
-1.9230867e0 2.6922578e0 1.68594193e1 1.68594193e1
-1.769242e0 2.6922578e0 1.33101215e1 1.33101215e1
-1.6153972e0 2.6922578e0 1.00566185e1 1.00566185e1
-1.4615524e0 2.6922578e0 7.0988623e0 7.0988623e0
-1.3077077e0 2.6922578e0 4.43687244e0 4.43687244e0
-1.1538629e0 2.6922578e0 2.07067712e0 2.07067712e0
-1.0000182e0 2.6922578e0 2.28686037e-4 2.28686037e-4
-8.461734e-1 2.6922578e0 -1.77444484e0 -1.77444484e0
-6.923285e-1 2.6922578e0 -3.25334766e0 -3.25334766e0
-5.3848361e-1 2.6922578e0 -4.43647963e0 -4.43647963e0
-3.8463872e-1 2.6922578e0 -5.32384174e0 -5.32384174e0
-2.3079382e-1 2.6922578e0 -5.91543394e0 -5.91543394e0
-7.694893e-2 2.6922578e0 -6.21125531e0 -6.21125531e0
7.689597e-2 2.6922578e0 -6.21130585e0 -6.21130585e0
2.3074086e-1 2.6922578e0 -5.91558649e0 -5.91558649e0
3.8458575e-1 2.6922578e0 -5.3240963e0 -5.3240963e0
5.3843065e-1 2.6922578e0 -4.43683621e0 -4.43683621e0
6.9227554e-1 2.6922578e0 -3.2538053e0 -3.2538053e0
8.4612044e-1 2.6922578e0 -1.77500449e0 -1.77500449e0
9.9996533e-1 2.6922578e0 -4.33003836e-4 -4.33003836e-4
1.15381023e0 2.6922578e0 2.06990486e0 2.06990486e0
1.307655e0 2.6922578e0 4.43602391e0 4.43602391e0
1.4614998e0 2.6922578e0 7.097909e0 7.097909e0
1.6153445e0 2.6922578e0 1.00555411e1 1.00555411e1
1.7691893e0 2.6922578e0 1.33089679e1 1.33089679e1
1.923034e0 2.6922578e0 1.68581703e1 1.68581703e1
2.0768788e0 2.6922578e0 2.07031006e1 2.07031006e1
2.2307236e0 2.6922578e0 2.48438448e1 2.48438448e1
2.3845683e0 2.6922578e0 2.92803549e1 2.92803549e1
2.5384131e0 2.6922578e0 3.4012593e1 3.4012593e1
2.6922578e0 2.6922578e0 3.90406448e1 3.90406448e1
2.8461026e0 2.6922578e0 4.43644722e1 4.43644722e1
2.9999474e0 2.6922578e0 4.99840657e1 4.99840657e1

-3.0e0 2.8461026e0 5.6802417e1 5.6802417e1
-2.8461552e0 2.8461026e0 5.04163812e1 5.04163812e1
-2.6923105e0 2.8461026e0 4.436652e1 4.436652e1
-2.5384657e0 2.8461026e0 3.86526921e1 3.86526921e1
-2.384621e0 2.8461026e0 3.3274963e1 3.3274963e1
-2.2307762e0 2.8461026e0 2.82333542e1 2.82333542e1
-2.0769315e0 2.8461026e0 2.35278873e1 2.35278873e1
-1.9230867e0 2.8461026e0 1.91584755e1 1.91584755e1
-1.769242e0 2.8461026e0 1.51251732e1 1.51251732e1
-1.6153972e0 2.8461026e0 1.1428002e1 1.1428002e1
-1.4615524e0 2.8461026e0 8.0669078e0 8.0669078e0
-1.3077077e0 2.8461026e0 5.04191222e0 5.04191222e0
-1.1538629e0 2.8461026e0 2.35304765e0 2.35304765e0
-1.0000182e0 2.8461026e0 2.598711e-4 2.598711e-4
-8.461734e-1 2.8461026e0 -2.01641928e0 -2.01641928e0
-6.923285e-1 2.8461026e0 -3.69699457e0 -3.69699457e0
-5.3848361e-1 2.8461026e0 -5.04146585e0 -5.04146585e0
-3.8463872e-1 2.8461026e0 -6.04983421e0 -6.04983421e0
-2.3079382e-1 2.8461026e0 -6.72209966e0 -6.72209966e0
-7.694893e-2 2.8461026e0 -7.05826108e0 -7.05826108e0
7.689597e-2 2.8461026e0 -7.0583185e0 -7.0583185e0
2.3074086e-1 2.8461026e0 -6.722273e0 -6.722273e0
3.8458575e-1 2.8461026e0 -6.05012349e0 -6.05012349e0
5.3843065e-1 2.8461026e0 -5.04187105e0 -5.04187105e0
6.9227554e-1 2.8461026e0 -3.6975146e0 -3.6975146e0
8.4612044e-1 2.8461026e0 -2.01705524e0 -2.01705524e0
9.9996533e-1 2.8461026e0 -4.92050958e-4 -4.92050958e-4
1.15381023e0 2.8461026e0 2.35217009e0 2.35217009e0
1.307655e0 2.8461026e0 5.04094798e0 5.04094798e0
1.4614998e0 2.8461026e0 8.0658244e0 8.0658244e0
1.6153445e0 2.8461026e0 1.14267778e1 1.14267778e1
1.7691893e0 2.8461026e0 1.51238623e1 1.51238623e1
1.923034e0 2.8461026e0 1.91570563e1 1.91570563e1
2.0768788e0 2.8461026e0 2.35263054e1 2.35263054e1
2.2307236e0 2.8461026e0 2.82317073e1 2.82317073e1
2.3845683e0 2.8461026e0 3.32732079e1 3.32732079e1
2.5384131e0 2.8461026e0 3.86507637e1 3.86507637e1
2.6922578e0 2.8461026e0 4.43644722e1 4.43644722e1
2.8461026e0 2.8461026e0 5.04142902e1 5.04142902e1
2.9999474e0 2.8461026e0 5.68002068e1 5.68002068e1

-3.0e0 2.9999474e0 6.39975098e1 6.39975098e1
-2.8461552e0 2.9999474e0 5.68025626e1 5.68025626e1
-2.6923105e0 2.9999474e0 4.99863727e1 4.99863727e1
-2.5384657e0 2.9999474e0 4.35487814e1 4.35487814e1
-2.384621e0 2.9999474e0 3.74898619e1 3.74898619e1
-2.2307762e0 2.9999474e0 3.18096387e1 3.18096387e1
-2.0769315e0 2.9999474e0 2.6508136e1 2.6508136e1
-1.9230867e0 2.9999474e0 2.15852562e1 2.15852562e1
-1.769242e0 2.9999474e0 1.70410605e1 1.70410605e1
-1.6153972e0 2.9999474e0 1.28755731e1 1.28755731e1
-1.4615524e0 2.9999474e0 9.0887332e0 9.0887332e0
-1.3077077e0 2.9999474e0 5.68056508e0 5.68056508e0
-1.1538629e0 2.9999474e0 2.65110533e0 2.65110533e0
-1.0000182e0 2.9999474e0 2.92788655e-4 2.92788655e-4
-8.461734e-1 2.9999474e0 -2.27183664e0 -2.27183664e0
-6.923285e-1 2.9999474e0 -4.16528836e0 -4.16528836e0
-5.3848361e-1 2.9999474e0 -5.68006218e0 -5.68006218e0
-3.8463872e-1 2.9999474e0 -6.81615933e0 -6.81615933e0
-2.3079382e-1 2.9999474e0 -7.5735798e0 -7.5735798e0
-7.694893e-2 2.9999474e0 -7.95232239e0 -7.95232239e0
7.689597e-2 2.9999474e0 -7.95238708e0 -7.95238708e0
2.3074086e-1 2.9999474e0 -7.57377512e0 -7.57377512e0
3.8458575e-1 2.9999474e0 -6.81648524e0 -6.81648524e0
5.3843065e-1 2.9999474e0 -5.6805187e0 -5.6805187e0
6.9227554e-1 2.9999474e0 -4.16587427e0 -4.16587427e0
8.4612044e-1 2.9999474e0 -2.27255316e0 -2.27255316e0
9.9996533e-1 2.9999474e0 -5.54378452e-4 -5.54378452e-4
1.15381023e0 2.9999474e0 2.6501166e0 2.6501166e0
1.307655e0 2.9999474e0 5.6794787e0 5.6794787e0
1.4614998e0 2.9999474e0 9.0875125e0 9.0875125e0
1.6153445e0 2.9999474e0 1.28741937e1 1.28741937e1
1.7691893e0 2.9999474e0 1.70395834e1 1.70395834e1
1.923034e0 2.9999474e0 2.1583657e1 2.1583657e1
2.0768788e0 2.9999474e0 2.65063538e1 2.65063538e1
2.2307236e0 2.9999474e0 3.18077832e1 3.18077832e1
2.3845683e0 2.9999474e0 3.74878845e1 3.74878845e1
2.5384131e0 2.9999474e0 4.35466087e1 4.35466087e1
2.6922578e0 2.9999474e0 4.99840657e1 4.99840657e1
2.8461026e0 2.9999474e0 5.68002068e1 5.68002068e1
2.9999474e0 2.9999474e0 6.39950195e1 6.39950195e1
