-3.0e0 -3.0e0 6.14397e-6 6.14397e-6
-2.8461551e0 -3.0e0 1.510242e-5 1.510242e-5
-2.6923102e0 -3.0e0 3.540776e-5 3.540776e-5
-2.5384653e0 -3.0e0 7.91758e-5 7.91758e-5
-2.3846204e0 -3.0e0 1.688565e-4 1.688565e-4
-2.2307755e0 -3.0e0 3.434695e-4 3.434695e-4
-2.0769305e0 -3.0e0 6.663594e-4 6.663594e-4
-1.9230856e0 -3.0e0 1.232997e-3 1.232997e-3
-1.7692407e0 -3.0e0 2.176036e-3 2.176036e-3
-1.6153958e0 -3.0e0 3.662723e-3 3.662723e-3
-1.4615509e0 -3.0e0 5.880177e-3 5.880177e-3
-1.307706e0 -3.0e0 9.003615e-3 9.003615e-3
-1.1538611e0 -3.0e0 1.31488e-2 1.31488e-2
-1.0000162e0 -3.0e0 1.831447e-2 1.831447e-2
-8.461713e-1 -3.0e0 2.433017e-2 2.433017e-2
-6.923264e-1 -3.0e0 3.082771e-2 3.082771e-2
-5.384814e-1 -3.0e0 3.725404e-2 3.725404e-2
-3.846365e-1 -3.0e0 4.293884e-2 4.293884e-2
-2.307916e-1 -3.0e0 4.720282e-2 4.720282e-2
-7.69467e-2 -3.0e0 4.949182e-2 4.949182e-2
7.68982e-2 -3.0e0 4.949182e-2 4.949182e-2
2.307431e-1 -3.0e0 4.720406e-2 4.720406e-2
3.84588e-1 -3.0e0 4.294064e-2 4.294064e-2
5.384329e-1 -3.0e0 3.725592e-2 3.725592e-2
6.922778e-1 -3.0e0 3.082968e-2 3.082968e-2
8.461227e-1 -3.0e0 2.433202e-2 2.433202e-2
9.999677e-1 -3.0e0 1.831589e-2 1.831589e-2
1.1538126e0 -3.0e0 1.315004e-2 1.315004e-2
1.3076575e0 -3.0e0 9.004915e-3 9.004915e-3
1.4615024e0 -3.0e0 5.881088e-3 5.881088e-3
1.6153473e0 -3.0e0 3.663359e-3 3.663359e-3
1.7691922e0 -3.0e0 2.176425e-3 2.176425e-3
1.9230371e0 -3.0e0 1.233229e-3 1.233229e-3
2.076882e0 -3.0e0 6.665033e-4 6.665033e-4
2.230727e0 -3.0e0 3.435503e-4 3.435503e-4
2.3845718e0 -3.0e0 1.688943e-4 1.688943e-4
2.5384167e0 -3.0e0 7.919531e-5 7.919531e-5
2.6922617e0 -3.0e0 3.54168e-5 3.54168e-5
2.8461066e0 -3.0e0 1.510687e-5 1.510687e-5
2.9999515e0 -3.0e0 6.145729e-6 6.145729e-6

-3.0e0 -2.8461551e0 7.165749e-6 7.165749e-6
-2.8461551e0 -2.8461551e0 1.761436e-5 1.761436e-5
-2.6923102e0 -2.8461551e0 4.129681e-5 4.129681e-5
-2.5384653e0 -2.8461551e0 9.234315e-5 9.234315e-5
-2.3846204e0 -2.8461551e0 1.969377e-4 1.969377e-4
-2.2307755e0 -2.8461551e0 4.006006e-4 4.006006e-4
-2.0769305e0 -2.8461551e0 7.771924e-4 7.771924e-4
-1.9230856e0 -2.8461551e0 1.438051e-3 1.438051e-3
-1.7692407e0 -2.8461551e0 2.537936e-3 2.537936e-3
-1.6153958e0 -2.8461551e0 4.271931e-3 4.271931e-3
-1.4615509e0 -2.8461551e0 6.858154e-3 6.858154e-3
-1.307706e0 -2.8461551e0 1.050102e-2 1.050102e-2
-1.1538611e0 -2.8461551e0 1.533551e-2 1.533551e-2
-1.0000162e0 -2.8461551e0 2.136026e-2 2.136026e-2
-8.461713e-1 -2.8461551e0 2.837642e-2 2.837642e-2
-6.923264e-1 -2.8461551e0 3.595456e-2 3.595456e-2
-5.384814e-1 -2.8461551e0 4.344926e-2 4.344926e-2
-3.846365e-1 -2.8461551e0 5.008043e-2 5.008043e-2
-2.307916e-1 -2.8461551e0 5.505392e-2 5.505392e-2
-7.69467e-2 -2.8461551e0 5.772273e-2 5.772273e-2
7.68982e-2 -2.8461551e0 5.772328e-2 5.772328e-2
2.307431e-1 -2.8461551e0 5.505472e-2 5.505472e-2
3.84588e-1 -2.8461551e0 5.008179e-2 5.008179e-2
5.384329e-1 -2.8461551e0 4.345221e-2 4.345221e-2
6.922778e-1 -2.8461551e0 3.595663e-2 3.595663e-2
8.461227e-1 -2.8461551e0 2.837901e-2 2.837901e-2
9.999677e-1 -2.8461551e0 2.136246e-2 2.136246e-2
1.1538126e0 -2.8461551e0 1.533708e-2 1.533708e-2
1.3076575e0 -2.8461551e0 1.050223e-2 1.050223e-2
1.4615024e0 -2.8461551e0 6.85912e-3 6.85912e-3
1.6153473e0 -2.8461551e0 4.272585e-3 4.272585e-3
1.7691922e0 -2.8461551e0 2.538353e-3 2.538353e-3
1.9230371e0 -2.8461551e0 1.438313e-3 1.438313e-3
2.076882e0 -2.8461551e0 7.773431e-4 7.773431e-4
2.230727e0 -2.8461551e0 4.00684e-4 4.00684e-4
2.3845718e0 -2.8461551e0 1.969858e-4 1.969858e-4
2.5384167e0 -2.8461551e0 9.236569e-5 9.236569e-5
2.6922617e0 -2.8461551e0 4.130698e-5 4.130698e-5
2.8461066e0 -2.8461551e0 1.761926e-5 1.761926e-5
2.9999515e0 -2.8461551e0 7.167918e-6 7.167918e-6

-3.0e0 -2.6923102e0 8.357524e-6 8.357524e-6
-2.8461551e0 -2.6923102e0 2.054393e-5 2.054393e-5
-2.6923102e0 -2.6923102e0 4.816473e-5 4.816473e-5
-2.5384653e0 -2.6923102e0 1.07698e-4 1.07698e-4
-2.3846204e0 -2.6923102e0 2.296928e-4 2.296928e-4
-2.2307755e0 -2.6923102e0 4.672249e-4 4.672249e-4
-2.0769305e0 -2.6923102e0 9.06447e-4 9.06447e-4
-1.9230856e0 -2.6923102e0 1.67724e-3 1.67724e-3
-1.7692407e0 -2.6923102e0 2.960014e-3 2.960014e-3
-1.6153958e0 -2.6923102e0 4.98238e-3 4.98238e-3
-1.4615509e0 -2.6923102e0 7.998694e-3 7.998694e-3
-1.307706e0 -2.6923102e0 1.224734e-2 1.224734e-2
-1.1538611e0 -2.6923102e0 1.788606e-2 1.788606e-2
-1.0000162e0 -2.6923102e0 2.49127e-2 2.49127e-2
-8.461713e-1 -2.6923102e0 3.309595e-2 3.309595e-2
-6.923264e-1 -2.6923102e0 4.193375e-2 4.193375e-2
-5.384814e-1 -2.6923102e0 5.067654e-2 5.067654e-2
-3.846365e-1 -2.6923102e0 5.840895e-2 5.840895e-2
-2.307916e-1 -2.6923102e0 6.420972e-2 6.420972e-2
-7.69467e-2 -2.6923102e0 6.732295e-2 6.732295e-2
7.68982e-2 -2.6923102e0 6.732295e-2 6.732295e-2
2.307431e-1 -2.6923102e0 6.421066e-2 6.421066e-2
3.84588e-1 -2.6923102e0 5.841074e-2 5.841074e-2
5.384329e-1 -2.6923102e0 5.067862e-2 5.067862e-2
6.922778e-1 -2.6923102e0 4.193692e-2 4.193692e-2
8.461227e-1 -2.6923102e0 3.30988e-2 3.30988e-2
9.999677e-1 -2.6923102e0 2.491502e-2 2.491502e-2
1.1538126e0 -2.6923102e0 1.788794e-2 1.788794e-2
1.3076575e0 -2.6923102e0 1.224878e-2 1.224878e-2
1.4615024e0 -2.6923102e0 7.999913e-3 7.999913e-3
1.6153473e0 -2.6923102e0 4.983209e-3 4.983209e-3
1.7691922e0 -2.6923102e0 2.96051e-3 2.96051e-3
1.9230371e0 -2.6923102e0 1.677548e-3 1.677548e-3
2.076882e0 -2.6923102e0 9.066214e-4 9.066214e-4
2.230727e0 -2.6923102e0 4.673201e-4 4.673201e-4
2.3845718e0 -2.6923102e0 2.29745e-4 2.29745e-4
2.5384167e0 -2.6923102e0 1.077263e-4 1.077263e-4
2.6922617e0 -2.6923102e0 4.817735e-5 4.817735e-5
2.8461066e0 -2.6923102e0 2.054942e-5 2.054942e-5
2.9999515e0 -2.6923102e0 8.359988e-6 8.359988e-6

-3.0e0 -2.5384653e0 9.747409e-6 9.747409e-6
-2.8461551e0 -2.5384653e0 2.396024e-5 2.396024e-5
-2.6923102e0 -2.5384653e0 5.617491e-5 5.617491e-5
-2.5384653e0 -2.5384653e0 1.25611e-4 1.25611e-4
-2.3846204e0 -2.5384653e0 2.678923e-4 2.678923e-4
-2.2307755e0 -2.5384653e0 5.449219e-4 5.449219e-4
-2.0769305e0 -2.5384653e0 1.057188e-3 1.057188e-3
-1.9230856e0 -2.5384653e0 1.956161e-3 1.956161e-3
-1.7692407e0 -2.5384653e0 3.45226e-3 3.45226e-3
-1.6153958e0 -2.5384653e0 5.811032e-3 5.811032e-3
-1.4615509e0 -2.5384653e0 9.329097e-3 9.329097e-3
-1.307706e0 -2.5384653e0 1.428418e-2 1.428418e-2
-1.1538611e0 -2.5384653e0 2.086058e-2 2.086058e-2
-1.0000162e0 -2.5384653e0 2.905603e-2 2.905603e-2
-8.461713e-1 -2.5384653e0 3.85998e-2 3.85998e-2
-6.923264e-1 -2.5384653e0 4.890854e-2 4.890854e-2
-5.384814e-1 -2.5384653e0 5.910422e-2 5.910422e-2
-3.846365e-1 -2.5384653e0 6.81228e-2 6.81228e-2
-2.307916e-1 -2.5384653e0 7.488824e-2 7.488824e-2
-7.69467e-2 -2.5384653e0 7.851886e-2 7.851886e-2
7.68982e-2 -2.5384653e0 7.852048e-2 7.852048e-2
2.307431e-1 -2.5384653e0 7.489053e-2 7.489053e-2
3.84588e-1 -2.5384653e0 6.812602e-2 6.812602e-2
5.384329e-1 -2.5384653e0 5.910742e-2 5.910742e-2
6.922778e-1 -2.5384653e0 4.891118e-2 4.891118e-2
8.461227e-1 -2.5384653e0 3.860304e-2 3.860304e-2
9.999677e-1 -2.5384653e0 2.905865e-2 2.905865e-2
1.1538126e0 -2.5384653e0 2.086284e-2 2.086284e-2
1.3076575e0 -2.5384653e0 1.428606e-2 1.428606e-2
1.4615024e0 -2.5384653e0 9.330319e-3 9.330319e-3
1.6153473e0 -2.5384653e0 5.811917e-3 5.811917e-3
1.7691922e0 -2.5384653e0 3.452904e-3 3.452904e-3
1.9230371e0 -2.5384653e0 1.956529e-3 1.956529e-3
2.076882e0 -2.5384653e0 1.057388e-3 1.057388e-3
2.230727e0 -2.5384653e0 5.450484e-4 5.450484e-4
2.3845718e0 -2.5384653e0 2.679541e-4 2.679541e-4
2.5384167e0 -2.5384653e0 1.256422e-4 1.256422e-4
2.6922617e0 -2.5384653e0 5.618944e-5 5.618944e-5
2.8461066e0 -2.5384653e0 2.396718e-5 2.396718e-5
2.9999515e0 -2.5384653e0 9.750272e-6 9.750272e-6

-3.0e0 -2.3846204e0 1.136841e-5 1.136841e-5
-2.8461551e0 -2.3846204e0 2.79453e-5 2.79453e-5
-2.6923102e0 -2.3846204e0 6.551816e-5 6.551816e-5
-2.5384653e0 -2.3846204e0 1.46501e-4 1.46501e-4
-2.3846204e0 -2.3846204e0 3.124469e-4 3.124469e-4
-2.2307755e0 -2.3846204e0 6.355554e-4 6.355554e-4
-2.0769305e0 -2.3846204e0 1.232997e-3 1.232997e-3
-1.9230856e0 -2.3846204e0 2.281517e-3 2.281517e-3
-1.7692407e0 -2.3846204e0 4.026463e-3 4.026463e-3
-1.6153958e0 -2.3846204e0 6.777422e-3 6.777422e-3
-1.4615509e0 -2.3846204e0 1.088045e-2 1.088045e-2
-1.307706e0 -2.3846204e0 1.66598e-2 1.66598e-2
-1.1538611e0 -2.3846204e0 2.432968e-2 2.432968e-2
-1.0000162e0 -2.3846204e0 3.388805e-2 3.388805e-2
-8.461713e-1 -2.3846204e0 4.501903e-2 4.501903e-2
-6.923264e-1 -2.3846204e0 5.704181e-2 5.704181e-2
-5.384814e-1 -2.3846204e0 6.893414e-2 6.893414e-2
-3.846365e-1 -2.3846204e0 7.945349e-2 7.945349e-2
-2.307916e-1 -2.3846204e0 8.734315e-2 8.734315e-2
-7.69467e-2 -2.3846204e0 9.157684e-2 9.157684e-2
7.68982e-2 -2.3846204e0 9.157867e-2 9.157867e-2
2.307431e-1 -2.3846204e0 8.734468e-2 8.734468e-2
3.84588e-1 -2.3846204e0 7.945593e-2 7.945593e-2
5.384329e-1 -2.3846204e0 6.893755e-2 6.893755e-2
6.922778e-1 -2.3846204e0 5.704526e-2 5.704526e-2
8.461227e-1 -2.3846204e0 4.502353e-2 4.502353e-2
9.999677e-1 -2.3846204e0 3.389185e-2 3.389185e-2
1.1538126e0 -2.3846204e0 2.433235e-2 2.433235e-2
1.3076575e0 -2.3846204e0 1.666167e-2 1.666167e-2
1.4615024e0 -2.3846204e0 1.088184e-2 1.088184e-2
1.6153473e0 -2.3846204e0 6.778459e-3 6.778459e-3
1.7691922e0 -2.3846204e0 4.02711e-3 4.02711e-3
1.9230371e0 -2.3846204e0 2.28193e-3 2.28193e-3
2.076882e0 -2.3846204e0 1.233244e-3 1.233244e-3
2.230727e0 -2.3846204e0 6.356906e-4 6.356906e-4
2.3845718e0 -2.3846204e0 3.125198e-4 3.125198e-4
2.5384167e0 -2.3846204e0 1.465373e-4 1.465373e-4
2.6922617e0 -2.3846204e0 6.553499e-5 6.553499e-5
2.8461066e0 -2.3846204e0 2.795296e-5 2.795296e-5
2.9999515e0 -2.3846204e0 1.137167e-5 1.137167e-5

-3.0e0 -2.2307755e0 1.325902e-5 1.325902e-5
-2.8461551e0 -2.2307755e0 3.259277e-5 3.259277e-5
-2.6923102e0 -2.2307755e0 7.641412e-5 7.641412e-5
-2.5384653e0 -2.2307755e0 1.708655e-4 1.708655e-4
-2.3846204e0 -2.2307755e0 3.644095e-4 3.644095e-4
-2.2307755e0 -2.2307755e0 7.412479e-4 7.412479e-4
-2.0769305e0 -2.2307755e0 1.438051e-3 1.438051e-3
-1.9230856e0 -2.2307755e0 2.660939e-3 2.660939e-3
-1.7692407e0 -2.2307755e0 4.696089e-3 4.696089e-3
-1.6153958e0 -2.2307755e0 7.904567e-3 7.904567e-3
-1.4615509e0 -2.2307755e0 1.26898e-2 1.26898e-2
-1.307706e0 -2.2307755e0 1.943044e-2 1.943044e-2
-1.1538611e0 -2.2307755e0 2.837642e-2 2.837642e-2
-1.0000162e0 -2.2307755e0 3.952457e-2 3.952457e-2
-8.461713e-1 -2.2307755e0 5.250719e-2 5.250719e-2
-6.923264e-1 -2.2307755e0 6.652855e-2 6.652855e-2
-5.384814e-1 -2.2307755e0 8.039816e-2 8.039816e-2
-3.846365e-1 -2.2307755e0 9.266669e-2 9.266669e-2
-2.307916e-1 -2.2307755e0 1.0182e-1 1.0182e-1
-7.69467e-2 -2.2307755e0 1.0681e-1 1.0681e-1
7.68982e-2 -2.2307755e0 1.0681e-1 1.0681e-1
2.307431e-1 -2.2307755e0 1.0182e-1 1.0182e-1
3.84588e-1 -2.2307755e0 9.267058e-2 9.267058e-2
5.384329e-1 -2.2307755e0 8.040198e-2 8.040198e-2
6.922778e-1 -2.2307755e0 6.65338e-2 6.65338e-2
8.461227e-1 -2.2307755e0 5.251093e-2 5.251093e-2
9.999677e-1 -2.2307755e0 3.952806e-2 3.952806e-2
1.1538126e0 -2.2307755e0 2.837929e-2 2.837929e-2
1.3076575e0 -2.2307755e0 1.943288e-2 1.943288e-2
1.4615024e0 -2.2307755e0 1.269176e-2 1.269176e-2
1.6153473e0 -2.2307755e0 7.90593e-3 7.90593e-3
1.7691922e0 -2.2307755e0 4.69687e-3 4.69687e-3
1.9230371e0 -2.2307755e0 2.661426e-3 2.661426e-3
2.076882e0 -2.2307755e0 1.438362e-3 1.438362e-3
2.230727e0 -2.2307755e0 7.414255e-4 7.414255e-4
2.3845718e0 -2.2307755e0 3.644936e-4 3.644936e-4
2.5384167e0 -2.2307755e0 1.709106e-4 1.709106e-4
2.6922617e0 -2.2307755e0 7.643321e-5 7.643321e-5
2.8461066e0 -2.2307755e0 3.260178e-5 3.260178e-5
2.9999515e0 -2.2307755e0 1.326282e-5 1.326282e-5

-3.0e0 -2.0769305e0 1.546411e-5 1.546411e-5
-2.8461551e0 -2.0769305e0 3.80138e-5 3.80138e-5
-2.6923102e0 -2.0769305e0 8.912291e-5 8.912291e-5
-2.5384653e0 -2.0769305e0 1.992828e-4 1.992828e-4
-2.3846204e0 -2.0769305e0 4.250145e-4 4.250145e-4
-2.2307755e0 -2.0769305e0 8.645396e-4 8.645396e-4
-2.0769305e0 -2.0769305e0 1.67724e-3 1.67724e-3
-1.9230856e0 -2.0769305e0 3.103476e-3 3.103476e-3
-1.7692407e0 -2.0769305e0 5.477072e-3 5.477072e-3
-1.6153958e0 -2.0769305e0 9.219286e-3 9.219286e-3
-1.4615509e0 -2.0769305e0 1.480045e-2 1.480045e-2
-1.307706e0 -2.0769305e0 2.266225e-2 2.266225e-2
-1.1538611e0 -2.0769305e0 3.309567e-2 3.309567e-2
-1.0000162e0 -2.0769305e0 4.609749e-2 4.609749e-2
-8.461713e-1 -2.0769305e0 6.123947e-2 6.123947e-2
-6.923264e-1 -2.0769305e0 7.759354e-2 7.759354e-2
-5.384814e-1 -2.0769305e0 9.37683e-2 9.37683e-2
-3.846365e-1 -2.0769305e0 1.0802e-1 1.0802e-1
-2.307916e-1 -2.0769305e0 1.1882e-1 1.1882e-1
-7.69467e-2 -2.0769305e0 1.2453e-1 1.2453e-1
7.68982e-2 -2.0769305e0 1.2453e-1 1.2453e-1
2.307431e-1 -2.0769305e0 1.1882e-1 1.1882e-1
3.84588e-1 -2.0769305e0 1.0802e-1 1.0802e-1
5.384329e-1 -2.0769305e0 9.377478e-2 9.377478e-2
6.922778e-1 -2.0769305e0 7.759865e-2 7.759865e-2
8.461227e-1 -2.0769305e0 6.124477e-2 6.124477e-2
9.999677e-1 -2.0769305e0 4.610228e-2 4.610228e-2
1.1538126e0 -2.0769305e0 3.309892e-2 3.309892e-2
1.3076575e0 -2.0769305e0 2.2665e-2 2.2665e-2
1.4615024e0 -2.0769305e0 1.480255e-2 1.480255e-2
1.6153473e0 -2.0769305e0 9.220682e-3 9.220682e-3
1.7691922e0 -2.0769305e0 5.478064e-3 5.478064e-3
1.9230371e0 -2.0769305e0 3.104048e-3 3.104048e-3
2.076882e0 -2.0769305e0 1.67757e-3 1.67757e-3
2.230727e0 -2.0769305e0 8.647246e-4 8.647246e-4
2.3845718e0 -2.0769305e0 4.251172e-4 4.251172e-4
2.5384167e0 -2.0769305e0 1.993318e-4 1.993318e-4
2.6922617e0 -2.0769305e0 8.914464e-5 8.914464e-5
2.8461066e0 -2.0769305e0 3.802419e-5 3.802419e-5
2.9999515e0 -2.0769305e0 1.546849e-5 1.546849e-5

-3.0e0 -1.9230856e0 1.803613e-5 1.803613e-5
-2.8461551e0 -1.9230856e0 4.433583e-5 4.433583e-5
-2.6923102e0 -1.9230856e0 1.039424e-4 1.039424e-4
-2.5384653e0 -1.9230856e0 2.324246e-4 2.324246e-4
-2.3846204e0 -1.9230856e0 4.957025e-4 4.957025e-4
-2.2307755e0 -1.9230856e0 1.008287e-3 1.008287e-3
-2.0769305e0 -1.9230856e0 1.956161e-3 1.956161e-3
-1.9230856e0 -1.9230856e0 3.619691e-3 3.619691e-3
-1.7692407e0 -1.9230856e0 6.388019e-3 6.388019e-3
-1.6153958e0 -1.9230856e0 1.075237e-2 1.075237e-2
-1.4615509e0 -1.9230856e0 1.726184e-2 1.726184e-2
-1.307706e0 -1.9230856e0 2.643117e-2 2.643117e-2
-1.1538611e0 -1.9230856e0 3.85994e-2 3.85994e-2
-1.0000162e0 -1.9230856e0 5.37639e-2 5.37639e-2
-8.461713e-1 -1.9230856e0 7.142383e-2 7.142383e-2
-6.923264e-1 -1.9230856e0 9.049779e-2 9.049779e-2
-5.384814e-1 -1.9230856e0 1.0931e-1 1.0931e-1
-3.846365e-1 -1.9230856e0 1.2602e-1 1.2602e-1
-2.307916e-1 -1.9230856e0 1.3852e-1 1.3852e-1
-7.69467e-2 -1.9230856e0 1.4523e-1 1.4523e-1
7.68982e-2 -1.9230856e0 1.4523e-1 1.4523e-1
2.307431e-1 -1.9230856e0 1.3852e-1 1.3852e-1
3.84588e-1 -1.9230856e0 1.2602e-1 1.2602e-1
5.384329e-1 -1.9230856e0 1.0931e-1 1.0931e-1
6.922778e-1 -1.9230856e0 9.05045e-2 9.05045e-2
8.461227e-1 -1.9230856e0 7.143047e-2 7.143047e-2
9.999677e-1 -1.9230856e0 5.376929e-2 5.376929e-2
1.1538126e0 -1.9230856e0 3.86042e-2 3.86042e-2
1.3076575e0 -1.9230856e0 2.643442e-2 2.643442e-2
1.4615024e0 -1.9230856e0 1.726442e-2 1.726442e-2
1.6153473e0 -1.9230856e0 1.0754e-2 1.0754e-2
1.7691922e0 -1.9230856e0 6.389116e-3 6.389116e-3
1.9230371e0 -1.9230856e0 3.620348e-3 3.620348e-3
2.076882e0 -1.9230856e0 1.956549e-3 1.956549e-3
2.230727e0 -1.9230856e0 1.0085e-3 1.0085e-3
2.3845718e0 -1.9230856e0 4.958168e-4 4.958168e-4
2.5384167e0 -1.9230856e0 2.324823e-4 2.324823e-4
2.6922617e0 -1.9230856e0 1.039691e-4 1.039691e-4
2.8461066e0 -1.9230856e0 4.434778e-5 4.434778e-5
2.9999515e0 -1.9230856e0 1.804156e-5 1.804156e-5

-3.0e0 -1.7692407e0 2.103548e-5 2.103548e-5
-2.8461551e0 -1.7692407e0 5.170876e-5 5.170876e-5
-2.6923102e0 -1.7692407e0 1.212302e-4 1.212302e-4
-2.5384653e0 -1.7692407e0 2.710837e-4 2.710837e-4
-2.3846204e0 -1.7692407e0 5.781435e-4 5.781435e-4
-2.2307755e0 -1.7692407e0 1.17599e-3 1.17599e-3
-2.0769305e0 -1.7692407e0 2.281502e-3 2.281502e-3
-1.9230856e0 -1.7692407e0 4.221669e-3 4.221669e-3
-1.7692407e0 -1.7692407e0 7.450401e-3 7.450401e-3
-1.6153958e0 -1.7692407e0 1.254063e-2 1.254063e-2
-1.4615509e0 -1.7692407e0 2.01328e-2 2.01328e-2
-1.307706e0 -1.7692407e0 3.082678e-2 3.082678e-2
-1.1538611e0 -1.7692407e0 4.501903e-2 4.501903e-2
-1.0000162e0 -1.7692407e0 6.270598e-2 6.270598e-2
-8.461713e-1 -1.7692407e0 8.33027e-2 8.33027e-2
-6.923264e-1 -1.7692407e0 1.0551e-1 1.0551e-1
-5.384814e-1 -1.7692407e0 1.2752e-1 1.2752e-1
-3.846365e-1 -1.7692407e0 1.4703e-1 1.4703e-1
-2.307916e-1 -1.7692407e0 1.6164e-1 1.6164e-1
-7.69467e-2 -1.7692407e0 1.6943e-1 1.6943e-1
7.68982e-2 -1.7692407e0 1.6943e-1 1.6943e-1
2.307431e-1 -1.7692407e0 1.6164e-1 1.6164e-1
3.84588e-1 -1.7692407e0 1.4703e-1 1.4703e-1
5.384329e-1 -1.7692407e0 1.2752e-1 1.2752e-1
6.922778e-1 -1.7692407e0 1.0551e-1 1.0551e-1
8.461227e-1 -1.7692407e0 8.330931e-2 8.330931e-2
9.999677e-1 -1.7692407e0 6.271153e-2 6.271153e-2
1.1538126e0 -1.7692407e0 4.502429e-2 4.502429e-2
1.3076575e0 -1.7692407e0 3.083083e-2 3.083083e-2
1.4615024e0 -1.7692407e0 2.013551e-2 2.013551e-2
1.6153473e0 -1.7692407e0 1.254257e-2 1.254257e-2
1.7691922e0 -1.7692407e0 7.45172e-3 7.45172e-3
1.9230371e0 -1.7692407e0 4.222429e-3 4.222429e-3
2.076882e0 -1.7692407e0 2.281984e-3 2.281984e-3
2.230727e0 -1.7692407e0 1.176242e-3 1.176242e-3
2.3845718e0 -1.7692407e0 5.782741e-4 5.782741e-4
2.5384167e0 -1.7692407e0 2.711514e-4 2.711514e-4
2.6922617e0 -1.7692407e0 1.212622e-4 1.212622e-4
2.8461066e0 -1.7692407e0 5.17237e-5 5.17237e-5
2.9999515e0 -1.7692407e0 2.104178e-5 2.104178e-5

-3.0e0 -1.6153958e0 2.453395e-5 2.453395e-5
-2.8461551e0 -1.6153958e0 6.030891e-5 6.030891e-5
-2.6923102e0 -1.6153958e0 1.413916e-4 1.413916e-4
-2.5384653e0 -1.6153958e0 3.161664e-4 3.161664e-4
-2.3846204e0 -1.6153958e0 6.742966e-4 6.742966e-4
-2.2307755e0 -1.6153958e0 1.37157e-3 1.37157e-3
-2.0769305e0 -1.6153958e0 2.660939e-3 2.660939e-3
-1.9230856e0 -1.6153958e0 4.92378e-3 4.92378e-3
-1.7692407e0 -1.6153958e0 8.689548e-3 8.689548e-3
-1.6153958e0 -1.6153958e0 1.462617e-2 1.462617e-2
-1.4615509e0 -1.6153958e0 2.348106e-2 2.348106e-2
-1.307706e0 -1.6153958e0 3.595358e-2 3.595358e-2
-1.1538611e0 -1.6153958e0 5.250613e-2 5.250613e-2
-1.0000162e0 -1.6153958e0 7.313406e-2 7.313406e-2
-8.461713e-1 -1.6153958e0 9.715671e-2 9.715671e-2
-6.923264e-1 -1.6153958e0 1.2312e-1 1.2312e-1
-5.384814e-1 -1.6153958e0 1.4873e-1 1.4873e-1
-3.846365e-1 -1.6153958e0 1.7143e-1 1.7143e-1
-2.307916e-1 -1.6153958e0 1.8854e-1 1.8854e-1
-7.69467e-2 -1.6153958e0 1.9763e-1 1.9763e-1
7.68982e-2 -1.6153958e0 1.9763e-1 1.9763e-1
2.307431e-1 -1.6153958e0 1.8854e-1 1.8854e-1
3.84588e-1 -1.6153958e0 1.7143e-1 1.7143e-1
5.384329e-1 -1.6153958e0 1.4873e-1 1.4873e-1
6.922778e-1 -1.6153958e0 1.2312e-1 1.2312e-1
8.461227e-1 -1.6153958e0 9.716547e-2 9.716547e-2
9.999677e-1 -1.6153958e0 7.314224e-2 7.314224e-2
1.1538126e0 -1.6153958e0 5.251183e-2 5.251183e-2
1.3076575e0 -1.6153958e0 3.59583e-2 3.59583e-2
1.4615024e0 -1.6153958e0 2.348425e-2 2.348425e-2
1.6153473e0 -1.6153958e0 1.462845e-2 1.462845e-2
1.7691922e0 -1.6153958e0 8.690993e-3 8.690993e-3
1.9230371e0 -1.6153958e0 4.924638e-3 4.924638e-3
2.076882e0 -1.6153958e0 2.66148e-3 2.66148e-3
2.230727e0 -1.6153958e0 1.371858e-3 1.371858e-3
2.3845718e0 -1.6153958e0 6.744554e-4 6.744554e-4
2.5384167e0 -1.6153958e0 3.16243e-4 3.16243e-4
2.6922617e0 -1.6153958e0 1.414267e-4 1.414267e-4
2.8461066e0 -1.6153958e0 6.032574e-5 6.032574e-5
2.9999515e0 -1.6153958e0 2.454169e-5 2.454169e-5

-3.0e0 -1.4615509e0 2.861482e-5 2.861482e-5
-2.8461551e0 -1.4615509e0 7.033902e-5 7.033902e-5
-2.6923102e0 -1.4615509e0 1.649063e-4 1.649063e-4
-2.5384653e0 -1.4615509e0 3.687428e-4 3.687428e-4
-2.3846204e0 -1.4615509e0 7.864363e-4 7.864363e-4
-2.2307755e0 -1.4615509e0 1.59967e-3 1.59967e-3
-2.0769305e0 -1.4615509e0 3.103476e-3 3.103476e-3
-1.9230856e0 -1.4615509e0 5.742628e-3 5.742628e-3
-1.7692407e0 -1.4615509e0 1.01345e-2 1.01345e-2
-1.6153958e0 -1.4615509e0 1.70585e-2 1.70585e-2
-1.4615509e0 -1.4615509e0 2.738622e-2 2.738622e-2
-1.307706e0 -1.4615509e0 4.193306e-2 4.193306e-2
-1.1538611e0 -1.4615509e0 6.123947e-2 6.123947e-2
-1.0000162e0 -1.4615509e0 8.529826e-2 8.529826e-2
-8.461713e-1 -1.4615509e0 1.1331e-1 1.1331e-1
-6.923264e-1 -1.4615509e0 1.4352e-1 1.4352e-1
-5.384814e-1 -1.4615509e0 1.7354e-1 1.7354e-1
-3.846365e-1 -1.4615509e0 1.9994e-1 1.9994e-1
-2.307916e-1 -1.4615509e0 2.1985e-1 2.1985e-1
-7.69467e-2 -1.4615509e0 2.3055e-1 2.3055e-1
7.68982e-2 -1.4615509e0 2.3055e-1 2.3055e-1
2.307431e-1 -1.4615509e0 2.1985e-1 2.1985e-1
3.84588e-1 -1.4615509e0 2.0004e-1 2.0004e-1
5.384329e-1 -1.4615509e0 1.7354e-1 1.7354e-1
6.922778e-1 -1.4615509e0 1.4352e-1 1.4352e-1
8.461227e-1 -1.4615509e0 1.1331e-1 1.1331e-1
9.999677e-1 -1.4615509e0 8.53059e-2 8.53059e-2
1.1538126e0 -1.4615509e0 6.12456e-2 6.12456e-2
1.3076575e0 -1.4615509e0 4.193817e-2 4.193817e-2
1.4615024e0 -1.4615509e0 2.739032e-2 2.739032e-2
1.6153473e0 -1.4615509e0 1.706158e-2 1.706158e-2
1.7691922e0 -1.4615509e0 1.013622e-2 1.013622e-2
1.9230371e0 -1.4615509e0 5.743668e-3 5.743668e-3
2.076882e0 -1.4615509e0 3.104124e-3 3.104124e-3
2.230727e0 -1.4615509e0 1.6e-3 1.6e-3
2.3845718e0 -1.4615509e0 7.866173e-4 7.866173e-4
2.5384167e0 -1.4615509e0 3.68839e-4 3.68839e-4
2.6922617e0 -1.4615509e0 1.6495e-4 1.6495e-4
2.8461066e0 -1.4615509e0 7.035811e-5 7.035811e-5
2.9999515e0 -1.4615509e0 2.86231e-5 2.86231e-5

-3.0e0 -1.307706e0 3.337349e-5 3.337349e-5
-2.8461551e0 -1.307706e0 8.203636e-5 8.203636e-5
-2.6923102e0 -1.307706e0 1.923323e-4 1.923323e-4
-2.5384653e0 -1.307706e0 4.300743e-4 4.300743e-4
-2.3846204e0 -1.307706e0 9.172235e-4 9.172235e-4
-2.2307755e0 -1.307706e0 1.865695e-3 1.865695e-3
-2.0769305e0 -1.307706e0 3.619691e-3 3.619691e-3
-1.9230856e0 -1.307706e0 6.697656e-3 6.697656e-3
-1.7692407e0 -1.307706e0 1.181996e-2 1.181996e-2
-1.6153958e0 -1.307706e0 1.989589e-2 1.989589e-2
-1.4615509e0 -1.307706e0 3.194098e-2 3.194098e-2
-1.307706e0 -1.307706e0 4.890681e-2 4.890681e-2
-1.1538611e0 -1.307706e0 7.142383e-2 7.142383e-2
-1.0000162e0 -1.307706e0 9.948364e-2 9.948364e-2
-8.461713e-1 -1.307706e0 1.3213e-1 1.3213e-1
-6.923264e-1 -1.307706e0 1.6743e-1 1.6743e-1
-5.384814e-1 -1.307706e0 2.0235e-1 2.0235e-1
-3.846365e-1 -1.307706e0 2.3325e-1 2.3325e-1
-2.307916e-1 -1.307706e0 2.5645e-1 2.5645e-1
-7.69467e-2 -1.307706e0 2.6886e-1 2.6886e-1
7.68982e-2 -1.307706e0 2.6886e-1 2.6886e-1
2.307431e-1 -1.307706e0 2.5645e-1 2.5645e-1
3.84588e-1 -1.307706e0 2.3325e-1 2.3325e-1
5.384329e-1 -1.307706e0 2.0235e-1 2.0235e-1
6.922778e-1 -1.307706e0 1.6743e-1 1.6743e-1
8.461227e-1 -1.307706e0 1.3213e-1 1.3213e-1
9.999677e-1 -1.307706e0 9.949278e-2 9.949278e-2
1.1538126e0 -1.307706e0 7.143105e-2 7.143105e-2
1.3076575e0 -1.307706e0 4.891379e-2 4.891379e-2
1.4615024e0 -1.307706e0 3.194536e-2 3.194536e-2
1.6153473e0 -1.307706e0 1.989885e-2 1.989885e-2
1.7691922e0 -1.307706e0 1.182207e-2 1.182207e-2
1.9230371e0 -1.307706e0 6.698868e-3 6.698868e-3
2.076882e0 -1.307706e0 3.620392e-3 3.620392e-3
2.230727e0 -1.307706e0 1.866147e-3 1.866147e-3
2.3845718e0 -1.307706e0 9.174373e-4 9.174373e-4
2.5384167e0 -1.307706e0 4.301808e-4 4.301808e-4
2.6922617e0 -1.307706e0 1.923795e-4 1.923795e-4
2.8461066e0 -1.307706e0 8.206046e-5 8.206046e-5
2.9999515e0 -1.307706e0 3.33831e-5 3.33831e-5

-3.0e0 -1.1538611e0 3.892397e-5 3.892397e-5
-2.8461551e0 -1.1538611e0 9.568123e-5 9.568123e-5
-2.6923102e0 -1.1538611e0 2.243204e-4 2.243204e-4
-2.5384653e0 -1.1538611e0 5.015973e-4 5.015973e-4
-2.3846204e0 -1.1538611e0 1.069768e-3 1.069768e-3
-2.2307755e0 -1.1538611e0 2.176036e-3 2.176036e-3
-2.0769305e0 -1.1538611e0 4.221669e-3 4.221669e-3
-1.9230856e0 -1.1538611e0 7.811618e-3 7.811618e-3
-1.7692407e0 -1.1538611e0 1.37858e-2 1.37858e-2
-1.6153958e0 -1.1538611e0 2.320465e-2 2.320465e-2
-1.4615509e0 -1.1538611e0 3.725261e-2 3.725261e-2
-1.307706e0 -1.1538611e0 5.704137e-2 5.704137e-2
-1.1538611e0 -1.1538611e0 8.330171e-2 8.330171e-2
-1.0000162e0 -1.1538611e0 1.1601e-1 1.1601e-1
-8.461713e-1 -1.1538611e0 1.5413e-1 1.5413e-1
-6.923264e-1 -1.1538611e0 1.9534e-1 1.9534e-1
-5.384814e-1 -1.1538611e0 2.3605e-1 2.3605e-1
-3.846365e-1 -1.1538611e0 2.7206e-1 2.7206e-1
-2.307916e-1 -1.1538611e0 2.9906e-1 2.9906e-1
-7.69467e-2 -1.1538611e0 3.1357e-1 3.1357e-1
7.68982e-2 -1.1538611e0 3.1357e-1 3.1357e-1
2.307431e-1 -1.1538611e0 2.9906e-1 2.9906e-1
3.84588e-1 -1.1538611e0 2.7206e-1 2.7206e-1
5.384329e-1 -1.1538611e0 2.3605e-1 2.3605e-1
6.922778e-1 -1.1538611e0 1.9534e-1 1.9534e-1
8.461227e-1 -1.1538611e0 1.5413e-1 1.5413e-1
9.999677e-1 -1.1538611e0 1.1601e-1 1.1601e-1
1.1538126e0 -1.1538611e0 8.331047e-2 8.331047e-2
1.3076575e0 -1.1538611e0 5.704832e-2 5.704832e-2
1.4615024e0 -1.1538611e0 3.725801e-2 3.725801e-2
1.6153473e0 -1.1538611e0 2.320815e-2 2.320815e-2
1.7691922e0 -1.1538611e0 1.378821e-2 1.378821e-2
1.9230371e0 -1.1538611e0 7.813084e-3 7.813084e-3
2.076882e0 -1.1538611e0 4.222469e-3 4.222469e-3
2.230727e0 -1.1538611e0 2.17649e-3 2.17649e-3
2.3845718e0 -1.1538611e0 1.070001e-3 1.070001e-3
2.5384167e0 -1.1538611e0 5.01721e-4 5.01721e-4
2.6922617e0 -1.1538611e0 2.243803e-4 2.243803e-4
2.8461066e0 -1.1538611e0 9.570767e-5 9.570767e-5
2.9999515e0 -1.1538611e0 3.89352e-5 3.89352e-5

-3.0e0 -1.0000162e0 4.539711e-5 4.539711e-5
-2.8461551e0 -1.0000162e0 1.11592e-4 1.11592e-4
-2.6923102e0 -1.0000162e0 2.616258e-4 2.616258e-4
-2.5384653e0 -1.0000162e0 5.850206e-4 5.850206e-4
-2.3846204e0 -1.0000162e0 1.247668e-3 1.247668e-3
-2.2307755e0 -1.0000162e0 2.537906e-3 2.537906e-3
-2.0769305e0 -1.0000162e0 4.923705e-3 4.923705e-3
-1.9230856e0 -1.0000162e0 9.110773e-3 9.110773e-3
-1.7692407e0 -1.0000162e0 1.607846e-2 1.607846e-2
-1.6153958e0 -1.0000162e0 2.70637e-2 2.70637e-2
-1.4615509e0 -1.0000162e0 4.344812e-2 4.344812e-2
-1.307706e0 -1.0000162e0 6.652728e-2 6.652728e-2
-1.1538611e0 -1.0000162e0 9.715671e-2 9.715671e-2
-1.0000162e0 -1.0000162e0 1.3533e-1 1.3533e-1
-8.461713e-1 -1.0000162e0 1.7973e-1 1.7973e-1
-6.923264e-1 -1.0000162e0 2.2775e-1 2.2775e-1
-5.384814e-1 -1.0000162e0 2.7525e-1 2.7525e-1
-3.846365e-1 -1.0000162e0 3.1728e-1 3.1728e-1
-2.307916e-1 -1.0000162e0 3.4888e-1 3.4888e-1
-7.69467e-2 -1.0000162e0 3.6578e-1 3.6578e-1
7.68982e-2 -1.0000162e0 3.6578e-1 3.6578e-1
2.307431e-1 -1.0000162e0 3.4888e-1 3.4888e-1
3.84588e-1 -1.0000162e0 3.1737e-1 3.1737e-1
5.384329e-1 -1.0000162e0 2.7536e-1 2.7536e-1
6.922778e-1 -1.0000162e0 2.2784e-1 2.2784e-1
8.461227e-1 -1.0000162e0 1.7984e-1 1.7984e-1
9.999677e-1 -1.0000162e0 1.3533e-1 1.3533e-1
1.1538126e0 -1.0000162e0 9.716698e-2 9.716698e-2
1.3076575e0 -1.0000162e0 6.653642e-2 6.653642e-2
1.4615024e0 -1.0000162e0 4.345477e-2 4.345477e-2
1.6153473e0 -1.0000162e0 2.706819e-2 2.706819e-2
1.7691922e0 -1.0000162e0 1.608136e-2 1.608136e-2
1.9230371e0 -1.0000162e0 9.112416e-3 9.112416e-3
2.076882e0 -1.0000162e0 4.92478e-3 4.92478e-3
2.230727e0 -1.0000162e0 2.538481e-3 2.538481e-3
2.3845718e0 -1.0000162e0 1.247948e-3 1.247948e-3
2.5384167e0 -1.0000162e0 5.8517e-4 5.8517e-4
2.6922617e0 -1.0000162e0 2.616939e-4 2.616939e-4
2.8461066e0 -1.0000162e0 1.116217e-4 1.116217e-4
2.9999515e0 -1.0000162e0 4.541066e-5 4.541066e-5

-3.0e0 -8.461713e-1 5.294675e-5 5.294675e-5
-2.8461551e0 -8.461713e-1 1.301508e-4 1.301508e-4
-2.6923102e0 -8.461713e-1 3.051422e-4 3.051422e-4
-2.5384653e0 -8.461713e-1 6.823183e-4 6.823183e-4
-2.3846204e0 -8.461713e-1 1.455168e-3 1.455168e-3
-2.2307755e0 -8.461713e-1 2.960014e-3 2.960014e-3
-2.0769305e0 -8.461713e-1 5.742628e-3 5.742628e-3
-1.9230856e0 -8.461713e-1 1.062573e-2 1.062573e-2
-1.7692407e0 -8.461713e-1 1.875279e-2 1.875279e-2
-1.6153958e0 -8.461713e-1 3.156488e-2 3.156488e-2
-1.4615509e0 -8.461713e-1 5.067473e-2 5.067473e-2
-1.307706e0 -8.461713e-1 7.75923e-2 7.75923e-2
-1.1538611e0 -8.461713e-1 1.1331e-1 1.1331e-1
-1.0000162e0 -8.461713e-1 1.5784e-1 1.5784e-1
-8.461713e-1 -8.461713e-1 2.0964e-1 2.0964e-1
-6.923264e-1 -8.461713e-1 2.6566e-1 2.6566e-1
-5.384814e-1 -8.461713e-1 3.2108e-1 3.2108e-1
-3.846365e-1 -8.461713e-1 3.7009e-1 3.7009e-1
-2.307916e-1 -8.461713e-1 4.0689e-1 4.0689e-1
-7.69467e-2 -8.461713e-1 4.2659e-1 4.2659e-1
7.68982e-2 -8.461713e-1 4.2659e-1 4.2659e-1
2.307431e-1 -8.461713e-1 4.0689e-1 4.0689e-1
3.84588e-1 -8.461713e-1 3.7009e-1 3.7009e-1
5.384329e-1 -8.461713e-1 3.2108e-1 3.2108e-1
6.922778e-1 -8.461713e-1 2.6566e-1 2.6566e-1
8.461227e-1 -8.461713e-1 2.0975e-1 2.0975e-1
9.999677e-1 -8.461713e-1 1.5784e-1 1.5784e-1
1.1538126e0 -8.461713e-1 1.1331e-1 1.1331e-1
1.3076575e0 -8.461713e-1 7.760196e-2 7.760196e-2
1.4615024e0 -8.461713e-1 5.068155e-2 5.068155e-2
1.6153473e0 -8.461713e-1 3.156976e-2 3.156976e-2
1.7691922e0 -8.461713e-1 1.87557e-2 1.87557e-2
1.9230371e0 -8.461713e-1 1.062767e-2 1.062767e-2
2.076882e0 -8.461713e-1 5.74377e-3 5.74377e-3
2.230727e0 -8.461713e-1 2.960632e-3 2.960632e-3
2.3845718e0 -8.461713e-1 1.455515e-3 1.455515e-3
2.5384167e0 -8.461713e-1 6.824889e-4 6.824889e-4
2.6922617e0 -8.461713e-1 3.052153e-4 3.052153e-4
2.8461066e0 -8.461713e-1 1.301868e-4 1.301868e-4
2.9999515e0 -8.461713e-1 5.29631e-5 5.29631e-5

-3.0e0 -6.923264e-1 6.175374e-5 6.175374e-5
-2.8461551e0 -6.923264e-1 1.517957e-4 1.517957e-4
-2.6923102e0 -6.923264e-1 3.558875e-4 3.558875e-4
-2.5384653e0 -6.923264e-1 7.957938e-4 7.957938e-4
-2.3846204e0 -6.923264e-1 1.697173e-3 1.697173e-3
-2.2307755e0 -6.923264e-1 3.45226e-3 3.45226e-3
-2.0769305e0 -6.923264e-1 6.697656e-3 6.697656e-3
-1.9230856e0 -6.923264e-1 1.239287e-2 1.239287e-2
-1.7692407e0 -6.923264e-1 2.187138e-2 2.187138e-2
-1.6153958e0 -6.923264e-1 3.681433e-2 3.681433e-2
-1.4615509e0 -6.923264e-1 5.910231e-2 5.910231e-2
-1.307706e0 -6.923264e-1 9.049649e-2 9.049649e-2
-1.1538611e0 -6.923264e-1 1.3213e-1 1.3213e-1
-1.0000162e0 -6.923264e-1 1.8404e-1 1.8404e-1
-8.461713e-1 -6.923264e-1 2.4455e-1 2.4455e-1
-6.923264e-1 -6.923264e-1 3.0986e-1 3.0986e-1
-5.384814e-1 -6.923264e-1 3.7448e-1 3.7448e-1
-3.846365e-1 -6.923264e-1 4.317e-1 4.317e-1
-2.307916e-1 -6.923264e-1 4.745e-1 4.745e-1
-7.69467e-2 -6.923264e-1 4.9751e-1 4.9751e-1
7.68982e-2 -6.923264e-1 4.9751e-1 4.9751e-1
2.307431e-1 -6.923264e-1 4.745e-1 4.745e-1
3.84588e-1 -6.923264e-1 4.317e-1 4.317e-1
5.384329e-1 -6.923264e-1 3.7448e-1 3.7448e-1
6.922778e-1 -6.923264e-1 3.0986e-1 3.0986e-1
8.461227e-1 -6.923264e-1 2.4455e-1 2.4455e-1
9.999677e-1 -6.923264e-1 1.8414e-1 1.8414e-1
1.1538126e0 -6.923264e-1 1.3213e-1 1.3213e-1
1.3076575e0 -6.923264e-1 9.050743e-2 9.050743e-2
1.4615024e0 -6.923264e-1 5.911101e-2 5.911101e-2
1.6153473e0 -6.923264e-1 3.681981e-2 3.681981e-2
1.7691922e0 -6.923264e-1 2.187509e-2 2.187509e-2
1.9230371e0 -6.923264e-1 1.239526e-2 1.239526e-2
2.076882e0 -6.923264e-1 6.698997e-3 6.698997e-3
2.230727e0 -6.923264e-1 3.453008e-3 3.453008e-3
2.3845718e0 -6.923264e-1 1.697574e-3 1.697574e-3
2.5384167e0 -6.923264e-1 7.959975e-4 7.959975e-4
2.6922617e0 -6.923264e-1 3.559805e-4 3.559805e-4
2.8461066e0 -6.923264e-1 1.518382e-4 1.518382e-4
2.9999515e0 -6.923264e-1 6.177144e-5 6.177144e-5

-3.0e0 -5.384814e-1 7.202362e-5 7.202362e-5
-2.8461551e0 -5.384814e-1 1.770398e-4 1.770398e-4
-2.6923102e0 -5.384814e-1 4.150743e-4 4.150743e-4
-2.5384653e0 -5.384814e-1 9.281456e-4 9.281456e-4
-2.3846204e0 -5.384814e-1 1.979433e-3 1.979433e-3
-2.2307755e0 -5.384814e-1 4.026402e-3 4.026402e-3
-2.0769305e0 -5.384814e-1 7.811507e-3 7.811507e-3
-1.9230856e0 -5.384814e-1 1.4454e-2 1.4454e-2
-1.7692407e0 -5.384814e-1 2.550877e-2 2.550877e-2
-1.6153958e0 -5.384814e-1 4.293753e-2 4.293753e-2
-1.4615509e0 -5.384814e-1 6.893202e-2 6.893202e-2
-1.307706e0 -5.384814e-1 1.0551e-1 1.0551e-1
-1.1538611e0 -5.384814e-1 1.5413e-1 1.5413e-1
-1.0000162e0 -5.384814e-1 2.1474e-1 2.1474e-1
-8.461713e-1 -5.384814e-1 2.8526e-1 2.8526e-1
-6.923264e-1 -5.384814e-1 3.6148e-1 3.6148e-1
-5.384814e-1 -5.384814e-1 4.368e-1 4.368e-1
-3.846365e-1 -5.384814e-1 5.0342e-1 5.0342e-1
-2.307916e-1 -5.384814e-1 5.5342e-1 5.5342e-1
-7.69467e-2 -5.384814e-1 5.8034e-1 5.8034e-1
7.68982e-2 -5.384814e-1 5.8034e-1 5.8034e-1
2.307431e-1 -5.384814e-1 5.5342e-1 5.5342e-1
3.84588e-1 -5.384814e-1 5.0351e-1 5.0351e-1
5.384329e-1 -5.384814e-1 4.368e-1 4.368e-1
6.922778e-1 -5.384814e-1 3.6148e-1 3.6148e-1
8.461227e-1 -5.384814e-1 2.8526e-1 2.8526e-1
9.999677e-1 -5.384814e-1 2.1474e-1 2.1474e-1
1.1538126e0 -5.384814e-1 1.5413e-1 1.5413e-1
1.3076575e0 -5.384814e-1 1.0551e-1 1.0551e-1
1.4615024e0 -5.384814e-1 6.894185e-2 6.894185e-2
1.6153473e0 -5.384814e-1 4.294418e-2 4.294418e-2
1.7691922e0 -5.384814e-1 2.551338e-2 2.551338e-2
1.9230371e0 -5.384814e-1 1.445673e-2 1.445673e-2
2.076882e0 -5.384814e-1 7.813156e-3 7.813156e-3
2.230727e0 -5.384814e-1 4.027335e-3 4.027335e-3
2.3845718e0 -5.384814e-1 1.979909e-3 1.979909e-3
2.5384167e0 -5.384814e-1 9.283757e-4 9.283757e-4
2.6922617e0 -5.384814e-1 4.151784e-4 4.151784e-4
2.8461066e0 -5.384814e-1 1.770915e-4 1.770915e-4
2.9999515e0 -5.384814e-1 7.204439e-5 7.204439e-5

-3.0e0 -3.846365e-1 8.400148e-5 8.400148e-5
-2.8461551e0 -3.846365e-1 2.064868e-4 2.064868e-4
-2.6923102e0 -3.846365e-1 4.841074e-4 4.841074e-4
-2.5384653e0 -3.846365e-1 1.08248e-3 1.08248e-3
-2.3846204e0 -3.846365e-1 2.30867e-3 2.30867e-3
-2.2307755e0 -3.846365e-1 4.696089e-3 4.696089e-3
-2.0769305e0 -3.846365e-1 9.110773e-3 9.110773e-3
-1.9230856e0 -3.846365e-1 1.685805e-2 1.685805e-2
-1.7692407e0 -3.846365e-1 2.975133e-2 2.975133e-2
-1.6153958e0 -3.846365e-1 5.00782e-2 5.00782e-2
-1.4615509e0 -3.846365e-1 8.03956e-2 8.03956e-2
-1.307706e0 -3.846365e-1 1.2312e-1 1.2312e-1
-1.1538611e0 -3.846365e-1 1.7973e-1 1.7973e-1
-1.0000162e0 -3.846365e-1 2.5046e-1 2.5046e-1
-8.461713e-1 -3.846365e-1 3.3267e-1 3.3267e-1
-6.923264e-1 -3.846365e-1 4.216e-1 4.216e-1
-5.384814e-1 -3.846365e-1 5.0941e-1 5.0941e-1
-3.846365e-1 -3.846365e-1 5.8723e-1 5.8723e-1
-2.307916e-1 -3.846365e-1 6.4555e-1 6.4555e-1
-7.69467e-2 -3.846365e-1 6.7676e-1 6.7676e-1
7.68982e-2 -3.846365e-1 6.7686e-1 6.7686e-1
2.307431e-1 -3.846365e-1 6.4555e-1 6.4555e-1
3.84588e-1 -3.846365e-1 5.8723e-1 5.8723e-1
5.384329e-1 -3.846365e-1 5.0952e-1 5.0952e-1
6.922778e-1 -3.846365e-1 4.216e-1 4.216e-1
8.461227e-1 -3.846365e-1 3.3278e-1 3.3278e-1
9.999677e-1 -3.846365e-1 2.5046e-1 2.5046e-1
1.1538126e0 -3.846365e-1 1.7984e-1 1.7984e-1
1.3076575e0 -3.846365e-1 1.2312e-1 1.2312e-1
1.4615024e0 -3.846365e-1 8.040721e-2 8.040721e-2
1.6153473e0 -3.846365e-1 5.008571e-2 5.008571e-2
1.7691922e0 -3.846365e-1 2.975635e-2 2.975635e-2
1.9230371e0 -3.846365e-1 1.686072e-2 1.686072e-2
2.076882e0 -3.846365e-1 9.11252e-3 9.11252e-3
2.230727e0 -3.846365e-1 4.697089e-3 4.697089e-3
2.3845718e0 -3.846365e-1 2.30921e-3 2.30921e-3
2.5384167e0 -3.846365e-1 1.082753e-3 1.082753e-3
2.6922617e0 -3.846365e-1 4.842259e-4 4.842259e-4
2.8461066e0 -3.846365e-1 2.06544e-4 2.06544e-4
2.9999515e0 -3.846365e-1 8.402678e-5 8.402678e-5

-3.0e0 -2.307916e-1 9.797278e-5 9.797278e-5
-2.8461551e0 -2.307916e-1 2.40827e-4 2.40827e-4
-2.6923102e0 -2.307916e-1 5.646149e-4 5.646149e-4
-2.5384653e0 -2.307916e-1 1.26251e-3 1.26251e-3
-2.3846204e0 -2.307916e-1 2.69261e-3 2.69261e-3
-2.2307755e0 -2.307916e-1 5.477072e-3 5.477072e-3
-2.0769305e0 -2.307916e-1 1.062573e-2 1.062573e-2
-1.9230856e0 -2.307916e-1 1.966165e-2 1.966165e-2
-1.7692407e0 -2.307916e-1 3.469923e-2 3.469923e-2
-1.6153958e0 -2.307916e-1 5.840639e-2 5.840639e-2
-1.4615509e0 -2.307916e-1 9.37656e-2 9.37656e-2
-1.307706e0 -2.307916e-1 1.4352e-1 1.4352e-1
-1.1538611e0 -2.307916e-1 2.0964e-1 2.0964e-1
-1.0000162e0 -2.307916e-1 2.9207e-1 2.9207e-1
-8.461713e-1 -2.307916e-1 3.8799e-1 3.8799e-1
-6.923264e-1 -2.307916e-1 4.9171e-1 4.9171e-1
-5.384814e-1 -2.307916e-1 5.9413e-1 5.9413e-1
-3.846365e-1 -2.307916e-1 6.8486e-1 6.8486e-1
-2.307916e-1 -2.307916e-1 7.5287e-1 7.5287e-1
-7.69467e-2 -2.307916e-1 7.8938e-1 7.8938e-1
7.68982e-2 -2.307916e-1 7.8938e-1 7.8938e-1
2.307431e-1 -2.307916e-1 7.5287e-1 7.5287e-1
3.84588e-1 -2.307916e-1 6.8486e-1 6.8486e-1
5.384329e-1 -2.307916e-1 5.9424e-1 5.9424e-1
6.922778e-1 -2.307916e-1 4.9171e-1 4.9171e-1
8.461227e-1 -2.307916e-1 3.8809e-1 3.8809e-1
9.999677e-1 -2.307916e-1 2.9207e-1 2.9207e-1
1.1538126e0 -2.307916e-1 2.0975e-1 2.0975e-1
1.3076575e0 -2.307916e-1 1.4363e-1 1.4363e-1
1.4615024e0 -2.307916e-1 9.378038e-2 9.378038e-2
1.6153473e0 -2.307916e-1 5.841586e-2 5.841586e-2
1.7691922e0 -2.307916e-1 3.470508e-2 3.470508e-2
1.9230371e0 -2.307916e-1 1.966531e-2 1.966531e-2
2.076882e0 -2.307916e-1 1.062773e-2 1.062773e-2
2.230727e0 -2.307916e-1 5.478261e-3 5.478261e-3
2.3845718e0 -2.307916e-1 2.693222e-3 2.693222e-3
2.5384167e0 -2.307916e-1 1.262834e-3 1.262834e-3
2.6922617e0 -2.307916e-1 5.647678e-4 5.647678e-4
2.8461066e0 -2.307916e-1 2.40893e-4 2.40893e-4
2.9999515e0 -2.307916e-1 9.800087e-5 9.800087e-5

-3.0e0 -7.69467e-2 1.142635e-4 1.142635e-4
-2.8461551e0 -7.69467e-2 2.808794e-4 2.808794e-4
-2.6923102e0 -7.69467e-2 6.585292e-4 6.585292e-4
-2.5384653e0 -7.69467e-2 1.472496e-3 1.472496e-3
-2.3846204e0 -7.69467e-2 3.140407e-3 3.140407e-3
-2.2307755e0 -7.69467e-2 6.388019e-3 6.388019e-3
-2.0769305e0 -7.69467e-2 1.239287e-2 1.239287e-2
-1.9230856e0 -7.69467e-2 2.293163e-2 2.293163e-2
-1.7692407e0 -7.69467e-2 4.046979e-2 4.046979e-2
-1.6153958e0 -7.69467e-2 6.812077e-2 6.812077e-2
-1.4615509e0 -7.69467e-2 1.0931e-1 1.0931e-1
-1.307706e0 -7.69467e-2 1.6743e-1 1.6743e-1
-1.1538611e0 -7.69467e-2 2.4455e-1 2.4455e-1
-1.0000162e0 -7.69467e-2 3.4067e-1 3.4067e-1
-8.461713e-1 -7.69467e-2 4.526e-1 4.526e-1
-6.923264e-1 -7.69467e-2 5.7343e-1 5.7343e-1
-5.384814e-1 -7.69467e-2 6.9296e-1 6.9296e-1
-3.846365e-1 -7.69467e-2 7.9878e-1 7.9878e-1
-2.307916e-1 -7.69467e-2 8.7811e-1 8.7811e-1
-7.69467e-2 -7.69467e-2 9.2061e-1 9.2061e-1
7.68982e-2 -7.69467e-2 9.2072e-1 9.2072e-1
2.307431e-1 -7.69467e-2 8.7811e-1 8.7811e-1
3.84588e-1 -7.69467e-2 7.9878e-1 7.9878e-1
5.384329e-1 -7.69467e-2 6.9305e-1 6.9305e-1
6.922778e-1 -7.69467e-2 5.7353e-1 5.7353e-1
8.461227e-1 -7.69467e-2 4.526e-1 4.526e-1
9.999677e-1 -7.69467e-2 3.4067e-1 3.4067e-1
1.1538126e0 -7.69467e-2 2.4455e-1 2.4455e-1
1.3076575e0 -7.69467e-2 1.6743e-1 1.6743e-1
1.4615024e0 -7.69467e-2 1.0931e-1 1.0931e-1
1.6153473e0 -7.69467e-2 6.813098e-2 6.813098e-2
1.7691922e0 -7.69467e-2 4.047728e-2 4.047728e-2
1.9230371e0 -7.69467e-2 2.293575e-2 2.293575e-2
2.076882e0 -7.69467e-2 1.239543e-2 1.239543e-2
2.230727e0 -7.69467e-2 6.389389e-3 6.389389e-3
2.3845718e0 -7.69467e-2 3.141173e-3 3.141173e-3
2.5384167e0 -7.69467e-2 1.47285e-3 1.47285e-3
2.6922617e0 -7.69467e-2 6.586899e-4 6.586899e-4
2.8461066e0 -7.69467e-2 2.809567e-4 2.809567e-4
2.9999515e0 -7.69467e-2 1.142964e-4 1.142964e-4

-3.0e0 7.68982e-2 1.332678e-4 1.332678e-4
-2.8461551e0 7.68982e-2 3.275937e-4 3.275937e-4
-2.6923102e0 7.68982e-2 7.680464e-4 7.680464e-4
-2.5384653e0 7.68982e-2 1.71738e-3 1.71738e-3
-2.3846204e0 7.68982e-2 3.662723e-3 3.662723e-3
-2.2307755e0 7.68982e-2 7.450401e-3 7.450401e-3
-2.0769305e0 7.68982e-2 1.4454e-2 1.4454e-2
-1.9230856e0 7.68982e-2 2.674556e-2 2.674556e-2
-1.7692407e0 7.68982e-2 4.720074e-2 4.720074e-2
-1.6153958e0 7.68982e-2 7.944943e-2 7.944943e-2
-1.4615509e0 7.68982e-2 1.2752e-1 1.2752e-1
-1.307706e0 7.68982e-2 1.9534e-1 1.9534e-1
-1.1538611e0 7.68982e-2 2.8526e-1 2.8526e-1
-1.0000162e0 7.68982e-2 3.973e-1 3.973e-1
-8.461713e-1 7.68982e-2 5.2782e-1 5.2782e-1
-6.923264e-1 7.68982e-2 6.6885e-1 6.6885e-1
-5.384814e-1 7.68982e-2 8.0829e-1 8.0829e-1
-3.846365e-1 7.68982e-2 9.3163e-1 9.3163e-1
-2.307916e-1 7.68982e-2 1.02391e0 1.02391e0
-7.69467e-2 7.68982e-2 1.07355e0 1.07355e0
7.68982e-2 7.68982e-2 1.07355e0 1.07355e0
2.307431e-1 7.68982e-2 1.02393e0 1.02393e0
3.84588e-1 7.68982e-2 9.3163e-1 9.3163e-1
5.384329e-1 7.68982e-2 8.0829e-1 8.0829e-1
6.922778e-1 7.68982e-2 6.6885e-1 6.6885e-1
8.461227e-1 7.68982e-2 5.2792e-1 5.2792e-1
9.999677e-1 7.68982e-2 3.9738e-1 3.9738e-1
1.1538126e0 7.68982e-2 2.8526e-1 2.8526e-1
1.3076575e0 7.68982e-2 1.9534e-1 1.9534e-1
1.4615024e0 7.68982e-2 1.2752e-1 1.2752e-1
1.6153473e0 7.68982e-2 7.946129e-2 7.946129e-2
1.7691922e0 7.68982e-2 4.720842e-2 4.720842e-2
1.9230371e0 7.68982e-2 2.67503e-2 2.67503e-2
2.076882e0 7.68982e-2 1.445699e-2 1.445699e-2
2.230727e0 7.68982e-2 7.451965e-3 7.451965e-3
2.3845718e0 7.68982e-2 3.66356e-3 3.66356e-3
2.5384167e0 7.68982e-2 1.717792e-3 1.717792e-3
2.6922617e0 7.68982e-2 7.682428e-4 7.682428e-4
2.8461066e0 7.68982e-2 3.276819e-4 3.276819e-4
2.9999515e0 7.68982e-2 1.333061e-4 1.333061e-4

-3.0e0 2.307431e-1 1.554317e-4 1.554317e-4
-2.8461551e0 2.307431e-1 3.820744e-4 3.820744e-4
-2.6923102e0 2.307431e-1 8.957759e-4 8.957759e-4
-2.5384653e0 2.307431e-1 2.002986e-3 2.002986e-3
-2.3846204e0 2.307431e-1 4.271826e-3 4.271826e-3
-2.2307755e0 2.307431e-1 8.68941e-3 8.68941e-3
-2.0769305e0 2.307431e-1 1.685759e-2 1.685759e-2
-1.9230856e0 2.307431e-1 3.119325e-2 3.119325e-2
-1.7692407e0 2.307431e-1 5.505061e-2 5.505061e-2
-1.6153958e0 2.307431e-1 9.2662e-2 9.2662e-2
-1.4615509e0 2.307431e-1 1.4873e-1 1.4873e-1
-1.307706e0 2.307431e-1 2.2775e-1 2.2775e-1
-1.1538611e0 2.307431e-1 3.3267e-1 3.3267e-1
-1.0000162e0 2.307431e-1 4.6341e-1 4.6341e-1
-8.461713e-1 2.307431e-1 6.1565e-1 6.1565e-1
-6.923264e-1 2.307431e-1 7.8008e-1 7.8008e-1
-5.384814e-1 2.307431e-1 9.4272e-1 9.4272e-1
-3.846365e-1 2.307431e-1 1.0863e0 1.0863e0
-2.307916e-1 2.307431e-1 1.19418e0 1.19418e0
-7.69467e-2 2.307431e-1 1.25208e0 1.25208e0
7.68982e-2 2.307431e-1 1.25208e0 1.25208e0
2.307431e-1 2.307431e-1 1.19421e0 1.19421e0
3.84588e-1 2.307431e-1 1.08635e0 1.08635e0
5.384329e-1 2.307431e-1 9.4272e-1 9.4272e-1
6.922778e-1 2.307431e-1 7.8008e-1 7.8008e-1
8.461227e-1 2.307431e-1 6.1574e-1 6.1574e-1
9.999677e-1 2.307431e-1 4.635e-1 4.635e-1
1.1538126e0 2.307431e-1 3.3278e-1 3.3278e-1
1.3076575e0 2.307431e-1 2.2784e-1 2.2784e-1
1.4615024e0 2.307431e-1 1.4873e-1 1.4873e-1
1.6153473e0 2.307431e-1 9.267793e-2 9.267793e-2
1.7691922e0 2.307431e-1 5.506041e-2 5.506041e-2
1.9230371e0 2.307431e-1 3.119911e-2 3.119911e-2
2.076882e0 2.307431e-1 1.686124e-2 1.686124e-2
2.230727e0 2.307431e-1 8.691402e-3 8.691402e-3
2.3845718e0 2.307431e-1 4.272824e-3 4.272824e-3
2.5384167e0 2.307431e-1 2.003494e-3 2.003494e-3
2.6922617e0 2.307431e-1 8.960019e-4 8.960019e-4
2.8461066e0 2.307431e-1 3.821765e-4 3.821765e-4
2.9999515e0 2.307431e-1 1.554767e-4 1.554767e-4

-3.0e0 3.84588e-1 1.812804e-4 1.812804e-4
-2.8461551e0 3.84588e-1 4.456218e-4 4.456218e-4
-2.6923102e0 3.84588e-1 1.044739e-3 1.044739e-3
-2.5384653e0 3.84588e-1 2.336127e-3 2.336127e-3
-2.3846204e0 3.84588e-1 4.98226e-3 4.98226e-3
-2.2307755e0 3.84588e-1 1.01345e-2 1.01345e-2
-2.0769305e0 3.84588e-1 1.966165e-2 1.966165e-2
-1.9230856e0 3.84588e-1 3.638087e-2 3.638087e-2
-1.7692407e0 3.84588e-1 6.420648e-2 6.420648e-2
-1.6153958e0 3.84588e-1 1.0802e-1 1.0802e-1
-1.4615509e0 3.84588e-1 1.7354e-1 1.7354e-1
-1.307706e0 3.84588e-1 2.6566e-1 2.6566e-1
-1.1538611e0 3.84588e-1 3.8799e-1 3.8799e-1
-1.0000162e0 3.84588e-1 5.4053e-1 5.4053e-1
-8.461713e-1 3.84588e-1 7.1806e-1 7.1806e-1
-6.923264e-1 3.84588e-1 9.0982e-1 9.0982e-1
-5.384814e-1 3.84588e-1 1.09923e0 1.09923e0
-3.846365e-1 3.84588e-1 1.26695e0 1.26695e0
-2.307916e-1 3.84588e-1 1.39278e0 1.39278e0
-7.69467e-2 3.84588e-1 1.4603e0 1.4603e0
7.68982e-2 3.84588e-1 1.46033e0 1.46033e0
2.307431e-1 3.84588e-1 1.39279e0 1.39279e0
3.84588e-1 3.84588e-1 1.267e0 1.267e0
5.384329e-1 3.84588e-1 1.09929e0 1.09929e0
6.922778e-1 3.84588e-1 9.0982e-1 9.0982e-1
8.461227e-1 3.84588e-1 7.1806e-1 7.1806e-1
9.999677e-1 3.84588e-1 5.4053e-1 5.4053e-1
1.1538126e0 3.84588e-1 3.8809e-1 3.8809e-1
1.3076575e0 3.84588e-1 2.6576e-1 2.6576e-1
1.4615024e0 3.84588e-1 1.7354e-1 1.7354e-1
1.6153473e0 3.84588e-1 1.0802e-1 1.0802e-1
1.7691922e0 3.84588e-1 6.42175e-2 6.42175e-2
1.9230371e0 3.84588e-1 3.638754e-2 3.638754e-2
2.076882e0 3.84588e-1 1.966554e-2 1.966554e-2
2.230727e0 3.84588e-1 1.013672e-2 1.013672e-2
2.3845718e0 3.84588e-1 4.983481e-3 4.983481e-3
2.5384167e0 3.84588e-1 2.336697e-3 2.336697e-3
2.6922617e0 3.84588e-1 1.04499e-3 1.04499e-3
2.8461066e0 3.84588e-1 4.457433e-4 4.457433e-4
2.9999515e0 3.84588e-1 1.81337e-4 1.81337e-4

-3.0e0 5.384329e-1 2.114308e-4 2.114308e-4
-2.8461551e0 5.384329e-1 5.19732e-4 5.19732e-4
-2.6923102e0 5.384329e-1 1.218484e-3 1.218484e-3
-2.5384653e0 5.384329e-1 2.724637e-3 2.724637e-3
-2.3846204e0 5.384329e-1 5.810982e-3 5.810982e-3
-2.2307755e0 5.384329e-1 1.181996e-2 1.181996e-2
-2.0769305e0 5.384329e-1 2.293163e-2 2.293163e-2
-1.9230856e0 5.384329e-1 4.243242e-2 4.243242e-2
-1.7692407e0 5.384329e-1 7.488438e-2 7.488438e-2
-1.6153958e0 5.384329e-1 1.2602e-1 1.2602e-1
-1.4615509e0 5.384329e-1 2.0235e-1 2.0235e-1
-1.307706e0 5.384329e-1 3.0986e-1 3.0986e-1
-1.1538611e0 5.384329e-1 4.526e-1 4.526e-1
-1.0000162e0 5.384329e-1 6.3034e-1 6.3034e-1
-8.461713e-1 5.384329e-1 8.375e-1 8.375e-1
-6.923264e-1 5.384329e-1 1.06088e0 1.06088e0
-5.384814e-1 5.384329e-1 1.28204e0 1.28204e0
-3.846365e-1 5.384329e-1 1.47766e0 1.47766e0
-2.307916e-1 5.384329e-1 1.62439e0 1.62439e0
-7.69467e-2 5.384329e-1 1.70314e0 1.70314e0
7.68982e-2 5.384329e-1 1.70314e0 1.70314e0
2.307431e-1 5.384329e-1 1.6244e0 1.6244e0
3.84588e-1 5.384329e-1 1.4777e0 1.4777e0
5.384329e-1 5.384329e-1 1.28209e0 1.28209e0
6.922778e-1 5.384329e-1 1.06096e0 1.06096e0
8.461227e-1 5.384329e-1 8.375e-1 8.375e-1
9.999677e-1 5.384329e-1 6.3045e-1 6.3045e-1
1.1538126e0 5.384329e-1 4.526e-1 4.526e-1
1.3076575e0 5.384329e-1 3.0997e-1 3.0997e-1
1.4615024e0 5.384329e-1 2.0235e-1 2.0235e-1
1.6153473e0 5.384329e-1 1.2602e-1 1.2602e-1
1.7691922e0 5.384329e-1 7.489723e-2 7.489723e-2
1.9230371e0 5.384329e-1 4.244005e-2 4.244005e-2
2.076882e0 5.384329e-1 2.29359e-2 2.29359e-2
2.230727e0 5.384329e-1 1.182243e-2 1.182243e-2
2.3845718e0 5.384329e-1 5.812282e-3 5.812282e-3
2.5384167e0 5.384329e-1 2.725356e-3 2.725356e-3
2.6922617e0 5.384329e-1 1.218808e-3 1.218808e-3
2.8461066e0 5.384329e-1 5.198741e-4 5.198741e-4
2.9999515e0 5.384329e-1 2.114938e-4 2.114938e-4

-3.0e0 6.922778e-1 2.465932e-4 2.465932e-4
-2.8461551e0 6.922778e-1 6.061638e-4 6.061638e-4
-2.6923102e0 6.922778e-1 1.421127e-3 1.421127e-3
-2.5384653e0 6.922778e-1 3.177818e-3 3.177818e-3
-2.3846204e0 6.922778e-1 6.77732e-3 6.77732e-3
-2.2307755e0 6.922778e-1 1.378572e-2 1.378572e-2
-2.0769305e0 6.922778e-1 2.674556e-2 2.674556e-2
-1.9230856e0 6.922778e-1 4.948898e-2 4.948898e-2
-1.7692407e0 6.922778e-1 8.73379e-2 8.73379e-2
-1.6153958e0 6.922778e-1 1.4703e-1 1.4703e-1
-1.4615509e0 6.922778e-1 2.3605e-1 2.3605e-1
-1.307706e0 6.922778e-1 3.6137e-1 3.6137e-1
-1.1538611e0 6.922778e-1 5.2782e-1 5.2782e-1
-1.0000162e0 6.922778e-1 7.3528e-1 7.3528e-1
-8.461713e-1 6.922778e-1 9.7673e-1 9.7673e-1
-6.923264e-1 6.922778e-1 1.23732e0 1.23732e0
-5.384814e-1 6.922778e-1 1.49522e0 1.49522e0
-3.846365e-1 6.922778e-1 1.72339e0 1.72339e0
-2.307916e-1 6.922778e-1 1.89452e0 1.89452e0
-7.69467e-2 6.922778e-1 1.98639e0 1.98639e0
7.68982e-2 6.922778e-1 1.98642e0 1.98642e0
2.307431e-1 6.922778e-1 1.89458e0 1.89458e0
3.84588e-1 6.922778e-1 1.72346e0 1.72346e0
5.384329e-1 6.922778e-1 1.49533e0 1.49533e0
6.922778e-1 6.922778e-1 1.23738e0 1.23738e0
8.461227e-1 6.922778e-1 9.7684e-1 9.7684e-1
9.999677e-1 6.922778e-1 7.3528e-1 7.3528e-1
1.1538126e0 6.922778e-1 5.2792e-1 5.2792e-1
1.3076575e0 6.922778e-1 3.6148e-1 3.6148e-1
1.4615024e0 6.922778e-1 2.3605e-1 2.3605e-1
1.6153473e0 6.922778e-1 1.4703e-1 1.4703e-1
1.7691922e0 6.922778e-1 8.735397e-2 8.735397e-2
1.9230371e0 6.922778e-1 4.949791e-2 4.949791e-2
2.076882e0 6.922778e-1 2.675096e-2 2.675096e-2
2.230727e0 6.922778e-1 1.37888e-2 1.37888e-2
2.3845718e0 6.922778e-1 6.778877e-3 6.778877e-3
2.5384167e0 6.922778e-1 3.178575e-3 3.178575e-3
2.6922617e0 6.922778e-1 1.4215e-3 1.4215e-3
2.8461066e0 6.922778e-1 6.063391e-4 6.063391e-4
2.9999515e0 6.922778e-1 2.466656e-4 2.466656e-4

-3.0e0 8.461227e-1 2.876033e-4 2.876033e-4
-2.8461551e0 8.461227e-1 7.069844e-4 7.069844e-4
-2.6923102e0 8.461227e-1 1.657489e-3 1.657489e-3
-2.5384653e0 8.461227e-1 3.70631e-3 3.70631e-3
-2.3846204e0 8.461227e-1 7.904567e-3 7.904567e-3
-2.2307755e0 8.461227e-1 1.607846e-2 1.607846e-2
-2.0769305e0 8.461227e-1 3.119325e-2 3.119325e-2
-1.9230856e0 8.461227e-1 5.771979e-2 5.771979e-2
-1.7692407e0 8.461227e-1 1.0182e-1 1.0182e-1
-1.6153958e0 8.461227e-1 1.7143e-1 1.7143e-1
-1.4615509e0 8.461227e-1 2.7525e-1 2.7525e-1
-1.307706e0 8.461227e-1 4.216e-1 4.216e-1
-1.1538611e0 8.461227e-1 6.1565e-1 6.1565e-1
-1.0000162e0 8.461227e-1 8.575e-1 8.575e-1
-8.461713e-1 8.461227e-1 1.13892e0 1.13892e0
-6.923264e-1 8.461227e-1 1.44307e0 1.44307e0
-5.384814e-1 8.461227e-1 1.7439e0 1.7439e0
-3.846365e-1 8.461227e-1 2.01003e0 2.01003e0
-2.307916e-1 8.461227e-1 2.20963e0 2.20963e0
-7.69467e-2 8.461227e-1 2.31673e0 2.31673e0
7.68982e-2 8.461227e-1 2.31677e0 2.31677e0
2.307431e-1 8.461227e-1 2.20966e0 2.20966e0
3.84588e-1 8.461227e-1 2.01009e0 2.01009e0
5.384329e-1 8.461227e-1 1.74399e0 1.74399e0
6.922778e-1 8.461227e-1 1.44318e0 1.44318e0
8.461227e-1 8.461227e-1 1.13904e0 1.13904e0
9.999677e-1 8.461227e-1 8.576e-1 8.576e-1
1.1538126e0 8.461227e-1 6.1574e-1 6.1574e-1
1.3076575e0 8.461227e-1 4.216e-1 4.216e-1
1.4615024e0 8.461227e-1 2.7536e-1 2.7536e-1
1.6153473e0 8.461227e-1 1.7143e-1 1.7143e-1
1.7691922e0 8.461227e-1 1.0182e-1 1.0182e-1
1.9230371e0 8.461227e-1 5.772977e-2 5.772977e-2
2.076882e0 8.461227e-1 3.119962e-2 3.119962e-2
2.230727e0 8.461227e-1 1.608186e-2 1.608186e-2
2.3845718e0 8.461227e-1 7.906357e-3 7.906357e-3
2.5384167e0 8.461227e-1 3.707211e-3 3.707211e-3
2.6922617e0 8.461227e-1 1.657901e-3 1.657901e-3
2.8461066e0 8.461227e-1 7.07176e-4 7.07176e-4
2.9999515e0 8.461227e-1 2.876906e-4 2.876906e-4

-3.0e0 9.999677e-1 3.35441e-4 3.35441e-4
-2.8461551e0 9.999677e-1 8.245546e-4 8.245546e-4
-2.6923102e0 9.999677e-1 1.93314e-3 1.93314e-3
-2.5384653e0 9.999677e-1 4.322646e-3 4.322646e-3
-2.3846204e0 9.999677e-1 9.21909e-3 9.21909e-3
-2.2307755e0 9.999677e-1 1.875227e-2 1.875227e-2
-2.0769305e0 9.999677e-1 3.638087e-2 3.638087e-2
-1.9230856e0 9.999677e-1 6.731854e-2 6.731854e-2
-1.7692407e0 9.999677e-1 1.1882e-1 1.1882e-1
-1.6153958e0 9.999677e-1 1.9994e-1 1.9994e-1
-1.4615509e0 9.999677e-1 3.2108e-1 3.2108e-1
-1.307706e0 9.999677e-1 4.9171e-1 4.9171e-1
-1.1538611e0 9.999677e-1 7.1806e-1 7.1806e-1
-1.0000162e0 9.999677e-1 1.00014e0 1.00014e0
-8.461713e-1 9.999677e-1 1.32834e0 1.32834e0
-6.923264e-1 9.999677e-1 1.68306e0 1.68306e0
-5.384814e-1 9.999677e-1 2.03392e0 2.03392e0
-3.846365e-1 9.999677e-1 2.34428e0 2.34428e0
-2.307916e-1 9.999677e-1 2.57709e0 2.57709e0
-7.69467e-2 9.999677e-1 2.70206e0 2.70206e0
7.68982e-2 9.999677e-1 2.70206e0 2.70206e0
2.307431e-1 9.999677e-1 2.57715e0 2.57715e0
3.84588e-1 9.999677e-1 2.34439e0 2.34439e0
5.384329e-1 9.999677e-1 2.034e0 2.034e0
6.922778e-1 9.999677e-1 1.68318e0 1.68318e0
8.461227e-1 9.999677e-1 1.32845e0 1.32845e0
9.999677e-1 9.999677e-1 1.00003e0 1.00003e0
1.1538126e0 9.999677e-1 7.1817e-1 7.1817e-1
1.3076575e0 9.999677e-1 4.9171e-1 4.9171e-1
1.4615024e0 9.999677e-1 3.2117e-1 3.2117e-1
1.6153473e0 9.999677e-1 2.0004e-1 2.0004e-1
1.7691922e0 9.999677e-1 1.1882e-1 1.1882e-1
1.9230371e0 9.999677e-1 6.733122e-2 6.733122e-2
2.076882e0 9.999677e-1 3.638834e-2 3.638834e-2
2.230727e0 9.999677e-1 1.875638e-2 1.875638e-2
2.3845718e0 9.999677e-1 9.221255e-3 9.221255e-3
2.5384167e0 9.999677e-1 4.32377e-3 4.32377e-3
2.6922617e0 9.999677e-1 1.933638e-3 1.933638e-3
2.8461066e0 9.999677e-1 8.247815e-4 8.247815e-4
2.9999515e0 9.999677e-1 3.355365e-4 3.355365e-4

-3.0e0 1.1538126e0 3.91226e-4 3.91226e-4
-2.8461551e0 1.1538126e0 9.61701e-4 9.61701e-4
-2.6923102e0 1.1538126e0 2.254677e-3 2.254677e-3
-2.5384653e0 1.1538126e0 5.041623e-3 5.041623e-3
-2.3846204e0 1.1538126e0 1.07521e-2 1.07521e-2
-2.2307755e0 1.1538126e0 2.187138e-2 2.187138e-2
-2.0769305e0 1.1538126e0 4.243242e-2 4.243242e-2
-1.9230856e0 1.1538126e0 7.85138e-2 7.85138e-2
-1.7692407e0 1.1538126e0 1.3852e-1 1.3852e-1
-1.6153958e0 1.1538126e0 2.3325e-1 2.3325e-1
-1.4615509e0 1.1538126e0 3.7448e-1 3.7448e-1
-1.307706e0 1.1538126e0 5.7343e-1 5.7343e-1
-1.1538611e0 1.1538126e0 8.375e-1 8.375e-1
-1.0000162e0 1.1538126e0 1.1662e0 1.1662e0
-8.461713e-1 1.1538126e0 1.54926e0 1.54926e0
-6.923264e-1 1.1538126e0 1.96297e0 1.96297e0
-5.384814e-1 1.1538126e0 2.3722e0 2.3722e0
-3.846365e-1 1.1538126e0 2.73418e0 2.73418e0
-2.307916e-1 1.1538126e0 3.00569e0 3.00569e0
-7.69467e-2 1.1538126e0 3.15143e0 3.15143e0
7.68982e-2 1.1538126e0 3.15146e0 3.15146e0
2.307431e-1 1.1538126e0 3.0057e0 3.0057e0
3.84588e-1 1.1538126e0 2.73428e0 2.73428e0
5.384329e-1 1.1538126e0 2.37231e0 2.37231e0
6.922778e-1 1.1538126e0 1.96312e0 1.96312e0
8.461227e-1 1.1538126e0 1.54936e0 1.54936e0
9.999677e-1 1.1538126e0 1.16632e0 1.16632e0
1.1538126e0 1.1538126e0 8.375e-1 8.375e-1
1.3076575e0 1.1538126e0 5.7353e-1 5.7353e-1
1.4615024e0 1.1538126e0 3.7459e-1 3.7459e-1
1.6153473e0 1.1538126e0 2.3325e-1 2.3325e-1
1.7691922e0 1.1538126e0 1.3852e-1 1.3852e-1
1.9230371e0 1.1538126e0 7.852856e-2 7.852856e-2
2.076882e0 1.1538126e0 4.244037e-2 4.244037e-2
2.230727e0 1.1538126e0 2.18761e-2 2.18761e-2
2.3845718e0 1.1538126e0 1.075475e-2 1.075475e-2
2.5384167e0 1.1538126e0 5.042833e-3 5.042833e-3
2.6922617e0 1.1538126e0 2.255214e-3 2.255214e-3
2.8461066e0 1.1538126e0 9.61967e-4 9.61967e-4
2.9999515e0 1.1538126e0 3.913356e-4 3.913356e-4

-3.0e0 1.3076575e0 4.562943e-4 4.562943e-4
-2.8461551e0 1.3076575e0 1.121606e-3 1.121606e-3
-2.6923102e0 1.3076575e0 2.62963e-3 2.62963e-3
-2.5384653e0 1.3076575e0 5.880074e-3 5.880074e-3
-2.3846204e0 1.3076575e0 1.254054e-2 1.254054e-2
-2.2307755e0 1.3076575e0 2.550877e-2 2.550877e-2
-2.0769305e0 1.3076575e0 4.948898e-2 4.948898e-2
-1.9230856e0 1.3076575e0 9.157289e-2 9.157289e-2
-1.7692407e0 1.3076575e0 1.6164e-1 1.6164e-1
-1.6153958e0 1.3076575e0 2.7206e-1 2.7206e-1
-1.4615509e0 1.3076575e0 4.368e-1 4.368e-1
-1.307706e0 1.3076575e0 6.6885e-1 6.6885e-1
-1.1538611e0 1.3076575e0 9.7673e-1 9.7673e-1
-1.0000162e0 1.3076575e0 1.36014e0 1.36014e0
-8.461713e-1 1.3076575e0 1.8069e0 1.8069e0
-6.923264e-1 1.3076575e0 2.28941e0 2.28941e0
-5.384814e-1 1.3076575e0 2.76672e0 2.76672e0
-3.846365e-1 1.3076575e0 3.18889e0 3.18889e0
-2.307916e-1 1.3076575e0 3.50552e0 3.50552e0
-7.69467e-2 1.3076575e0 3.67558e0 3.67558e0
7.68982e-2 1.3076575e0 3.67558e0 3.67558e0
2.307431e-1 1.3076575e0 3.5056e0 3.5056e0
3.84588e-1 1.3076575e0 3.18895e0 3.18895e0
5.384329e-1 1.3076575e0 2.76683e0 2.76683e0
6.922778e-1 1.3076575e0 2.28958e0 2.28958e0
8.461227e-1 1.3076575e0 1.80705e0 1.80705e0
9.999677e-1 1.3076575e0 1.36029e0 1.36029e0
1.1538126e0 1.3076575e0 9.7684e-1 9.7684e-1
1.3076575e0 1.3076575e0 6.6885e-1 6.6885e-1
1.4615024e0 1.3076575e0 4.368e-1 4.368e-1
1.6153473e0 1.3076575e0 2.7206e-1 2.7206e-1
1.7691922e0 1.3076575e0 1.6164e-1 1.6164e-1
1.9230371e0 1.3076575e0 9.15898e-2 9.15898e-2
2.076882e0 1.3076575e0 4.949855e-2 4.949855e-2
2.230727e0 1.3076575e0 2.551433e-2 2.551433e-2
2.3845718e0 1.3076575e0 1.254326e-2 1.254326e-2
2.5384167e0 1.3076575e0 5.881511e-3 5.881511e-3
2.6922617e0 1.3076575e0 2.630305e-3 2.630305e-3
2.8461066e0 1.3076575e0 1.121927e-3 1.121927e-3
2.9999515e0 1.3076575e0 4.564262e-4 4.564262e-4

-3.0e0 1.4615024e0 5.321788e-4 5.321788e-4
-2.8461551e0 1.4615024e0 1.308157e-3 1.308157e-3
-2.6923102e0 1.4615024e0 3.066948e-3 3.066948e-3
-2.5384653e0 1.4615024e0 6.858052e-3 6.858052e-3
-2.3846204e0 1.4615024e0 1.4626e-2 1.4626e-2
-2.2307755e0 1.4615024e0 2.97508e-2 2.97508e-2
-2.0769305e0 1.4615024e0 5.771936e-2 5.771936e-2
-1.9230856e0 1.4615024e0 1.0681e-1 1.0681e-1
-1.7692407e0 1.4615024e0 1.8843e-1 1.8843e-1
-1.6153958e0 1.4615024e0 3.1728e-1 3.1728e-1
-1.4615509e0 1.4615024e0 5.0941e-1 5.0941e-1
-1.307706e0 1.4615024e0 7.8008e-1 7.8008e-1
-1.1538611e0 1.4615024e0 1.13892e0 1.13892e0
-1.0000162e0 1.4615024e0 1.58633e0 1.58633e0
-8.461713e-1 1.4615024e0 2.10742e0 2.10742e0
-6.923264e-1 1.4615024e0 2.67017e0 2.67017e0
-5.384814e-1 1.4615024e0 3.22682e0 3.22682e0
-3.846365e-1 1.4615024e0 3.71916e0 3.71916e0
-2.307916e-1 1.4615024e0 4.08852e0 4.08852e0
-7.69467e-2 1.4615024e0 4.28677e0 4.28677e0
7.68982e-2 1.4615024e0 4.28677e0 4.28677e0
2.307431e-1 1.4615024e0 4.08865e0 4.08865e0
3.84588e-1 1.4615024e0 3.71936e0 3.71936e0
5.384329e-1 1.4615024e0 3.22696e0 3.22696e0
6.922778e-1 1.4615024e0 2.67033e0 2.67033e0
8.461227e-1 1.4615024e0 2.10757e0 2.10757e0
9.999677e-1 1.4615024e0 1.58649e0 1.58649e0
1.1538126e0 1.4615024e0 1.13905e0 1.13905e0
1.3076575e0 1.4615024e0 7.8018e-1 7.8018e-1
1.4615024e0 1.4615024e0 5.0952e-1 5.0952e-1
1.6153473e0 1.4615024e0 3.1737e-1 3.1737e-1
1.7691922e0 1.4615024e0 1.8854e-1 1.8854e-1
1.9230371e0 1.4615024e0 1.0681e-1 1.0681e-1
2.076882e0 1.4615024e0 5.773157e-2 5.773157e-2
2.230727e0 1.4615024e0 2.975761e-2 2.975761e-2
2.3845718e0 1.4615024e0 1.462923e-2 1.462923e-2
2.5384167e0 1.4615024e0 6.859758e-3 6.859758e-3
2.6922617e0 1.4615024e0 3.067755e-3 3.067755e-3
2.8461066e0 1.4615024e0 1.308519e-3 1.308519e-3
2.9999515e0 1.4615024e0 5.323312e-4 5.323312e-4

-3.0e0 1.6153473e0 6.2068e-4 6.2068e-4
-2.8461551e0 1.6153473e0 1.52572e-3 1.52572e-3
-2.6923102e0 1.6153473e0 3.577055e-3 3.577055e-3
-2.5384653e0 1.6153473e0 7.998593e-3 7.998593e-3
-2.3846204e0 1.6153473e0 1.70585e-2 1.70585e-2
-2.2307755e0 1.6153473e0 3.469923e-2 3.469923e-2
-2.0769305e0 1.6153473e0 6.731854e-2 6.731854e-2
-1.9230856e0 1.6153473e0 1.2453e-1 1.2453e-1
-1.7692407e0 1.6153473e0 2.1985e-1 2.1985e-1
-1.6153958e0 1.6153473e0 3.7009e-1 3.7009e-1
-1.4615509e0 1.6153473e0 5.9413e-1 5.9413e-1
-1.307706e0 1.6153473e0 9.0982e-1 9.0982e-1
-1.1538611e0 1.6153473e0 1.32831e0 1.32831e0
-1.0000162e0 1.6153473e0 1.85016e0 1.85016e0
-8.461713e-1 1.6153473e0 2.45789e0 2.45789e0
-6.923264e-1 1.6153473e0 3.11424e0 3.11424e0
-5.384814e-1 1.6153473e0 3.7635e0 3.7635e0
-3.846365e-1 1.6153473e0 4.33777e0 4.33777e0
-2.307916e-1 1.6153473e0 4.76857e0 4.76857e0
-7.69467e-2 1.6153473e0 4.99974e0 4.99974e0
7.68982e-2 1.6153473e0 4.9998e0 4.9998e0
2.307431e-1 1.6153473e0 4.76865e0 4.76865e0
3.84588e-1 1.6153473e0 4.33794e0 4.33794e0
5.384329e-1 1.6153473e0 3.7637e0 3.7637e0
6.922778e-1 1.6153473e0 3.11441e0 3.11441e0
8.461227e-1 1.6153473e0 2.45808e0 2.45808e0
9.999677e-1 1.6153473e0 1.85037e0 1.85037e0
1.1538126e0 1.6153473e0 1.32848e0 1.32848e0
1.3076575e0 1.6153473e0 9.0991e-1 9.0991e-1
1.4615024e0 1.6153473e0 5.9424e-1 5.9424e-1
1.6153473e0 1.6153473e0 3.7018e-1 3.7018e-1
1.7691922e0 1.6153473e0 2.1985e-1 2.1985e-1
1.9230371e0 1.6153473e0 1.2453e-1 1.2453e-1
2.076882e0 1.6153473e0 6.733221e-2 6.733221e-2
2.230727e0 1.6153473e0 3.470642e-2 3.470642e-2
2.3845718e0 1.6153473e0 1.706262e-2 1.706262e-2
2.5384167e0 1.6153473e0 8.000539e-3 8.000539e-3
2.6922617e0 1.6153473e0 3.577937e-3 3.577937e-3
2.8461066e0 1.6153473e0 1.526125e-3 1.526125e-3
2.9999515e0 1.6153473e0 6.208675e-4 6.208675e-4

-3.0e0 1.7691922e0 7.23915e-4 7.23915e-4
-2.8461551e0 1.7691922e0 1.779439e-3 1.779439e-3
-2.6923102e0 1.7691922e0 4.171936e-3 4.171936e-3
-2.5384653e0 1.7691922e0 9.328796e-3 9.328796e-3
-2.3846204e0 1.7691922e0 1.989551e-2 1.989551e-2
-2.2307755e0 1.7691922e0 4.046979e-2 4.046979e-2
-2.0769305e0 1.7691922e0 7.85138e-2 7.85138e-2
-1.9230856e0 1.7691922e0 1.4523e-1 1.4523e-1
-1.7692407e0 1.7691922e0 2.5645e-1 2.5645e-1
-1.6153958e0 1.7691922e0 4.316e-1 4.316e-1
-1.4615509e0 1.7691922e0 6.9296e-1 6.9296e-1
-1.307706e0 1.7691922e0 1.06087e0 1.06087e0
-1.1538611e0 1.7691922e0 1.54926e0 1.54926e0
-1.0000162e0 1.7691922e0 2.1579e0 2.1579e0
-8.461713e-1 1.7691922e0 2.86665e0 2.86665e0
-6.923264e-1 1.7691922e0 3.63213e0 3.63213e0
-5.384814e-1 1.7691922e0 4.38939e0 4.38939e0
-3.846365e-1 1.7691922e0 5.0592e0 5.0592e0
-2.307916e-1 1.7691922e0 5.56158e0 5.56158e0
-7.69467e-2 1.7691922e0 5.83128e0 5.83128e0
7.68982e-2 1.7691922e0 5.83128e0 5.83128e0
2.307431e-1 1.7691922e0 5.56169e0 5.56169e0
3.84588e-1 1.7691922e0 5.05936e0 5.05936e0
5.384329e-1 1.7691922e0 4.38965e0 4.38965e0
6.922778e-1 1.7691922e0 3.63242e0 3.63242e0
8.461227e-1 1.7691922e0 2.86687e0 2.86687e0
9.999677e-1 1.7691922e0 2.15807e0 2.15807e0
1.1538126e0 1.7691922e0 1.54941e0 1.54941e0
1.3076575e0 1.7691922e0 1.06099e0 1.06099e0
1.4615024e0 1.7691922e0 6.9305e-1 6.9305e-1
1.6153473e0 1.7691922e0 4.317e-1 4.317e-1
1.7691922e0 1.7691922e0 2.5645e-1 2.5645e-1
1.9230371e0 1.7691922e0 1.4532e-1 1.4532e-1
2.076882e0 1.7691922e0 7.853003e-2 7.853003e-2
2.230727e0 1.7691922e0 4.047829e-2 4.047829e-2
2.3845718e0 1.7691922e0 1.990012e-2 1.990012e-2
2.5384167e0 1.7691922e0 9.331201e-3 9.331201e-3
2.6922617e0 1.7691922e0 4.17299e-3 4.17299e-3
2.8461066e0 1.7691922e0 1.779935e-3 1.779935e-3
2.9999515e0 1.7691922e0 7.241228e-4 7.241228e-4

-3.0e0 1.9230371e0 8.44304e-4 8.44304e-4
-2.8461551e0 1.9230371e0 2.075395e-3 2.075395e-3
-2.6923102e0 1.9230371e0 4.865775e-3 4.865775e-3
-2.5384653e0 1.9230371e0 1.088025e-2 1.088025e-2
-2.3846204e0 1.9230371e0 2.320427e-2 2.320427e-2
-2.2307755e0 1.9230371e0 4.719986e-2 4.719986e-2
-2.0769305e0 1.9230371e0 9.157289e-2 9.157289e-2
-1.9230856e0 1.9230371e0 1.6943e-1 1.6943e-1
-1.7692407e0 1.9230371e0 2.9906e-1 2.9906e-1
-1.6153958e0 1.9230371e0 5.0342e-1 5.0342e-1
-1.4615509e0 1.9230371e0 8.0829e-1 8.0829e-1
-1.307706e0 1.9230371e0 1.23727e0 1.23727e0
-1.1538611e0 1.9230371e0 1.8069e0 1.8069e0
-1.0000162e0 1.9230371e0 2.51674e0 2.51674e0
-8.461713e-1 1.9230371e0 3.3434e0 3.3434e0
-6.923264e-1 1.9230371e0 4.23625e0 4.23625e0
-5.384814e-1 1.9230371e0 5.11937e0 5.11937e0
-3.846365e-1 1.9230371e0 5.90054e0 5.90054e0
-2.307916e-1 1.9230371e0 6.48647e0 6.48647e0
-7.69467e-2 1.9230371e0 6.80112e0 6.80112e0
7.68982e-2 1.9230371e0 6.80116e0 6.80116e0
2.307431e-1 1.9230371e0 6.4867e0 6.4867e0
3.84588e-1 1.9230371e0 5.90086e0 5.90086e0
5.384329e-1 1.9230371e0 5.11966e0 5.11966e0
6.922778e-1 1.9230371e0 4.2366e0 4.2366e0
8.461227e-1 1.9230371e0 3.34369e0 3.34369e0
9.999677e-1 1.9230371e0 2.51695e0 2.51695e0
1.1538126e0 1.9230371e0 1.80708e0 1.80708e0
1.3076575e0 1.9230371e0 1.23744e0 1.23744e0
1.4615024e0 1.9230371e0 8.084e-1 8.084e-1
1.6153473e0 1.9230371e0 5.0351e-1 5.0351e-1
1.7691922e0 1.9230371e0 2.9916e-1 2.9916e-1
1.9230371e0 1.9230371e0 1.6943e-1 1.6943e-1
2.076882e0 1.9230371e0 9.159117e-2 9.159117e-2
2.230727e0 1.9230371e0 4.721085e-2 4.721085e-2
2.3845718e0 1.9230371e0 2.320966e-2 2.320966e-2
2.5384167e0 1.9230371e0 1.088284e-2 1.088284e-2
2.6922617e0 1.9230371e0 4.866997e-3 4.866997e-3
2.8461066e0 1.9230371e0 2.075993e-3 2.075993e-3
2.9999515e0 1.9230371e0 8.44551e-4 8.44551e-4

-3.0e0 2.076882e0 9.8473e-4 9.8473e-4
-2.8461551e0 2.076882e0 2.420578e-3 2.420578e-3
-2.6923102e0 2.076882e0 5.675029e-3 5.675029e-3
-2.5384653e0 2.076882e0 1.268959e-2 1.268959e-2
-2.3846204e0 2.076882e0 2.70637e-2 2.70637e-2
-2.2307755e0 2.076882e0 5.505061e-2 5.505061e-2
-2.0769305e0 2.076882e0 1.0681e-1 1.0681e-1
-1.9230856e0 2.076882e0 1.9763e-1 1.9763e-1
-1.7692407e0 2.076882e0 3.4877e-1 3.4877e-1
-1.6153958e0 2.076882e0 5.8713e-1 5.8713e-1
-1.4615509e0 2.076882e0 9.4263e-1 9.4263e-1
-1.307706e0 2.076882e0 1.44305e0 1.44305e0
-1.1538611e0 2.076882e0 2.10739e0 2.10739e0
-1.0000162e0 2.076882e0 2.93529e0 2.93529e0
-8.461713e-1 2.076882e0 3.8994e0 3.8994e0
-6.923264e-1 2.076882e0 4.94081e0 4.94081e0
-5.384814e-1 2.076882e0 5.97087e0 5.97087e0
-3.846365e-1 2.076882e0 6.88193e0 6.88193e0
-2.307916e-1 2.076882e0 7.56541e0 7.56541e0
-7.69467e-2 2.076882e0 7.93222e0 7.93222e0
7.68982e-2 2.076882e0 7.93222e0 7.93222e0
2.307431e-1 2.076882e0 7.56549e0 7.56549e0
3.84588e-1 2.076882e0 6.88216e0 6.88216e0
5.384329e-1 2.076882e0 5.97108e0 5.97108e0
6.922778e-1 2.076882e0 4.94118e0 4.94118e0
8.461227e-1 2.076882e0 3.89978e0 3.89978e0
9.999677e-1 2.076882e0 2.9356e0 2.9356e0
1.1538126e0 2.076882e0 2.10759e0 2.10759e0
1.3076575e0 2.076882e0 1.44324e0 1.44324e0
1.4615024e0 2.076882e0 9.4283e-1 9.4283e-1
1.6153473e0 2.076882e0 5.8723e-1 5.8723e-1
1.7691922e0 2.076882e0 3.4888e-1 3.4888e-1
1.9230371e0 2.076882e0 1.9763e-1 1.9763e-1
2.076882e0 2.076882e0 1.0681e-1 1.0681e-1
2.230727e0 2.076882e0 5.506238e-2 5.506238e-2
2.3845718e0 2.076882e0 2.706995e-2 2.706995e-2
2.5384167e0 2.076882e0 1.269269e-2 1.269269e-2
2.6922617e0 2.076882e0 5.67652e-3 5.67652e-3
2.8461066e0 2.076882e0 2.421243e-3 2.421243e-3
2.9999515e0 2.076882e0 9.85017e-4 9.85017e-4

-3.0e0 2.230727e0 1.148491e-3 1.148491e-3
-2.8461551e0 2.230727e0 2.823132e-3 2.823132e-3
-2.6923102e0 2.230727e0 6.618822e-3 6.618822e-3
-2.5384653e0 2.230727e0 1.479994e-2 1.479994e-2
-2.3846204e0 2.230727e0 3.156464e-2 3.156464e-2
-2.2307755e0 2.230727e0 6.420573e-2 6.420573e-2
-2.0769305e0 2.230727e0 1.2453e-1 1.2453e-1
-1.9230856e0 2.230727e0 2.3055e-1 2.3055e-1
-1.7692407e0 2.230727e0 4.0678e-1 4.0678e-1
-1.6153958e0 2.230727e0 6.8486e-1 6.8486e-1
-1.4615509e0 2.230727e0 1.0992e0 1.0992e0
-1.307706e0 2.230727e0 1.68303e0 1.68303e0
-1.1538611e0 2.230727e0 2.45789e0 2.45789e0
-1.0000162e0 2.230727e0 3.42346e0 3.42346e0
-8.461713e-1 2.230727e0 4.54794e0 4.54794e0
-6.923264e-1 2.230727e0 5.76248e0 5.76248e0
-5.384814e-1 2.230727e0 6.96376e0 6.96376e0
-3.846365e-1 2.230727e0 8.02646e0 8.02646e0
-2.307916e-1 2.230727e0 8.82346e0 8.82346e0
-7.69467e-2 2.230727e0 9.25133e0 9.25133e0
7.68982e-2 2.230727e0 9.25133e0 9.25133e0
2.307431e-1 2.230727e0 8.82375e0 8.82375e0
3.84588e-1 2.230727e0 8.02686e0 8.02686e0
5.384329e-1 2.230727e0 6.9641e0 6.9641e0
6.922778e-1 2.230727e0 5.76288e0 5.76288e0
8.461227e-1 2.230727e0 4.54832e0 4.54832e0
9.999677e-1 2.230727e0 3.42374e0 3.42374e0
1.1538126e0 2.230727e0 2.45815e0 2.45815e0
1.3076575e0 2.230727e0 1.68326e0 1.68326e0
1.4615024e0 2.230727e0 1.09937e0 1.09937e0
1.6153473e0 2.230727e0 6.8495e-1 6.8495e-1
1.7691922e0 2.230727e0 4.0689e-1 4.0689e-1
1.9230371e0 2.230727e0 2.3055e-1 2.3055e-1
2.076882e0 2.230727e0 1.2453e-1 1.2453e-1
2.230727e0 2.230727e0 6.422047e-2 6.422047e-2
2.3845718e0 2.230727e0 3.157156e-2 3.157156e-2
2.5384167e0 2.230727e0 1.480385e-2 1.480385e-2
2.6922617e0 2.230727e0 6.62054e-3 6.62054e-3
2.8461066e0 2.230727e0 2.8239e-3 2.8239e-3
2.9999515e0 2.230727e0 1.148802e-3 1.148802e-3

-3.0e0 2.3845718e0 1.339479e-3 1.339479e-3
-2.8461551e0 2.3845718e0 3.292667e-3 3.292667e-3
-2.6923102e0 2.3845718e0 7.719675e-3 7.719675e-3
-2.5384653e0 2.3845718e0 1.72615e-2 1.72615e-2
-2.3846204e0 2.3845718e0 3.681389e-2 3.681389e-2
-2.2307755e0 2.3845718e0 7.488438e-2 7.488438e-2
-2.0769305e0 2.3845718e0 1.4523e-1 1.4523e-1
-1.9230856e0 2.3845718e0 2.6886e-1 2.6886e-1
-1.7692407e0 2.3845718e0 4.745e-1 4.745e-1
-1.6153958e0 2.3845718e0 7.9869e-1 7.9869e-1
-1.4615509e0 2.3845718e0 1.282e0 1.282e0
-1.307706e0 2.3845718e0 1.96292e0 1.96292e0
-1.1538611e0 2.3845718e0 2.86662e0 2.86662e0
-1.0000162e0 2.3845718e0 3.99277e0 3.99277e0
-8.461713e-1 2.3845718e0 5.30428e0 5.30428e0
-6.923264e-1 2.3845718e0 6.7209e0 6.7209e0
-5.384814e-1 2.3845718e0 8.12187e0 8.12187e0
-3.846365e-1 2.3845718e0 9.36139e0 9.36139e0
-2.307916e-1 2.3845718e0 1.02914e1 1.02914e1
-7.69467e-2 2.3845718e0 1.07901e1 1.07901e1
7.68982e-2 2.3845718e0 1.07903e1 1.07903e1
2.307431e-1 2.3845718e0 1.02916e1 1.02916e1
3.84588e-1 2.3845718e0 9.36168e0 9.36168e0
5.384329e-1 2.3845718e0 8.12245e0 8.12245e0
6.922778e-1 2.3845718e0 6.7212e0 6.7212e0
8.461227e-1 2.3845718e0 5.30476e0 5.30476e0
9.999677e-1 2.3845718e0 3.99324e0 3.99324e0
1.1538126e0 2.3845718e0 2.86691e0 2.86691e0
1.3076575e0 2.3845718e0 1.9632e0 1.9632e0
1.4615024e0 2.3845718e0 1.28217e0 1.28217e0
1.6153473e0 2.3845718e0 7.9889e-1 7.9889e-1
1.7691922e0 2.3845718e0 4.7461e-1 4.7461e-1
1.9230371e0 2.3845718e0 2.6886e-1 2.6886e-1
2.076882e0 2.3845718e0 1.4532e-1 1.4532e-1
2.230727e0 2.3845718e0 7.490045e-2 7.490045e-2
2.3845718e0 2.3845718e0 3.682292e-2 3.682292e-2
2.5384167e0 2.3845718e0 1.726576e-2 1.726576e-2
2.6922617e0 2.3845718e0 7.721564e-3 7.721564e-3
2.8461066e0 2.3845718e0 3.293562e-3 3.293562e-3
2.9999515e0 2.3845718e0 1.339864e-3 1.339864e-3

-3.0e0 2.5384167e0 1.562257e-3 1.562257e-3
-2.8461551e0 2.5384167e0 3.840234e-3 3.840234e-3
-2.6923102e0 2.5384167e0 9.003522e-3 9.003522e-3
-2.5384653e0 2.5384167e0 2.013231e-2 2.013231e-2
-2.3846204e0 2.5384167e0 4.293678e-2 4.293678e-2
-2.2307755e0 2.5384167e0 8.73379e-2 8.73379e-2
-2.0769305e0 2.5384167e0 1.6943e-1 1.6943e-1
-1.9230856e0 2.5384167e0 3.1357e-1 3.1357e-1
-1.7692407e0 2.5384167e0 5.5342e-1 5.5342e-1
-1.6153958e0 2.5384167e0 9.3163e-1 9.3163e-1
-1.4615509e0 2.5384167e0 1.49518e0 1.49518e0
-1.307706e0 2.5384167e0 2.28938e0 2.28938e0
-1.1538611e0 2.5384167e0 3.34334e0 3.34334e0
-1.0000162e0 2.5384167e0 4.65683e0 4.65683e0
-8.461713e-1 2.5384167e0 6.18657e0 6.18657e0
-6.923264e-1 2.5384167e0 7.83867e0 7.83867e0
-5.384814e-1 2.5384167e0 9.47269e0 9.47269e0
-3.846365e-1 2.5384167e0 1.09186e1 1.09186e1
-2.307916e-1 2.5384167e0 1.20027e1 1.20027e1
-7.69467e-2 2.5384167e0 1.25847e1 1.25847e1
7.68982e-2 2.5384167e0 1.25847e1 1.25847e1
2.307431e-1 2.5384167e0 1.20029e1 1.20029e1
3.84588e-1 2.5384167e0 1.09189e1 1.09189e1
5.384329e-1 2.5384167e0 9.47325e0 9.47325e0
6.922778e-1 2.5384167e0 7.83925e0 7.83925e0
8.461227e-1 2.5384167e0 6.187e0 6.187e0
9.999677e-1 2.5384167e0 4.65736e0 4.65736e0
1.1538126e0 2.5384167e0 3.3438e0 3.3438e0
1.3076575e0 2.5384167e0 2.28966e0 2.28966e0
1.4615024e0 2.5384167e0 1.4954e0 1.4954e0
1.6153473e0 2.5384167e0 9.3172e-1 9.3172e-1
1.7691922e0 2.5384167e0 5.5353e-1 5.5353e-1
1.9230371e0 2.5384167e0 3.1367e-1 3.1367e-1
2.076882e0 2.5384167e0 1.6943e-1 1.6943e-1
2.230727e0 2.5384167e0 8.735652e-2 8.735652e-2
2.3845718e0 2.5384167e0 4.294688e-2 4.294688e-2
2.5384167e0 2.5384167e0 2.013734e-2 2.013734e-2
2.6922617e0 2.5384167e0 9.005794e-3 9.005794e-3
2.8461066e0 2.5384167e0 3.841318e-3 3.841318e-3
2.9999515e0 2.5384167e0 1.56271e-3 1.56271e-3

-3.0e0 2.6922617e0 1.822064e-3 1.822064e-3
-2.8461551e0 2.6922617e0 4.478899e-3 4.478899e-3
-2.6923102e0 2.6922617e0 1.05006e-2 1.05006e-2
-2.5384653e0 2.6922617e0 2.348045e-2 2.348045e-2
-2.3846204e0 2.6922617e0 5.00772e-2 5.00772e-2
-2.2307755e0 2.6922617e0 1.0182e-1 1.0182e-1
-2.0769305e0 2.6922617e0 1.9763e-1 1.9763e-1
-1.9230856e0 2.6922617e0 3.6568e-1 3.6568e-1
-1.7692407e0 2.6922617e0 6.4545e-1 6.4545e-1
-1.6153958e0 2.6922617e0 1.08627e0 1.08627e0
-1.4615509e0 2.6922617e0 1.74385e0 1.74385e0
-1.307706e0 2.6922617e0 2.6701e0 2.6701e0
-1.1538611e0 2.6922617e0 3.8994e0 3.8994e0
-1.0000162e0 2.6922617e0 5.4314e0 5.4314e0
-8.461713e-1 2.6922617e0 7.21544e0 7.21544e0
-6.923264e-1 2.6922617e0 9.14229e0 9.14229e0
-5.384814e-1 2.6922617e0 1.10483e1 1.10483e1
-3.846365e-1 2.6922617e0 1.27342e1 1.27342e1
-2.307916e-1 2.6922617e0 1.39987e1 1.39987e1
-7.69467e-2 2.6922617e0 1.46776e1 1.46776e1
7.68982e-2 2.6922617e0 1.46777e1 1.46777e1
2.307431e-1 2.6922617e0 1.3999e1 1.3999e1
3.84588e-1 2.6922617e0 1.27348e1 1.27348e1
5.384329e-1 2.6922617e0 1.1049e1 1.1049e1
6.922778e-1 2.6922617e0 9.14287e0 9.14287e0
8.461227e-1 2.6922617e0 7.21596e0 7.21596e0
9.999677e-1 2.6922617e0 5.43195e0 5.43195e0
1.1538126e0 2.6922617e0 3.89981e0 3.89981e0
1.3076575e0 2.6922617e0 2.6705e0 2.6705e0
1.4615024e0 2.6922617e0 1.74408e0 1.74408e0
1.6153473e0 2.6922617e0 1.08644e0 1.08644e0
1.7691922e0 2.6922617e0 6.4555e-1 6.4555e-1
1.9230371e0 2.6922617e0 3.6578e-1 3.6578e-1
2.076882e0 2.6922617e0 1.9763e-1 1.9763e-1
2.230727e0 2.6922617e0 1.0182e-1 1.0182e-1
2.3845718e0 2.6922617e0 5.008907e-2 5.008907e-2
2.5384167e0 2.6922617e0 2.348633e-2 2.348633e-2
2.6922617e0 2.6922617e0 1.05033e-2 1.05033e-2
2.8461066e0 2.6922617e0 4.480229e-3 4.480229e-3
2.9999515e0 2.6922617e0 1.822589e-3 1.822589e-3

-3.0e0 2.8461066e0 2.125093e-3 2.125093e-3
-2.8461551e0 2.8461066e0 5.223875e-3 5.223875e-3
-2.6923102e0 2.8461066e0 1.224718e-2 1.224718e-2
-2.5384653e0 2.8461066e0 2.738567e-2 2.738567e-2
-2.3846204e0 2.8461066e0 5.840639e-2 5.840639e-2
-2.2307755e0 2.8461066e0 1.1882e-1 1.1882e-1
-2.0769305e0 2.8461066e0 2.3055e-1 2.3055e-1
-1.9230856e0 2.8461066e0 4.2659e-1 4.2659e-1
-1.7692407e0 2.8461066e0 7.5287e-1 7.5287e-1
-1.6153958e0 2.8461066e0 1.2669e0 1.2669e0
-1.4615509e0 2.8461066e0 2.03384e0 2.03384e0
-1.307706e0 2.8461066e0 3.11423e0 3.11423e0
-1.1538611e0 2.8461066e0 4.54791e0 4.54791e0
-1.0000162e0 2.8461066e0 6.33464e0 6.33464e0
-8.461713e-1 2.8461066e0 8.41545e0 8.41545e0
-6.923264e-1 2.8461066e0 1.0663e1 1.0663e1
-5.384814e-1 2.8461066e0 1.28856e1 1.28856e1
-3.846365e-1 2.8461066e0 1.48521e1 1.48521e1
-2.307916e-1 2.8461066e0 1.63269e1 1.63269e1
-7.69467e-2 2.8461066e0 1.71184e1 1.71184e1
7.68982e-2 2.8461066e0 1.71185e1 1.71185e1
2.307431e-1 2.8461066e0 1.6327e1 1.6327e1
3.84588e-1 2.8461066e0 1.48526e1 1.48526e1
5.384329e-1 2.8461066e0 1.28865e1 1.28865e1
6.922778e-1 2.8461066e0 1.06636e1 1.06636e1
8.461227e-1 2.8461066e0 8.41614e0 8.41614e0
9.999677e-1 2.8461066e0 6.33531e0 6.33531e0
1.1538126e0 2.8461066e0 4.54836e0 4.54836e0
1.3076575e0 2.8461066e0 3.1146e0 3.1146e0
1.4615024e0 2.8461066e0 2.03412e0 2.03412e0
1.6153473e0 2.8461066e0 1.26709e0 1.26709e0
1.7691922e0 2.8461066e0 7.5298e-1 7.5298e-1
1.9230371e0 2.8461066e0 4.2659e-1 4.2659e-1
2.076882e0 2.8461066e0 2.3055e-1 2.3055e-1
2.230727e0 2.8461066e0 1.1882e-1 1.1882e-1
2.3845718e0 2.8461066e0 5.841971e-2 5.841971e-2
2.5384167e0 2.8461066e0 2.739247e-2 2.739247e-2
2.6922617e0 2.8461066e0 1.225005e-2 1.225005e-2
2.8461066e0 2.8461066e0 5.225327e-3 5.225327e-3
2.9999515e0 2.8461066e0 2.12574e-3 2.12574e-3

-3.0e0 2.9999515e0 2.478525e-3 2.478525e-3
-2.8461551e0 2.9999515e0 6.092632e-3 6.092632e-3
-2.6923102e0 2.9999515e0 1.42838e-2 1.42838e-2
-2.5384653e0 2.9999515e0 3.193974e-2 3.193974e-2
-2.3846204e0 2.9999515e0 6.812006e-2 6.812006e-2
-2.2307755e0 2.9999515e0 1.3852e-1 1.3852e-1
-2.0769305e0 2.9999515e0 2.6886e-1 2.6886e-1
-1.9230856e0 2.9999515e0 4.9751e-1 4.9751e-1
-1.7692407e0 2.9999515e0 8.78e-1 8.78e-1
-1.6153958e0 2.9999515e0 1.4776e0 1.4776e0
-1.4615509e0 2.9999515e0 2.37213e0 2.37213e0
-1.307706e0 2.9999515e0 3.63211e0 3.63211e0
-1.1538611e0 2.9999515e0 5.30428e0 5.30428e0
-1.0000162e0 2.9999515e0 7.3881e0 7.3881e0
-8.461713e-1 2.9999515e0 9.81499e0 9.81499e0
-6.923264e-1 2.9999515e0 1.24362e1 1.24362e1
-5.384814e-1 2.9999515e0 1.50285e1 1.50285e1
-3.846365e-1 2.9999515e0 1.7322e1 1.7322e1
-2.307916e-1 2.9999515e0 1.90419e1 1.90419e1
-7.69467e-2 2.9999515e0 1.99652e1 1.99652e1
7.68982e-2 2.9999515e0 1.99652e1 1.99652e1
2.307431e-1 2.9999515e0 1.90424e1 1.90424e1
3.84588e-1 2.9999515e0 1.73227e1 1.73227e1
5.384329e-1 2.9999515e0 1.50291e1 1.50291e1
6.922778e-1 2.9999515e0 1.24371e1 1.24371e1
8.461227e-1 2.9999515e0 9.81583e0 9.81583e0
9.999677e-1 2.9999515e0 7.389e0 7.389e0
1.1538126e0 2.9999515e0 5.30492e0 5.30492e0
1.3076575e0 2.9999515e0 3.63258e0 3.63258e0
1.4615024e0 2.9999515e0 2.37245e0 2.37245e0
1.6153473e0 2.9999515e0 1.47783e0 1.47783e0
1.7691922e0 2.9999515e0 8.782e-1 8.782e-1
1.9230371e0 2.9999515e0 4.9762e-1 4.9762e-1
2.076882e0 2.9999515e0 2.6886e-1 2.6886e-1
2.230727e0 2.9999515e0 1.3863e-1 1.3863e-1
2.3845718e0 2.9999515e0 6.813496e-2 6.813496e-2
2.5384167e0 2.9999515e0 3.19483e-2 3.19483e-2
2.6922617e0 2.9999515e0 1.428752e-2 1.428752e-2
2.8461066e0 2.9999515e0 6.094284e-3 6.094284e-3
2.9999515e0 2.9999515e0 2.47925e-3 2.47925e-3
