1.0e-1 1.0e-1 -1.204e0 -1.204e0
2.0e-1 1.0e-1 -9.1629e-1 -9.1629e-1
3.0e-1 1.0e-1 -6.9316e-1 -6.9316e-1
4.0e-1 1.0e-1 -5.1085e-1 -5.1085e-1
5.0e-1 1.0e-1 -3.5678e-1 -3.5678e-1
6.0e-1 1.0e-1 -2.2314e-1 -2.2314e-1
7.0e-1 1.0e-1 -1.0538e-1 -1.0538e-1
8.0e-1 1.0e-1 0.0e0 0.0e0
9.0e-1 1.0e-1 9.529e-2 9.529e-2
1.0e0 1.0e-1 1.823e-1 1.823e-1
1.1e0 1.0e-1 2.6236e-1 2.6236e-1
1.2e0 1.0e-1 3.3644e-1 3.3644e-1
1.3e0 1.0e-1 4.0544e-1 4.0544e-1
1.4e0 1.0e-1 4.6994e-1 4.6994e-1
1.5e0 1.0e-1 5.3053e-1 5.3053e-1
1.6e0 1.0e-1 5.8774e-1 5.8774e-1
1.7e0 1.0e-1 6.4177e-1 6.4177e-1
1.8e0 1.0e-1 6.9305e-1 6.9305e-1
1.9e0 1.0e-1 7.4191e-1 7.4191e-1
2.0e0 1.0e-1 7.8842e-1 7.8842e-1
2.1e0 1.0e-1 8.3289e-1 8.3289e-1
2.2e0 1.0e-1 8.7544e-1 8.7544e-1
2.3e0 1.0e-1 9.1628e-1 9.1628e-1
2.4e0 1.0e-1 9.555e-1 9.555e-1
2.5e0 1.0e-1 9.9321e-1 9.9321e-1
2.6e0 1.0e-1 1.02959e0 1.02959e0
2.7e0 1.0e-1 1.0647e0 1.0647e0
2.8e0 1.0e-1 1.09859e0 1.09859e0
2.9e0 1.0e-1 1.13132e0 1.13132e0
3.0e0 1.0e-1 1.16307e0 1.16307e0
3.1e0 1.0e-1 1.19383e0 1.19383e0
3.2e0 1.0e-1 1.22368e0 1.22368e0
3.3e0 1.0e-1 1.25266e0 1.25266e0
3.4e0 1.0e-1 1.28088e0 1.28088e0
3.5e0 1.0e-1 1.30827e0 1.30827e0
3.6e0 1.0e-1 1.33492e0 1.33492e0
3.7e0 1.0e-1 1.36092e0 1.36092e0
3.8e0 1.0e-1 1.38629e0 1.38629e0
3.9e0 1.0e-1 1.41096e0 1.41096e0
4.0e0 1.0e-1 1.43503e0 1.43503e0
4.1e0 1.0e-1 1.45857e0 1.45857e0
4.2e0 1.0e-1 1.48157e0 1.48157e0
4.3e0 1.0e-1 1.50406e0 1.50406e0
4.4e0 1.0e-1 1.52603e0 1.52603e0
4.5e0 1.0e-1 1.54755e0 1.54755e0
4.6e0 1.0e-1 1.56859e0 1.56859e0
4.7e0 1.0e-1 1.5892e0 1.5892e0
4.8e0 1.0e-1 1.60942e0 1.60942e0
4.9e0 1.0e-1 1.62921e0 1.62921e0
5.0e0 1.0e-1 1.64864e0 1.64864e0

1.0e-1 2.0e-1 -6.9316e-1 -6.9316e-1
2.0e-1 2.0e-1 -5.1085e-1 -5.1085e-1
3.0e-1 2.0e-1 -3.5678e-1 -3.5678e-1
4.0e-1 2.0e-1 -2.2314e-1 -2.2314e-1
5.0e-1 2.0e-1 -1.0538e-1 -1.0538e-1
6.0e-1 2.0e-1 0.0e0 0.0e0
7.0e-1 2.0e-1 9.529e-2 9.529e-2
8.0e-1 2.0e-1 1.823e-1 1.823e-1
9.0e-1 2.0e-1 2.6236e-1 2.6236e-1
1.0e0 2.0e-1 3.3644e-1 3.3644e-1
1.1e0 2.0e-1 4.0544e-1 4.0544e-1
1.2e0 2.0e-1 4.6994e-1 4.6994e-1
1.3e0 2.0e-1 5.3053e-1 5.3053e-1
1.4e0 2.0e-1 5.8774e-1 5.8774e-1
1.5e0 2.0e-1 6.4177e-1 6.4177e-1
1.6e0 2.0e-1 6.9305e-1 6.9305e-1
1.7e0 2.0e-1 7.4191e-1 7.4191e-1
1.8e0 2.0e-1 7.8842e-1 7.8842e-1
1.9e0 2.0e-1 8.3289e-1 8.3289e-1
2.0e0 2.0e-1 8.7544e-1 8.7544e-1
2.1e0 2.0e-1 9.1628e-1 9.1628e-1
2.2e0 2.0e-1 9.555e-1 9.555e-1
2.3e0 2.0e-1 9.9321e-1 9.9321e-1
2.4e0 2.0e-1 1.02959e0 1.02959e0
2.5e0 2.0e-1 1.0647e0 1.0647e0
2.6e0 2.0e-1 1.09859e0 1.09859e0
2.7e0 2.0e-1 1.13132e0 1.13132e0
2.8e0 2.0e-1 1.16307e0 1.16307e0
2.9e0 2.0e-1 1.19383e0 1.19383e0
3.0e0 2.0e-1 1.22368e0 1.22368e0
3.1e0 2.0e-1 1.25266e0 1.25266e0
3.2e0 2.0e-1 1.28088e0 1.28088e0
3.3e0 2.0e-1 1.30827e0 1.30827e0
3.4e0 2.0e-1 1.33492e0 1.33492e0
3.5e0 2.0e-1 1.36092e0 1.36092e0
3.6e0 2.0e-1 1.38629e0 1.38629e0
3.7e0 2.0e-1 1.41096e0 1.41096e0
3.8e0 2.0e-1 1.43503e0 1.43503e0
3.9e0 2.0e-1 1.45857e0 1.45857e0
4.0e0 2.0e-1 1.48157e0 1.48157e0
4.1e0 2.0e-1 1.50406e0 1.50406e0
4.2e0 2.0e-1 1.52603e0 1.52603e0
4.3e0 2.0e-1 1.54755e0 1.54755e0
4.4e0 2.0e-1 1.56859e0 1.56859e0
4.5e0 2.0e-1 1.5892e0 1.5892e0
4.6e0 2.0e-1 1.60942e0 1.60942e0
4.7e0 2.0e-1 1.62921e0 1.62921e0
4.8e0 2.0e-1 1.64864e0 1.64864e0
4.9e0 2.0e-1 1.66768e0 1.66768e0
5.0e0 2.0e-1 1.68636e0 1.68636e0

1.0e-1 3.0e-1 -3.5678e-1 -3.5678e-1
2.0e-1 3.0e-1 -2.2314e-1 -2.2314e-1
3.0e-1 3.0e-1 -1.0538e-1 -1.0538e-1
4.0e-1 3.0e-1 0.0e0 0.0e0
5.0e-1 3.0e-1 9.529e-2 9.529e-2
6.0e-1 3.0e-1 1.823e-1 1.823e-1
7.0e-1 3.0e-1 2.6236e-1 2.6236e-1
8.0e-1 3.0e-1 3.3644e-1 3.3644e-1
9.0e-1 3.0e-1 4.0544e-1 4.0544e-1
1.0e0 3.0e-1 4.6994e-1 4.6994e-1
1.1e0 3.0e-1 5.3053e-1 5.3053e-1
1.2e0 3.0e-1 5.8774e-1 5.8774e-1
1.3e0 3.0e-1 6.4177e-1 6.4177e-1
1.4e0 3.0e-1 6.9305e-1 6.9305e-1
1.5e0 3.0e-1 7.4191e-1 7.4191e-1
1.6e0 3.0e-1 7.8842e-1 7.8842e-1
1.7e0 3.0e-1 8.3289e-1 8.3289e-1
1.8e0 3.0e-1 8.7544e-1 8.7544e-1
1.9e0 3.0e-1 9.1628e-1 9.1628e-1
2.0e0 3.0e-1 9.555e-1 9.555e-1
2.1e0 3.0e-1 9.9321e-1 9.9321e-1
2.2e0 3.0e-1 1.02959e0 1.02959e0
2.3e0 3.0e-1 1.0647e0 1.0647e0
2.4e0 3.0e-1 1.09859e0 1.09859e0
2.5e0 3.0e-1 1.13132e0 1.13132e0
2.6e0 3.0e-1 1.16307e0 1.16307e0
2.7e0 3.0e-1 1.19383e0 1.19383e0
2.8e0 3.0e-1 1.22368e0 1.22368e0
2.9e0 3.0e-1 1.25266e0 1.25266e0
3.0e0 3.0e-1 1.28088e0 1.28088e0
3.1e0 3.0e-1 1.30827e0 1.30827e0
3.2e0 3.0e-1 1.33492e0 1.33492e0
3.3e0 3.0e-1 1.36092e0 1.36092e0
3.4e0 3.0e-1 1.38629e0 1.38629e0
3.5e0 3.0e-1 1.41096e0 1.41096e0
3.6e0 3.0e-1 1.43503e0 1.43503e0
3.7e0 3.0e-1 1.45857e0 1.45857e0
3.8e0 3.0e-1 1.48157e0 1.48157e0
3.9e0 3.0e-1 1.50406e0 1.50406e0
4.0e0 3.0e-1 1.52603e0 1.52603e0
4.1e0 3.0e-1 1.54755e0 1.54755e0
4.2e0 3.0e-1 1.56859e0 1.56859e0
4.3e0 3.0e-1 1.5892e0 1.5892e0
4.4e0 3.0e-1 1.60942e0 1.60942e0
4.5e0 3.0e-1 1.62921e0 1.62921e0
4.6e0 3.0e-1 1.64864e0 1.64864e0
4.7e0 3.0e-1 1.66768e0 1.66768e0
4.8e0 3.0e-1 1.68636e0 1.68636e0
4.9e0 3.0e-1 1.70471e0 1.70471e0
5.0e0 3.0e-1 1.72273e0 1.72273e0

1.0e-1 4.0e-1 -1.0538e-1 -1.0538e-1
2.0e-1 4.0e-1 0.0e0 0.0e0
3.0e-1 4.0e-1 9.529e-2 9.529e-2
4.0e-1 4.0e-1 1.823e-1 1.823e-1
5.0e-1 4.0e-1 2.6236e-1 2.6236e-1
6.0e-1 4.0e-1 3.3644e-1 3.3644e-1
7.0e-1 4.0e-1 4.0544e-1 4.0544e-1
8.0e-1 4.0e-1 4.6994e-1 4.6994e-1
9.0e-1 4.0e-1 5.3053e-1 5.3053e-1
1.0e0 4.0e-1 5.8774e-1 5.8774e-1
1.1e0 4.0e-1 6.4177e-1 6.4177e-1
1.2e0 4.0e-1 6.9305e-1 6.9305e-1
1.3e0 4.0e-1 7.4191e-1 7.4191e-1
1.4e0 4.0e-1 7.8842e-1 7.8842e-1
1.5e0 4.0e-1 8.3289e-1 8.3289e-1
1.6e0 4.0e-1 8.7544e-1 8.7544e-1
1.7e0 4.0e-1 9.1628e-1 9.1628e-1
1.8e0 4.0e-1 9.555e-1 9.555e-1
1.9e0 4.0e-1 9.9321e-1 9.9321e-1
2.0e0 4.0e-1 1.02959e0 1.02959e0
2.1e0 4.0e-1 1.0647e0 1.0647e0
2.2e0 4.0e-1 1.09859e0 1.09859e0
2.3e0 4.0e-1 1.13132e0 1.13132e0
2.4e0 4.0e-1 1.16307e0 1.16307e0
2.5e0 4.0e-1 1.19383e0 1.19383e0
2.6e0 4.0e-1 1.22368e0 1.22368e0
2.7e0 4.0e-1 1.25266e0 1.25266e0
2.8e0 4.0e-1 1.28088e0 1.28088e0
2.9e0 4.0e-1 1.30827e0 1.30827e0
3.0e0 4.0e-1 1.33492e0 1.33492e0
3.1e0 4.0e-1 1.36092e0 1.36092e0
3.2e0 4.0e-1 1.38629e0 1.38629e0
3.3e0 4.0e-1 1.41096e0 1.41096e0
3.4e0 4.0e-1 1.43503e0 1.43503e0
3.5e0 4.0e-1 1.45857e0 1.45857e0
3.6e0 4.0e-1 1.48157e0 1.48157e0
3.7e0 4.0e-1 1.50406e0 1.50406e0
3.8e0 4.0e-1 1.52603e0 1.52603e0
3.9e0 4.0e-1 1.54755e0 1.54755e0
4.0e0 4.0e-1 1.56859e0 1.56859e0
4.1e0 4.0e-1 1.5892e0 1.5892e0
4.2e0 4.0e-1 1.60942e0 1.60942e0
4.3e0 4.0e-1 1.62921e0 1.62921e0
4.4e0 4.0e-1 1.64864e0 1.64864e0
4.5e0 4.0e-1 1.66768e0 1.66768e0
4.6e0 4.0e-1 1.68636e0 1.68636e0
4.7e0 4.0e-1 1.70471e0 1.70471e0
4.8e0 4.0e-1 1.72273e0 1.72273e0
4.9e0 4.0e-1 1.7404e0 1.7404e0
5.0e0 4.0e-1 1.75784e0 1.75784e0

1.0e-1 5.0e-1 9.529e-2 9.529e-2
2.0e-1 5.0e-1 1.823e-1 1.823e-1
3.0e-1 5.0e-1 2.6236e-1 2.6236e-1
4.0e-1 5.0e-1 3.3644e-1 3.3644e-1
5.0e-1 5.0e-1 4.0544e-1 4.0544e-1
6.0e-1 5.0e-1 4.6994e-1 4.6994e-1
7.0e-1 5.0e-1 5.3053e-1 5.3053e-1
8.0e-1 5.0e-1 5.8774e-1 5.8774e-1
9.0e-1 5.0e-1 6.4177e-1 6.4177e-1
1.0e0 5.0e-1 6.9305e-1 6.9305e-1
1.1e0 5.0e-1 7.4191e-1 7.4191e-1
1.2e0 5.0e-1 7.8842e-1 7.8842e-1
1.3e0 5.0e-1 8.3289e-1 8.3289e-1
1.4e0 5.0e-1 8.7544e-1 8.7544e-1
1.5e0 5.0e-1 9.1628e-1 9.1628e-1
1.6e0 5.0e-1 9.555e-1 9.555e-1
1.7e0 5.0e-1 9.9321e-1 9.9321e-1
1.8e0 5.0e-1 1.02959e0 1.02959e0
1.9e0 5.0e-1 1.0647e0 1.0647e0
2.0e0 5.0e-1 1.09859e0 1.09859e0
2.1e0 5.0e-1 1.13132e0 1.13132e0
2.2e0 5.0e-1 1.16307e0 1.16307e0
2.3e0 5.0e-1 1.19383e0 1.19383e0
2.4e0 5.0e-1 1.22368e0 1.22368e0
2.5e0 5.0e-1 1.25266e0 1.25266e0
2.6e0 5.0e-1 1.28088e0 1.28088e0
2.7e0 5.0e-1 1.30827e0 1.30827e0
2.8e0 5.0e-1 1.33492e0 1.33492e0
2.9e0 5.0e-1 1.36092e0 1.36092e0
3.0e0 5.0e-1 1.38629e0 1.38629e0
3.1e0 5.0e-1 1.41096e0 1.41096e0
3.2e0 5.0e-1 1.43503e0 1.43503e0
3.3e0 5.0e-1 1.45857e0 1.45857e0
3.4e0 5.0e-1 1.48157e0 1.48157e0
3.5e0 5.0e-1 1.50406e0 1.50406e0
3.6e0 5.0e-1 1.52603e0 1.52603e0
3.7e0 5.0e-1 1.54755e0 1.54755e0
3.8e0 5.0e-1 1.56859e0 1.56859e0
3.9e0 5.0e-1 1.5892e0 1.5892e0
4.0e0 5.0e-1 1.60942e0 1.60942e0
4.1e0 5.0e-1 1.62921e0 1.62921e0
4.2e0 5.0e-1 1.64864e0 1.64864e0
4.3e0 5.0e-1 1.66768e0 1.66768e0
4.4e0 5.0e-1 1.68636e0 1.68636e0
4.5e0 5.0e-1 1.70471e0 1.70471e0
4.6e0 5.0e-1 1.72273e0 1.72273e0
4.7e0 5.0e-1 1.7404e0 1.7404e0
4.8e0 5.0e-1 1.75784e0 1.75784e0
4.9e0 5.0e-1 1.7749e0 1.7749e0
5.0e0 5.0e-1 1.79173e0 1.79173e0

1.0e-1 6.0e-1 2.6236e-1 2.6236e-1
2.0e-1 6.0e-1 3.3644e-1 3.3644e-1
3.0e-1 6.0e-1 4.0544e-1 4.0544e-1
4.0e-1 6.0e-1 4.6994e-1 4.6994e-1
5.0e-1 6.0e-1 5.3053e-1 5.3053e-1
6.0e-1 6.0e-1 5.8774e-1 5.8774e-1
7.0e-1 6.0e-1 6.4177e-1 6.4177e-1
8.0e-1 6.0e-1 6.9305e-1 6.9305e-1
9.0e-1 6.0e-1 7.4191e-1 7.4191e-1
1.0e0 6.0e-1 7.8842e-1 7.8842e-1
1.1e0 6.0e-1 8.3289e-1 8.3289e-1
1.2e0 6.0e-1 8.7544e-1 8.7544e-1
1.3e0 6.0e-1 9.1628e-1 9.1628e-1
1.4e0 6.0e-1 9.555e-1 9.555e-1
1.5e0 6.0e-1 9.9321e-1 9.9321e-1
1.6e0 6.0e-1 1.02959e0 1.02959e0
1.7e0 6.0e-1 1.0647e0 1.0647e0
1.8e0 6.0e-1 1.09859e0 1.09859e0
1.9e0 6.0e-1 1.13132e0 1.13132e0
2.0e0 6.0e-1 1.16307e0 1.16307e0
2.1e0 6.0e-1 1.19383e0 1.19383e0
2.2e0 6.0e-1 1.22368e0 1.22368e0
2.3e0 6.0e-1 1.25266e0 1.25266e0
2.4e0 6.0e-1 1.28088e0 1.28088e0
2.5e0 6.0e-1 1.30827e0 1.30827e0
2.6e0 6.0e-1 1.33492e0 1.33492e0
2.7e0 6.0e-1 1.36092e0 1.36092e0
2.8e0 6.0e-1 1.38629e0 1.38629e0
2.9e0 6.0e-1 1.41096e0 1.41096e0
3.0e0 6.0e-1 1.43503e0 1.43503e0
3.1e0 6.0e-1 1.45857e0 1.45857e0
3.2e0 6.0e-1 1.48157e0 1.48157e0
3.3e0 6.0e-1 1.50406e0 1.50406e0
3.4e0 6.0e-1 1.52603e0 1.52603e0
3.5e0 6.0e-1 1.54755e0 1.54755e0
3.6e0 6.0e-1 1.56859e0 1.56859e0
3.7e0 6.0e-1 1.5892e0 1.5892e0
3.8e0 6.0e-1 1.60942e0 1.60942e0
3.9e0 6.0e-1 1.62921e0 1.62921e0
4.0e0 6.0e-1 1.64864e0 1.64864e0
4.1e0 6.0e-1 1.66768e0 1.66768e0
4.2e0 6.0e-1 1.68636e0 1.68636e0
4.3e0 6.0e-1 1.70471e0 1.70471e0
4.4e0 6.0e-1 1.72273e0 1.72273e0
4.5e0 6.0e-1 1.7404e0 1.7404e0
4.6e0 6.0e-1 1.75784e0 1.75784e0
4.7e0 6.0e-1 1.7749e0 1.7749e0
4.8e0 6.0e-1 1.79173e0 1.79173e0
4.9e0 6.0e-1 1.80823e0 1.80823e0
5.0e0 6.0e-1 1.82446e0 1.82446e0

1.0e-1 7.0e-1 4.0544e-1 4.0544e-1
2.0e-1 7.0e-1 4.6994e-1 4.6994e-1
3.0e-1 7.0e-1 5.3053e-1 5.3053e-1
4.0e-1 7.0e-1 5.8774e-1 5.8774e-1
5.0e-1 7.0e-1 6.4177e-1 6.4177e-1
6.0e-1 7.0e-1 6.9305e-1 6.9305e-1
7.0e-1 7.0e-1 7.4191e-1 7.4191e-1
8.0e-1 7.0e-1 7.8842e-1 7.8842e-1
9.0e-1 7.0e-1 8.3289e-1 8.3289e-1
1.0e0 7.0e-1 8.7544e-1 8.7544e-1
1.1e0 7.0e-1 9.1628e-1 9.1628e-1
1.2e0 7.0e-1 9.555e-1 9.555e-1
1.3e0 7.0e-1 9.9321e-1 9.9321e-1
1.4e0 7.0e-1 1.02959e0 1.02959e0
1.5e0 7.0e-1 1.0647e0 1.0647e0
1.6e0 7.0e-1 1.09859e0 1.09859e0
1.7e0 7.0e-1 1.13132e0 1.13132e0
1.8e0 7.0e-1 1.16307e0 1.16307e0
1.9e0 7.0e-1 1.19383e0 1.19383e0
2.0e0 7.0e-1 1.22368e0 1.22368e0
2.1e0 7.0e-1 1.25266e0 1.25266e0
2.2e0 7.0e-1 1.28088e0 1.28088e0
2.3e0 7.0e-1 1.30827e0 1.30827e0
2.4e0 7.0e-1 1.33492e0 1.33492e0
2.5e0 7.0e-1 1.36092e0 1.36092e0
2.6e0 7.0e-1 1.38629e0 1.38629e0
2.7e0 7.0e-1 1.41096e0 1.41096e0
2.8e0 7.0e-1 1.43503e0 1.43503e0
2.9e0 7.0e-1 1.45857e0 1.45857e0
3.0e0 7.0e-1 1.48157e0 1.48157e0
3.1e0 7.0e-1 1.50406e0 1.50406e0
3.2e0 7.0e-1 1.52603e0 1.52603e0
3.3e0 7.0e-1 1.54755e0 1.54755e0
3.4e0 7.0e-1 1.56859e0 1.56859e0
3.5e0 7.0e-1 1.5892e0 1.5892e0
3.6e0 7.0e-1 1.60942e0 1.60942e0
3.7e0 7.0e-1 1.62921e0 1.62921e0
3.8e0 7.0e-1 1.64864e0 1.64864e0
3.9e0 7.0e-1 1.66768e0 1.66768e0
4.0e0 7.0e-1 1.68636e0 1.68636e0
4.1e0 7.0e-1 1.70471e0 1.70471e0
4.2e0 7.0e-1 1.72273e0 1.72273e0
4.3e0 7.0e-1 1.7404e0 1.7404e0
4.4e0 7.0e-1 1.75784e0 1.75784e0
4.5e0 7.0e-1 1.7749e0 1.7749e0
4.6e0 7.0e-1 1.79173e0 1.79173e0
4.7e0 7.0e-1 1.80823e0 1.80823e0
4.8e0 7.0e-1 1.82446e0 1.82446e0
4.9e0 7.0e-1 1.84048e0 1.84048e0
5.0e0 7.0e-1 1.85622e0 1.85622e0

1.0e-1 8.0e-1 5.3053e-1 5.3053e-1
2.0e-1 8.0e-1 5.8774e-1 5.8774e-1
3.0e-1 8.0e-1 6.4177e-1 6.4177e-1
4.0e-1 8.0e-1 6.9305e-1 6.9305e-1
5.0e-1 8.0e-1 7.4191e-1 7.4191e-1
6.0e-1 8.0e-1 7.8842e-1 7.8842e-1
7.0e-1 8.0e-1 8.3289e-1 8.3289e-1
8.0e-1 8.0e-1 8.7544e-1 8.7544e-1
9.0e-1 8.0e-1 9.1628e-1 9.1628e-1
1.0e0 8.0e-1 9.555e-1 9.555e-1
1.1e0 8.0e-1 9.9321e-1 9.9321e-1
1.2e0 8.0e-1 1.02959e0 1.02959e0
1.3e0 8.0e-1 1.0647e0 1.0647e0
1.4e0 8.0e-1 1.09859e0 1.09859e0
1.5e0 8.0e-1 1.13132e0 1.13132e0
1.6e0 8.0e-1 1.16307e0 1.16307e0
1.7e0 8.0e-1 1.19383e0 1.19383e0
1.8e0 8.0e-1 1.22368e0 1.22368e0
1.9e0 8.0e-1 1.25266e0 1.25266e0
2.0e0 8.0e-1 1.28088e0 1.28088e0
2.1e0 8.0e-1 1.30827e0 1.30827e0
2.2e0 8.0e-1 1.33492e0 1.33492e0
2.3e0 8.0e-1 1.36092e0 1.36092e0
2.4e0 8.0e-1 1.38629e0 1.38629e0
2.5e0 8.0e-1 1.41096e0 1.41096e0
2.6e0 8.0e-1 1.43503e0 1.43503e0
2.7e0 8.0e-1 1.45857e0 1.45857e0
2.8e0 8.0e-1 1.48157e0 1.48157e0
2.9e0 8.0e-1 1.50406e0 1.50406e0
3.0e0 8.0e-1 1.52603e0 1.52603e0
3.1e0 8.0e-1 1.54755e0 1.54755e0
3.2e0 8.0e-1 1.56859e0 1.56859e0
3.3e0 8.0e-1 1.5892e0 1.5892e0
3.4e0 8.0e-1 1.60942e0 1.60942e0
3.5e0 8.0e-1 1.62921e0 1.62921e0
3.6e0 8.0e-1 1.64864e0 1.64864e0
3.7e0 8.0e-1 1.66768e0 1.66768e0
3.8e0 8.0e-1 1.68636e0 1.68636e0
3.9e0 8.0e-1 1.70471e0 1.70471e0
4.0e0 8.0e-1 1.72273e0 1.72273e0
4.1e0 8.0e-1 1.7404e0 1.7404e0
4.2e0 8.0e-1 1.75784e0 1.75784e0
4.3e0 8.0e-1 1.7749e0 1.7749e0
4.4e0 8.0e-1 1.79173e0 1.79173e0
4.5e0 8.0e-1 1.80823e0 1.80823e0
4.6e0 8.0e-1 1.82446e0 1.82446e0
4.7e0 8.0e-1 1.84048e0 1.84048e0
4.8e0 8.0e-1 1.85622e0 1.85622e0
4.9e0 8.0e-1 1.87173e0 1.87173e0
5.0e0 8.0e-1 1.88698e0 1.88698e0

1.0e-1 9.0e-1 6.4177e-1 6.4177e-1
2.0e-1 9.0e-1 6.9305e-1 6.9305e-1
3.0e-1 9.0e-1 7.4191e-1 7.4191e-1
4.0e-1 9.0e-1 7.8842e-1 7.8842e-1
5.0e-1 9.0e-1 8.3289e-1 8.3289e-1
6.0e-1 9.0e-1 8.7544e-1 8.7544e-1
7.0e-1 9.0e-1 9.1628e-1 9.1628e-1
8.0e-1 9.0e-1 9.555e-1 9.555e-1
9.0e-1 9.0e-1 9.9321e-1 9.9321e-1
1.0e0 9.0e-1 1.02959e0 1.02959e0
1.1e0 9.0e-1 1.0647e0 1.0647e0
1.2e0 9.0e-1 1.09859e0 1.09859e0
1.3e0 9.0e-1 1.13132e0 1.13132e0
1.4e0 9.0e-1 1.16307e0 1.16307e0
1.5e0 9.0e-1 1.19383e0 1.19383e0
1.6e0 9.0e-1 1.22368e0 1.22368e0
1.7e0 9.0e-1 1.25266e0 1.25266e0
1.8e0 9.0e-1 1.28088e0 1.28088e0
1.9e0 9.0e-1 1.30827e0 1.30827e0
2.0e0 9.0e-1 1.33492e0 1.33492e0
2.1e0 9.0e-1 1.36092e0 1.36092e0
2.2e0 9.0e-1 1.38629e0 1.38629e0
2.3e0 9.0e-1 1.41096e0 1.41096e0
2.4e0 9.0e-1 1.43503e0 1.43503e0
2.5e0 9.0e-1 1.45857e0 1.45857e0
2.6e0 9.0e-1 1.48157e0 1.48157e0
2.7e0 9.0e-1 1.50406e0 1.50406e0
2.8e0 9.0e-1 1.52603e0 1.52603e0
2.9e0 9.0e-1 1.54755e0 1.54755e0
3.0e0 9.0e-1 1.56859e0 1.56859e0
3.1e0 9.0e-1 1.5892e0 1.5892e0
3.2e0 9.0e-1 1.60942e0 1.60942e0
3.3e0 9.0e-1 1.62921e0 1.62921e0
3.4e0 9.0e-1 1.64864e0 1.64864e0
3.5e0 9.0e-1 1.66768e0 1.66768e0
3.6e0 9.0e-1 1.68636e0 1.68636e0
3.7e0 9.0e-1 1.70471e0 1.70471e0
3.8e0 9.0e-1 1.72273e0 1.72273e0
3.9e0 9.0e-1 1.7404e0 1.7404e0
4.0e0 9.0e-1 1.75784e0 1.75784e0
4.1e0 9.0e-1 1.7749e0 1.7749e0
4.2e0 9.0e-1 1.79173e0 1.79173e0
4.3e0 9.0e-1 1.80823e0 1.80823e0
4.4e0 9.0e-1 1.82446e0 1.82446e0
4.5e0 9.0e-1 1.84048e0 1.84048e0
4.6e0 9.0e-1 1.85622e0 1.85622e0
4.7e0 9.0e-1 1.87173e0 1.87173e0
4.8e0 9.0e-1 1.88698e0 1.88698e0
4.9e0 9.0e-1 1.90205e0 1.90205e0
5.0e0 9.0e-1 1.91682e0 1.91682e0

1.0e-1 1.0e0 7.4191e-1 7.4191e-1
2.0e-1 1.0e0 7.8842e-1 7.8842e-1
3.0e-1 1.0e0 8.3289e-1 8.3289e-1
4.0e-1 1.0e0 8.7544e-1 8.7544e-1
5.0e-1 1.0e0 9.1628e-1 9.1628e-1
6.0e-1 1.0e0 9.555e-1 9.555e-1
7.0e-1 1.0e0 9.9321e-1 9.9321e-1
8.0e-1 1.0e0 1.02959e0 1.02959e0
9.0e-1 1.0e0 1.0647e0 1.0647e0
1.0e0 1.0e0 1.09859e0 1.09859e0
1.1e0 1.0e0 1.13132e0 1.13132e0
1.2e0 1.0e0 1.16307e0 1.16307e0
1.3e0 1.0e0 1.19383e0 1.19383e0
1.4e0 1.0e0 1.22368e0 1.22368e0
1.5e0 1.0e0 1.25266e0 1.25266e0
1.6e0 1.0e0 1.28088e0 1.28088e0
1.7e0 1.0e0 1.30827e0 1.30827e0
1.8e0 1.0e0 1.33492e0 1.33492e0
1.9e0 1.0e0 1.36092e0 1.36092e0
2.0e0 1.0e0 1.38629e0 1.38629e0
2.1e0 1.0e0 1.41096e0 1.41096e0
2.2e0 1.0e0 1.43503e0 1.43503e0
2.3e0 1.0e0 1.45857e0 1.45857e0
2.4e0 1.0e0 1.48157e0 1.48157e0
2.5e0 1.0e0 1.50406e0 1.50406e0
2.6e0 1.0e0 1.52603e0 1.52603e0
2.7e0 1.0e0 1.54755e0 1.54755e0
2.8e0 1.0e0 1.56859e0 1.56859e0
2.9e0 1.0e0 1.5892e0 1.5892e0
3.0e0 1.0e0 1.60942e0 1.60942e0
3.1e0 1.0e0 1.62921e0 1.62921e0
3.2e0 1.0e0 1.64864e0 1.64864e0
3.3e0 1.0e0 1.66768e0 1.66768e0
3.4e0 1.0e0 1.68636e0 1.68636e0
3.5e0 1.0e0 1.70471e0 1.70471e0
3.6e0 1.0e0 1.72273e0 1.72273e0
3.7e0 1.0e0 1.7404e0 1.7404e0
3.8e0 1.0e0 1.75784e0 1.75784e0
3.9e0 1.0e0 1.7749e0 1.7749e0
4.0e0 1.0e0 1.79173e0 1.79173e0
4.1e0 1.0e0 1.80823e0 1.80823e0
4.2e0 1.0e0 1.82446e0 1.82446e0
4.3e0 1.0e0 1.84048e0 1.84048e0
4.4e0 1.0e0 1.85622e0 1.85622e0
4.5e0 1.0e0 1.87173e0 1.87173e0
4.6e0 1.0e0 1.88698e0 1.88698e0
4.7e0 1.0e0 1.90205e0 1.90205e0
4.8e0 1.0e0 1.91682e0 1.91682e0
4.9e0 1.0e0 1.93147e0 1.93147e0
5.0e0 1.0e0 1.9458e0 1.9458e0

1.0e-1 1.1e0 8.3289e-1 8.3289e-1
2.0e-1 1.1e0 8.7544e-1 8.7544e-1
3.0e-1 1.1e0 9.1628e-1 9.1628e-1
4.0e-1 1.1e0 9.555e-1 9.555e-1
5.0e-1 1.1e0 9.9321e-1 9.9321e-1
6.0e-1 1.1e0 1.02959e0 1.02959e0
7.0e-1 1.1e0 1.0647e0 1.0647e0
8.0e-1 1.1e0 1.09859e0 1.09859e0
9.0e-1 1.1e0 1.13132e0 1.13132e0
1.0e0 1.1e0 1.16307e0 1.16307e0
1.1e0 1.1e0 1.19383e0 1.19383e0
1.2e0 1.1e0 1.22368e0 1.22368e0
1.3e0 1.1e0 1.25266e0 1.25266e0
1.4e0 1.1e0 1.28088e0 1.28088e0
1.5e0 1.1e0 1.30827e0 1.30827e0
1.6e0 1.1e0 1.33492e0 1.33492e0
1.7e0 1.1e0 1.36092e0 1.36092e0
1.8e0 1.1e0 1.38629e0 1.38629e0
1.9e0 1.1e0 1.41096e0 1.41096e0
2.0e0 1.1e0 1.43503e0 1.43503e0
2.1e0 1.1e0 1.45857e0 1.45857e0
2.2e0 1.1e0 1.48157e0 1.48157e0
2.3e0 1.1e0 1.50406e0 1.50406e0
2.4e0 1.1e0 1.52603e0 1.52603e0
2.5e0 1.1e0 1.54755e0 1.54755e0
2.6e0 1.1e0 1.56859e0 1.56859e0
2.7e0 1.1e0 1.5892e0 1.5892e0
2.8e0 1.1e0 1.60942e0 1.60942e0
2.9e0 1.1e0 1.62921e0 1.62921e0
3.0e0 1.1e0 1.64864e0 1.64864e0
3.1e0 1.1e0 1.66768e0 1.66768e0
3.2e0 1.1e0 1.68636e0 1.68636e0
3.3e0 1.1e0 1.70471e0 1.70471e0
3.4e0 1.1e0 1.72273e0 1.72273e0
3.5e0 1.1e0 1.7404e0 1.7404e0
3.6e0 1.1e0 1.75784e0 1.75784e0
3.7e0 1.1e0 1.7749e0 1.7749e0
3.8e0 1.1e0 1.79173e0 1.79173e0
3.9e0 1.1e0 1.80823e0 1.80823e0
4.0e0 1.1e0 1.82446e0 1.82446e0
4.1e0 1.1e0 1.84048e0 1.84048e0
4.2e0 1.1e0 1.85622e0 1.85622e0
4.3e0 1.1e0 1.87173e0 1.87173e0
4.4e0 1.1e0 1.88698e0 1.88698e0
4.5e0 1.1e0 1.90205e0 1.90205e0
4.6e0 1.1e0 1.91682e0 1.91682e0
4.7e0 1.1e0 1.93147e0 1.93147e0
4.8e0 1.1e0 1.9458e0 1.9458e0
4.9e0 1.1e0 1.95998e0 1.95998e0
5.0e0 1.1e0 1.97397e0 1.97397e0

1.0e-1 1.2e0 9.1628e-1 9.1628e-1
2.0e-1 1.2e0 9.555e-1 9.555e-1
3.0e-1 1.2e0 9.9321e-1 9.9321e-1
4.0e-1 1.2e0 1.02959e0 1.02959e0
5.0e-1 1.2e0 1.0647e0 1.0647e0
6.0e-1 1.2e0 1.09859e0 1.09859e0
7.0e-1 1.2e0 1.13132e0 1.13132e0
8.0e-1 1.2e0 1.16307e0 1.16307e0
9.0e-1 1.2e0 1.19383e0 1.19383e0
1.0e0 1.2e0 1.22368e0 1.22368e0
1.1e0 1.2e0 1.25266e0 1.25266e0
1.2e0 1.2e0 1.28088e0 1.28088e0
1.3e0 1.2e0 1.30827e0 1.30827e0
1.4e0 1.2e0 1.33492e0 1.33492e0
1.5e0 1.2e0 1.36092e0 1.36092e0
1.6e0 1.2e0 1.38629e0 1.38629e0
1.7e0 1.2e0 1.41096e0 1.41096e0
1.8e0 1.2e0 1.43503e0 1.43503e0
1.9e0 1.2e0 1.45857e0 1.45857e0
2.0e0 1.2e0 1.48157e0 1.48157e0
2.1e0 1.2e0 1.50406e0 1.50406e0
2.2e0 1.2e0 1.52603e0 1.52603e0
2.3e0 1.2e0 1.54755e0 1.54755e0
2.4e0 1.2e0 1.56859e0 1.56859e0
2.5e0 1.2e0 1.5892e0 1.5892e0
2.6e0 1.2e0 1.60942e0 1.60942e0
2.7e0 1.2e0 1.62921e0 1.62921e0
2.8e0 1.2e0 1.64864e0 1.64864e0
2.9e0 1.2e0 1.66768e0 1.66768e0
3.0e0 1.2e0 1.68636e0 1.68636e0
3.1e0 1.2e0 1.70471e0 1.70471e0
3.2e0 1.2e0 1.72273e0 1.72273e0
3.3e0 1.2e0 1.7404e0 1.7404e0
3.4e0 1.2e0 1.75784e0 1.75784e0
3.5e0 1.2e0 1.7749e0 1.7749e0
3.6e0 1.2e0 1.79173e0 1.79173e0
3.7e0 1.2e0 1.80823e0 1.80823e0
3.8e0 1.2e0 1.82446e0 1.82446e0
3.9e0 1.2e0 1.84048e0 1.84048e0
4.0e0 1.2e0 1.85622e0 1.85622e0
4.1e0 1.2e0 1.87173e0 1.87173e0
4.2e0 1.2e0 1.88698e0 1.88698e0
4.3e0 1.2e0 1.90205e0 1.90205e0
4.4e0 1.2e0 1.91682e0 1.91682e0
4.5e0 1.2e0 1.93147e0 1.93147e0
4.6e0 1.2e0 1.9458e0 1.9458e0
4.7e0 1.2e0 1.95998e0 1.95998e0
4.8e0 1.2e0 1.97397e0 1.97397e0
4.9e0 1.2e0 1.98772e0 1.98772e0
5.0e0 1.2e0 2.00142e0 2.00142e0

1.0e-1 1.3e0 9.9321e-1 9.9321e-1
2.0e-1 1.3e0 1.02959e0 1.02959e0
3.0e-1 1.3e0 1.0647e0 1.0647e0
4.0e-1 1.3e0 1.09859e0 1.09859e0
5.0e-1 1.3e0 1.13132e0 1.13132e0
6.0e-1 1.3e0 1.16307e0 1.16307e0
7.0e-1 1.3e0 1.19383e0 1.19383e0
8.0e-1 1.3e0 1.22368e0 1.22368e0
9.0e-1 1.3e0 1.25266e0 1.25266e0
1.0e0 1.3e0 1.28088e0 1.28088e0
1.1e0 1.3e0 1.30827e0 1.30827e0
1.2e0 1.3e0 1.33492e0 1.33492e0
1.3e0 1.3e0 1.36092e0 1.36092e0
1.4e0 1.3e0 1.38629e0 1.38629e0
1.5e0 1.3e0 1.41096e0 1.41096e0
1.6e0 1.3e0 1.43503e0 1.43503e0
1.7e0 1.3e0 1.45857e0 1.45857e0
1.8e0 1.3e0 1.48157e0 1.48157e0
1.9e0 1.3e0 1.50406e0 1.50406e0
2.0e0 1.3e0 1.52603e0 1.52603e0
2.1e0 1.3e0 1.54755e0 1.54755e0
2.2e0 1.3e0 1.56859e0 1.56859e0
2.3e0 1.3e0 1.5892e0 1.5892e0
2.4e0 1.3e0 1.60942e0 1.60942e0
2.5e0 1.3e0 1.62921e0 1.62921e0
2.6e0 1.3e0 1.64864e0 1.64864e0
2.7e0 1.3e0 1.66768e0 1.66768e0
2.8e0 1.3e0 1.68636e0 1.68636e0
2.9e0 1.3e0 1.70471e0 1.70471e0
3.0e0 1.3e0 1.72273e0 1.72273e0
3.1e0 1.3e0 1.7404e0 1.7404e0
3.2e0 1.3e0 1.75784e0 1.75784e0
3.3e0 1.3e0 1.7749e0 1.7749e0
3.4e0 1.3e0 1.79173e0 1.79173e0
3.5e0 1.3e0 1.80823e0 1.80823e0
3.6e0 1.3e0 1.82446e0 1.82446e0
3.7e0 1.3e0 1.84048e0 1.84048e0
3.8e0 1.3e0 1.85622e0 1.85622e0
3.9e0 1.3e0 1.87173e0 1.87173e0
4.0e0 1.3e0 1.88698e0 1.88698e0
4.1e0 1.3e0 1.90205e0 1.90205e0
4.2e0 1.3e0 1.91682e0 1.91682e0
4.3e0 1.3e0 1.93147e0 1.93147e0
4.4e0 1.3e0 1.9458e0 1.9458e0
4.5e0 1.3e0 1.95998e0 1.95998e0
4.6e0 1.3e0 1.97397e0 1.97397e0
4.7e0 1.3e0 1.98772e0 1.98772e0
4.8e0 1.3e0 2.00142e0 2.00142e0
4.9e0 1.3e0 2.01472e0 2.01472e0
5.0e0 1.3e0 2.02806e0 2.02806e0

1.0e-1 1.4e0 1.0647e0 1.0647e0
2.0e-1 1.4e0 1.09859e0 1.09859e0
3.0e-1 1.4e0 1.13132e0 1.13132e0
4.0e-1 1.4e0 1.16307e0 1.16307e0
5.0e-1 1.4e0 1.19383e0 1.19383e0
6.0e-1 1.4e0 1.22368e0 1.22368e0
7.0e-1 1.4e0 1.25266e0 1.25266e0
8.0e-1 1.4e0 1.28088e0 1.28088e0
9.0e-1 1.4e0 1.30827e0 1.30827e0
1.0e0 1.4e0 1.33492e0 1.33492e0
1.1e0 1.4e0 1.36092e0 1.36092e0
1.2e0 1.4e0 1.38629e0 1.38629e0
1.3e0 1.4e0 1.41096e0 1.41096e0
1.4e0 1.4e0 1.43503e0 1.43503e0
1.5e0 1.4e0 1.45857e0 1.45857e0
1.6e0 1.4e0 1.48157e0 1.48157e0
1.7e0 1.4e0 1.50406e0 1.50406e0
1.8e0 1.4e0 1.52603e0 1.52603e0
1.9e0 1.4e0 1.54755e0 1.54755e0
2.0e0 1.4e0 1.56859e0 1.56859e0
2.1e0 1.4e0 1.5892e0 1.5892e0
2.2e0 1.4e0 1.60942e0 1.60942e0
2.3e0 1.4e0 1.62921e0 1.62921e0
2.4e0 1.4e0 1.64864e0 1.64864e0
2.5e0 1.4e0 1.66768e0 1.66768e0
2.6e0 1.4e0 1.68636e0 1.68636e0
2.7e0 1.4e0 1.70471e0 1.70471e0
2.8e0 1.4e0 1.72273e0 1.72273e0
2.9e0 1.4e0 1.7404e0 1.7404e0
3.0e0 1.4e0 1.75784e0 1.75784e0
3.1e0 1.4e0 1.7749e0 1.7749e0
3.2e0 1.4e0 1.79173e0 1.79173e0
3.3e0 1.4e0 1.80823e0 1.80823e0
3.4e0 1.4e0 1.82446e0 1.82446e0
3.5e0 1.4e0 1.84048e0 1.84048e0
3.6e0 1.4e0 1.85622e0 1.85622e0
3.7e0 1.4e0 1.87173e0 1.87173e0
3.8e0 1.4e0 1.88698e0 1.88698e0
3.9e0 1.4e0 1.90205e0 1.90205e0
4.0e0 1.4e0 1.91682e0 1.91682e0
4.1e0 1.4e0 1.93147e0 1.93147e0
4.2e0 1.4e0 1.9458e0 1.9458e0
4.3e0 1.4e0 1.95998e0 1.95998e0
4.4e0 1.4e0 1.97397e0 1.97397e0
4.5e0 1.4e0 1.98772e0 1.98772e0
4.6e0 1.4e0 2.00142e0 2.00142e0
4.7e0 1.4e0 2.01472e0 2.01472e0
4.8e0 1.4e0 2.02806e0 2.02806e0
4.9e0 1.4e0 2.041e0 2.041e0
5.0e0 1.4e0 2.05406e0 2.05406e0

1.0e-1 1.5e0 1.13132e0 1.13132e0
2.0e-1 1.5e0 1.16307e0 1.16307e0
3.0e-1 1.5e0 1.19383e0 1.19383e0
4.0e-1 1.5e0 1.22368e0 1.22368e0
5.0e-1 1.5e0 1.25266e0 1.25266e0
6.0e-1 1.5e0 1.28088e0 1.28088e0
7.0e-1 1.5e0 1.30827e0 1.30827e0
8.0e-1 1.5e0 1.33492e0 1.33492e0
9.0e-1 1.5e0 1.36092e0 1.36092e0
1.0e0 1.5e0 1.38629e0 1.38629e0
1.1e0 1.5e0 1.41096e0 1.41096e0
1.2e0 1.5e0 1.43503e0 1.43503e0
1.3e0 1.5e0 1.45857e0 1.45857e0
1.4e0 1.5e0 1.48157e0 1.48157e0
1.5e0 1.5e0 1.50406e0 1.50406e0
1.6e0 1.5e0 1.52603e0 1.52603e0
1.7e0 1.5e0 1.54755e0 1.54755e0
1.8e0 1.5e0 1.56859e0 1.56859e0
1.9e0 1.5e0 1.5892e0 1.5892e0
2.0e0 1.5e0 1.60942e0 1.60942e0
2.1e0 1.5e0 1.62921e0 1.62921e0
2.2e0 1.5e0 1.64864e0 1.64864e0
2.3e0 1.5e0 1.66768e0 1.66768e0
2.4e0 1.5e0 1.68636e0 1.68636e0
2.5e0 1.5e0 1.70471e0 1.70471e0
2.6e0 1.5e0 1.72273e0 1.72273e0
2.7e0 1.5e0 1.7404e0 1.7404e0
2.8e0 1.5e0 1.75784e0 1.75784e0
2.9e0 1.5e0 1.7749e0 1.7749e0
3.0e0 1.5e0 1.79173e0 1.79173e0
3.1e0 1.5e0 1.80823e0 1.80823e0
3.2e0 1.5e0 1.82446e0 1.82446e0
3.3e0 1.5e0 1.84048e0 1.84048e0
3.4e0 1.5e0 1.85622e0 1.85622e0
3.5e0 1.5e0 1.87173e0 1.87173e0
3.6e0 1.5e0 1.88698e0 1.88698e0
3.7e0 1.5e0 1.90205e0 1.90205e0
3.8e0 1.5e0 1.91682e0 1.91682e0
3.9e0 1.5e0 1.93147e0 1.93147e0
4.0e0 1.5e0 1.9458e0 1.9458e0
4.1e0 1.5e0 1.95998e0 1.95998e0
4.2e0 1.5e0 1.97397e0 1.97397e0
4.3e0 1.5e0 1.98772e0 1.98772e0
4.4e0 1.5e0 2.00142e0 2.00142e0
4.5e0 1.5e0 2.01472e0 2.01472e0
4.6e0 1.5e0 2.02806e0 2.02806e0
4.7e0 1.5e0 2.041e0 2.041e0
4.8e0 1.5e0 2.05406e0 2.05406e0
4.9e0 1.5e0 2.06668e0 2.06668e0
5.0e0 1.5e0 2.07944e0 2.07944e0

1.0e-1 1.6e0 1.19383e0 1.19383e0
2.0e-1 1.6e0 1.22368e0 1.22368e0
3.0e-1 1.6e0 1.25266e0 1.25266e0
4.0e-1 1.6e0 1.28088e0 1.28088e0
5.0e-1 1.6e0 1.30827e0 1.30827e0
6.0e-1 1.6e0 1.33492e0 1.33492e0
7.0e-1 1.6e0 1.36092e0 1.36092e0
8.0e-1 1.6e0 1.38629e0 1.38629e0
9.0e-1 1.6e0 1.41096e0 1.41096e0
1.0e0 1.6e0 1.43503e0 1.43503e0
1.1e0 1.6e0 1.45857e0 1.45857e0
1.2e0 1.6e0 1.48157e0 1.48157e0
1.3e0 1.6e0 1.50406e0 1.50406e0
1.4e0 1.6e0 1.52603e0 1.52603e0
1.5e0 1.6e0 1.54755e0 1.54755e0
1.6e0 1.6e0 1.56859e0 1.56859e0
1.7e0 1.6e0 1.5892e0 1.5892e0
1.8e0 1.6e0 1.60942e0 1.60942e0
1.9e0 1.6e0 1.62921e0 1.62921e0
2.0e0 1.6e0 1.64864e0 1.64864e0
2.1e0 1.6e0 1.66768e0 1.66768e0
2.2e0 1.6e0 1.68636e0 1.68636e0
2.3e0 1.6e0 1.70471e0 1.70471e0
2.4e0 1.6e0 1.72273e0 1.72273e0
2.5e0 1.6e0 1.7404e0 1.7404e0
2.6e0 1.6e0 1.75784e0 1.75784e0
2.7e0 1.6e0 1.7749e0 1.7749e0
2.8e0 1.6e0 1.79173e0 1.79173e0
2.9e0 1.6e0 1.80823e0 1.80823e0
3.0e0 1.6e0 1.82446e0 1.82446e0
3.1e0 1.6e0 1.84048e0 1.84048e0
3.2e0 1.6e0 1.85622e0 1.85622e0
3.3e0 1.6e0 1.87173e0 1.87173e0
3.4e0 1.6e0 1.88698e0 1.88698e0
3.5e0 1.6e0 1.90205e0 1.90205e0
3.6e0 1.6e0 1.91682e0 1.91682e0
3.7e0 1.6e0 1.93147e0 1.93147e0
3.8e0 1.6e0 1.9458e0 1.9458e0
3.9e0 1.6e0 1.95998e0 1.95998e0
4.0e0 1.6e0 1.97397e0 1.97397e0
4.1e0 1.6e0 1.98772e0 1.98772e0
4.2e0 1.6e0 2.00142e0 2.00142e0
4.3e0 1.6e0 2.01472e0 2.01472e0
4.4e0 1.6e0 2.02806e0 2.02806e0
4.5e0 1.6e0 2.041e0 2.041e0
4.6e0 1.6e0 2.05406e0 2.05406e0
4.7e0 1.6e0 2.06668e0 2.06668e0
4.8e0 1.6e0 2.07944e0 2.07944e0
4.9e0 1.6e0 2.09184e0 2.09184e0
5.0e0 1.6e0 2.10411e0 2.10411e0

1.0e-1 1.7e0 1.25266e0 1.25266e0
2.0e-1 1.7e0 1.28088e0 1.28088e0
3.0e-1 1.7e0 1.30827e0 1.30827e0
4.0e-1 1.7e0 1.33492e0 1.33492e0
5.0e-1 1.7e0 1.36092e0 1.36092e0
6.0e-1 1.7e0 1.38629e0 1.38629e0
7.0e-1 1.7e0 1.41096e0 1.41096e0
8.0e-1 1.7e0 1.43503e0 1.43503e0
9.0e-1 1.7e0 1.45857e0 1.45857e0
1.0e0 1.7e0 1.48157e0 1.48157e0
1.1e0 1.7e0 1.50406e0 1.50406e0
1.2e0 1.7e0 1.52603e0 1.52603e0
1.3e0 1.7e0 1.54755e0 1.54755e0
1.4e0 1.7e0 1.56859e0 1.56859e0
1.5e0 1.7e0 1.5892e0 1.5892e0
1.6e0 1.7e0 1.60942e0 1.60942e0
1.7e0 1.7e0 1.62921e0 1.62921e0
1.8e0 1.7e0 1.64864e0 1.64864e0
1.9e0 1.7e0 1.66768e0 1.66768e0
2.0e0 1.7e0 1.68636e0 1.68636e0
2.1e0 1.7e0 1.70471e0 1.70471e0
2.2e0 1.7e0 1.72273e0 1.72273e0
2.3e0 1.7e0 1.7404e0 1.7404e0
2.4e0 1.7e0 1.75784e0 1.75784e0
2.5e0 1.7e0 1.7749e0 1.7749e0
2.6e0 1.7e0 1.79173e0 1.79173e0
2.7e0 1.7e0 1.80823e0 1.80823e0
2.8e0 1.7e0 1.82446e0 1.82446e0
2.9e0 1.7e0 1.84048e0 1.84048e0
3.0e0 1.7e0 1.85622e0 1.85622e0
3.1e0 1.7e0 1.87173e0 1.87173e0
3.2e0 1.7e0 1.88698e0 1.88698e0
3.3e0 1.7e0 1.90205e0 1.90205e0
3.4e0 1.7e0 1.91682e0 1.91682e0
3.5e0 1.7e0 1.93147e0 1.93147e0
3.6e0 1.7e0 1.9458e0 1.9458e0
3.7e0 1.7e0 1.95998e0 1.95998e0
3.8e0 1.7e0 1.97397e0 1.97397e0
3.9e0 1.7e0 1.98772e0 1.98772e0
4.0e0 1.7e0 2.00142e0 2.00142e0
4.1e0 1.7e0 2.01472e0 2.01472e0
4.2e0 1.7e0 2.02806e0 2.02806e0
4.3e0 1.7e0 2.041e0 2.041e0
4.4e0 1.7e0 2.05406e0 2.05406e0
4.5e0 1.7e0 2.06668e0 2.06668e0
4.6e0 1.7e0 2.07944e0 2.07944e0
4.7e0 1.7e0 2.09184e0 2.09184e0
4.8e0 1.7e0 2.10411e0 2.10411e0
4.9e0 1.7e0 2.11623e0 2.11623e0
5.0e0 1.7e0 2.12817e0 2.12817e0

1.0e-1 1.8e0 1.30827e0 1.30827e0
2.0e-1 1.8e0 1.33492e0 1.33492e0
3.0e-1 1.8e0 1.36092e0 1.36092e0
4.0e-1 1.8e0 1.38629e0 1.38629e0
5.0e-1 1.8e0 1.41096e0 1.41096e0
6.0e-1 1.8e0 1.43503e0 1.43503e0
7.0e-1 1.8e0 1.45857e0 1.45857e0
8.0e-1 1.8e0 1.48157e0 1.48157e0
9.0e-1 1.8e0 1.50406e0 1.50406e0
1.0e0 1.8e0 1.52603e0 1.52603e0
1.1e0 1.8e0 1.54755e0 1.54755e0
1.2e0 1.8e0 1.56859e0 1.56859e0
1.3e0 1.8e0 1.5892e0 1.5892e0
1.4e0 1.8e0 1.60942e0 1.60942e0
1.5e0 1.8e0 1.62921e0 1.62921e0
1.6e0 1.8e0 1.64864e0 1.64864e0
1.7e0 1.8e0 1.66768e0 1.66768e0
1.8e0 1.8e0 1.68636e0 1.68636e0
1.9e0 1.8e0 1.70471e0 1.70471e0
2.0e0 1.8e0 1.72273e0 1.72273e0
2.1e0 1.8e0 1.7404e0 1.7404e0
2.2e0 1.8e0 1.75784e0 1.75784e0
2.3e0 1.8e0 1.7749e0 1.7749e0
2.4e0 1.8e0 1.79173e0 1.79173e0
2.5e0 1.8e0 1.80823e0 1.80823e0
2.6e0 1.8e0 1.82446e0 1.82446e0
2.7e0 1.8e0 1.84048e0 1.84048e0
2.8e0 1.8e0 1.85622e0 1.85622e0
2.9e0 1.8e0 1.87173e0 1.87173e0
3.0e0 1.8e0 1.88698e0 1.88698e0
3.1e0 1.8e0 1.90205e0 1.90205e0
3.2e0 1.8e0 1.91682e0 1.91682e0
3.3e0 1.8e0 1.93147e0 1.93147e0
3.4e0 1.8e0 1.9458e0 1.9458e0
3.5e0 1.8e0 1.95998e0 1.95998e0
3.6e0 1.8e0 1.97397e0 1.97397e0
3.7e0 1.8e0 1.98772e0 1.98772e0
3.8e0 1.8e0 2.00142e0 2.00142e0
3.9e0 1.8e0 2.01472e0 2.01472e0
4.0e0 1.8e0 2.02806e0 2.02806e0
4.1e0 1.8e0 2.041e0 2.041e0
4.2e0 1.8e0 2.05406e0 2.05406e0
4.3e0 1.8e0 2.06668e0 2.06668e0
4.4e0 1.8e0 2.07944e0 2.07944e0
4.5e0 1.8e0 2.09184e0 2.09184e0
4.6e0 1.8e0 2.10411e0 2.10411e0
4.7e0 1.8e0 2.11623e0 2.11623e0
4.8e0 1.8e0 2.12817e0 2.12817e0
4.9e0 1.8e0 2.14003e0 2.14003e0
5.0e0 1.8e0 2.15172e0 2.15172e0

1.0e-1 1.9e0 1.36092e0 1.36092e0
2.0e-1 1.9e0 1.38629e0 1.38629e0
3.0e-1 1.9e0 1.41096e0 1.41096e0
4.0e-1 1.9e0 1.43503e0 1.43503e0
5.0e-1 1.9e0 1.45857e0 1.45857e0
6.0e-1 1.9e0 1.48157e0 1.48157e0
7.0e-1 1.9e0 1.50406e0 1.50406e0
8.0e-1 1.9e0 1.52603e0 1.52603e0
9.0e-1 1.9e0 1.54755e0 1.54755e0
1.0e0 1.9e0 1.56859e0 1.56859e0
1.1e0 1.9e0 1.5892e0 1.5892e0
1.2e0 1.9e0 1.60942e0 1.60942e0
1.3e0 1.9e0 1.62921e0 1.62921e0
1.4e0 1.9e0 1.64864e0 1.64864e0
1.5e0 1.9e0 1.66768e0 1.66768e0
1.6e0 1.9e0 1.68636e0 1.68636e0
1.7e0 1.9e0 1.70471e0 1.70471e0
1.8e0 1.9e0 1.72273e0 1.72273e0
1.9e0 1.9e0 1.7404e0 1.7404e0
2.0e0 1.9e0 1.75784e0 1.75784e0
2.1e0 1.9e0 1.7749e0 1.7749e0
2.2e0 1.9e0 1.79173e0 1.79173e0
2.3e0 1.9e0 1.80823e0 1.80823e0
2.4e0 1.9e0 1.82446e0 1.82446e0
2.5e0 1.9e0 1.84048e0 1.84048e0
2.6e0 1.9e0 1.85622e0 1.85622e0
2.7e0 1.9e0 1.87173e0 1.87173e0
2.8e0 1.9e0 1.88698e0 1.88698e0
2.9e0 1.9e0 1.90205e0 1.90205e0
3.0e0 1.9e0 1.91682e0 1.91682e0
3.1e0 1.9e0 1.93147e0 1.93147e0
3.2e0 1.9e0 1.9458e0 1.9458e0
3.3e0 1.9e0 1.95998e0 1.95998e0
3.4e0 1.9e0 1.97397e0 1.97397e0
3.5e0 1.9e0 1.98772e0 1.98772e0
3.6e0 1.9e0 2.00142e0 2.00142e0
3.7e0 1.9e0 2.01472e0 2.01472e0
3.8e0 1.9e0 2.02806e0 2.02806e0
3.9e0 1.9e0 2.041e0 2.041e0
4.0e0 1.9e0 2.05406e0 2.05406e0
4.1e0 1.9e0 2.06668e0 2.06668e0
4.2e0 1.9e0 2.07944e0 2.07944e0
4.3e0 1.9e0 2.09184e0 2.09184e0
4.4e0 1.9e0 2.10411e0 2.10411e0
4.5e0 1.9e0 2.11623e0 2.11623e0
4.6e0 1.9e0 2.12817e0 2.12817e0
4.7e0 1.9e0 2.14003e0 2.14003e0
4.8e0 1.9e0 2.15172e0 2.15172e0
4.9e0 1.9e0 2.16328e0 2.16328e0
5.0e0 1.9e0 2.17471e0 2.17471e0

1.0e-1 2.0e0 1.41096e0 1.41096e0
2.0e-1 2.0e0 1.43503e0 1.43503e0
3.0e-1 2.0e0 1.45857e0 1.45857e0
4.0e-1 2.0e0 1.48157e0 1.48157e0
5.0e-1 2.0e0 1.50406e0 1.50406e0
6.0e-1 2.0e0 1.52603e0 1.52603e0
7.0e-1 2.0e0 1.54755e0 1.54755e0
8.0e-1 2.0e0 1.56859e0 1.56859e0
9.0e-1 2.0e0 1.5892e0 1.5892e0
1.0e0 2.0e0 1.60942e0 1.60942e0
1.1e0 2.0e0 1.62921e0 1.62921e0
1.2e0 2.0e0 1.64864e0 1.64864e0
1.3e0 2.0e0 1.66768e0 1.66768e0
1.4e0 2.0e0 1.68636e0 1.68636e0
1.5e0 2.0e0 1.70471e0 1.70471e0
1.6e0 2.0e0 1.72273e0 1.72273e0
1.7e0 2.0e0 1.7404e0 1.7404e0
1.8e0 2.0e0 1.75784e0 1.75784e0
1.9e0 2.0e0 1.7749e0 1.7749e0
2.0e0 2.0e0 1.79173e0 1.79173e0
2.1e0 2.0e0 1.80823e0 1.80823e0
2.2e0 2.0e0 1.82446e0 1.82446e0
2.3e0 2.0e0 1.84048e0 1.84048e0
2.4e0 2.0e0 1.85622e0 1.85622e0
2.5e0 2.0e0 1.87173e0 1.87173e0
2.6e0 2.0e0 1.88698e0 1.88698e0
2.7e0 2.0e0 1.90205e0 1.90205e0
2.8e0 2.0e0 1.91682e0 1.91682e0
2.9e0 2.0e0 1.93147e0 1.93147e0
3.0e0 2.0e0 1.9458e0 1.9458e0
3.1e0 2.0e0 1.95998e0 1.95998e0
3.2e0 2.0e0 1.97397e0 1.97397e0
3.3e0 2.0e0 1.98772e0 1.98772e0
3.4e0 2.0e0 2.00142e0 2.00142e0
3.5e0 2.0e0 2.01472e0 2.01472e0
3.6e0 2.0e0 2.02806e0 2.02806e0
3.7e0 2.0e0 2.041e0 2.041e0
3.8e0 2.0e0 2.05406e0 2.05406e0
3.9e0 2.0e0 2.06668e0 2.06668e0
4.0e0 2.0e0 2.07944e0 2.07944e0
4.1e0 2.0e0 2.09184e0 2.09184e0
4.2e0 2.0e0 2.10411e0 2.10411e0
4.3e0 2.0e0 2.11623e0 2.11623e0
4.4e0 2.0e0 2.12817e0 2.12817e0
4.5e0 2.0e0 2.14003e0 2.14003e0
4.6e0 2.0e0 2.15172e0 2.15172e0
4.7e0 2.0e0 2.16328e0 2.16328e0
4.8e0 2.0e0 2.17471e0 2.17471e0
4.9e0 2.0e0 2.186e0 2.186e0
5.0e0 2.0e0 2.1972e0 2.1972e0

1.0e-1 2.1e0 1.45857e0 1.45857e0
2.0e-1 2.1e0 1.48157e0 1.48157e0
3.0e-1 2.1e0 1.50406e0 1.50406e0
4.0e-1 2.1e0 1.52603e0 1.52603e0
5.0e-1 2.1e0 1.54755e0 1.54755e0
6.0e-1 2.1e0 1.56859e0 1.56859e0
7.0e-1 2.1e0 1.5892e0 1.5892e0
8.0e-1 2.1e0 1.60942e0 1.60942e0
9.0e-1 2.1e0 1.62921e0 1.62921e0
1.0e0 2.1e0 1.64864e0 1.64864e0
1.1e0 2.1e0 1.66768e0 1.66768e0
1.2e0 2.1e0 1.68636e0 1.68636e0
1.3e0 2.1e0 1.70471e0 1.70471e0
1.4e0 2.1e0 1.72273e0 1.72273e0
1.5e0 2.1e0 1.7404e0 1.7404e0
1.6e0 2.1e0 1.75784e0 1.75784e0
1.7e0 2.1e0 1.7749e0 1.7749e0
1.8e0 2.1e0 1.79173e0 1.79173e0
1.9e0 2.1e0 1.80823e0 1.80823e0
2.0e0 2.1e0 1.82446e0 1.82446e0
2.1e0 2.1e0 1.84048e0 1.84048e0
2.2e0 2.1e0 1.85622e0 1.85622e0
2.3e0 2.1e0 1.87173e0 1.87173e0
2.4e0 2.1e0 1.88698e0 1.88698e0
2.5e0 2.1e0 1.90205e0 1.90205e0
2.6e0 2.1e0 1.91682e0 1.91682e0
2.7e0 2.1e0 1.93147e0 1.93147e0
2.8e0 2.1e0 1.9458e0 1.9458e0
2.9e0 2.1e0 1.95998e0 1.95998e0
3.0e0 2.1e0 1.97397e0 1.97397e0
3.1e0 2.1e0 1.98772e0 1.98772e0
3.2e0 2.1e0 2.00142e0 2.00142e0
3.3e0 2.1e0 2.01472e0 2.01472e0
3.4e0 2.1e0 2.02806e0 2.02806e0
3.5e0 2.1e0 2.041e0 2.041e0
3.6e0 2.1e0 2.05406e0 2.05406e0
3.7e0 2.1e0 2.06668e0 2.06668e0
3.8e0 2.1e0 2.07944e0 2.07944e0
3.9e0 2.1e0 2.09184e0 2.09184e0
4.0e0 2.1e0 2.10411e0 2.10411e0
4.1e0 2.1e0 2.11623e0 2.11623e0
4.2e0 2.1e0 2.12817e0 2.12817e0
4.3e0 2.1e0 2.14003e0 2.14003e0
4.4e0 2.1e0 2.15172e0 2.15172e0
4.5e0 2.1e0 2.16328e0 2.16328e0
4.6e0 2.1e0 2.17471e0 2.17471e0
4.7e0 2.1e0 2.186e0 2.186e0
4.8e0 2.1e0 2.1972e0 2.1972e0
4.9e0 2.1e0 2.20824e0 2.20824e0
5.0e0 2.1e0 2.21918e0 2.21918e0

1.0e-1 2.2e0 1.50406e0 1.50406e0
2.0e-1 2.2e0 1.52603e0 1.52603e0
3.0e-1 2.2e0 1.54755e0 1.54755e0
4.0e-1 2.2e0 1.56859e0 1.56859e0
5.0e-1 2.2e0 1.5892e0 1.5892e0
6.0e-1 2.2e0 1.60942e0 1.60942e0
7.0e-1 2.2e0 1.62921e0 1.62921e0
8.0e-1 2.2e0 1.64864e0 1.64864e0
9.0e-1 2.2e0 1.66768e0 1.66768e0
1.0e0 2.2e0 1.68636e0 1.68636e0
1.1e0 2.2e0 1.70471e0 1.70471e0
1.2e0 2.2e0 1.72273e0 1.72273e0
1.3e0 2.2e0 1.7404e0 1.7404e0
1.4e0 2.2e0 1.75784e0 1.75784e0
1.5e0 2.2e0 1.7749e0 1.7749e0
1.6e0 2.2e0 1.79173e0 1.79173e0
1.7e0 2.2e0 1.80823e0 1.80823e0
1.8e0 2.2e0 1.82446e0 1.82446e0
1.9e0 2.2e0 1.84048e0 1.84048e0
2.0e0 2.2e0 1.85622e0 1.85622e0
2.1e0 2.2e0 1.87173e0 1.87173e0
2.2e0 2.2e0 1.88698e0 1.88698e0
2.3e0 2.2e0 1.90205e0 1.90205e0
2.4e0 2.2e0 1.91682e0 1.91682e0
2.5e0 2.2e0 1.93147e0 1.93147e0
2.6e0 2.2e0 1.9458e0 1.9458e0
2.7e0 2.2e0 1.95998e0 1.95998e0
2.8e0 2.2e0 1.97397e0 1.97397e0
2.9e0 2.2e0 1.98772e0 1.98772e0
3.0e0 2.2e0 2.00142e0 2.00142e0
3.1e0 2.2e0 2.01472e0 2.01472e0
3.2e0 2.2e0 2.02806e0 2.02806e0
3.3e0 2.2e0 2.041e0 2.041e0
3.4e0 2.2e0 2.05406e0 2.05406e0
3.5e0 2.2e0 2.06668e0 2.06668e0
3.6e0 2.2e0 2.07944e0 2.07944e0
3.7e0 2.2e0 2.09184e0 2.09184e0
3.8e0 2.2e0 2.10411e0 2.10411e0
3.9e0 2.2e0 2.11623e0 2.11623e0
4.0e0 2.2e0 2.12817e0 2.12817e0
4.1e0 2.2e0 2.14003e0 2.14003e0
4.2e0 2.2e0 2.15172e0 2.15172e0
4.3e0 2.2e0 2.16328e0 2.16328e0
4.4e0 2.2e0 2.17471e0 2.17471e0
4.5e0 2.2e0 2.186e0 2.186e0
4.6e0 2.2e0 2.1972e0 2.1972e0
4.7e0 2.2e0 2.20824e0 2.20824e0
4.8e0 2.2e0 2.21918e0 2.21918e0
4.9e0 2.2e0 2.22998e0 2.22998e0
5.0e0 2.2e0 2.24069e0 2.24069e0

1.0e-1 2.3e0 1.54755e0 1.54755e0
2.0e-1 2.3e0 1.56859e0 1.56859e0
3.0e-1 2.3e0 1.5892e0 1.5892e0
4.0e-1 2.3e0 1.60942e0 1.60942e0
5.0e-1 2.3e0 1.62921e0 1.62921e0
6.0e-1 2.3e0 1.64864e0 1.64864e0
7.0e-1 2.3e0 1.66768e0 1.66768e0
8.0e-1 2.3e0 1.68636e0 1.68636e0
9.0e-1 2.3e0 1.70471e0 1.70471e0
1.0e0 2.3e0 1.72273e0 1.72273e0
1.1e0 2.3e0 1.7404e0 1.7404e0
1.2e0 2.3e0 1.75784e0 1.75784e0
1.3e0 2.3e0 1.7749e0 1.7749e0
1.4e0 2.3e0 1.79173e0 1.79173e0
1.5e0 2.3e0 1.80823e0 1.80823e0
1.6e0 2.3e0 1.82446e0 1.82446e0
1.7e0 2.3e0 1.84048e0 1.84048e0
1.8e0 2.3e0 1.85622e0 1.85622e0
1.9e0 2.3e0 1.87173e0 1.87173e0
2.0e0 2.3e0 1.88698e0 1.88698e0
2.1e0 2.3e0 1.90205e0 1.90205e0
2.2e0 2.3e0 1.91682e0 1.91682e0
2.3e0 2.3e0 1.93147e0 1.93147e0
2.4e0 2.3e0 1.9458e0 1.9458e0
2.5e0 2.3e0 1.95998e0 1.95998e0
2.6e0 2.3e0 1.97397e0 1.97397e0
2.7e0 2.3e0 1.98772e0 1.98772e0
2.8e0 2.3e0 2.00142e0 2.00142e0
2.9e0 2.3e0 2.01472e0 2.01472e0
3.0e0 2.3e0 2.02806e0 2.02806e0
3.1e0 2.3e0 2.041e0 2.041e0
3.2e0 2.3e0 2.05406e0 2.05406e0
3.3e0 2.3e0 2.06668e0 2.06668e0
3.4e0 2.3e0 2.07944e0 2.07944e0
3.5e0 2.3e0 2.09184e0 2.09184e0
3.6e0 2.3e0 2.10411e0 2.10411e0
3.7e0 2.3e0 2.11623e0 2.11623e0
3.8e0 2.3e0 2.12817e0 2.12817e0
3.9e0 2.3e0 2.14003e0 2.14003e0
4.0e0 2.3e0 2.15172e0 2.15172e0
4.1e0 2.3e0 2.16328e0 2.16328e0
4.2e0 2.3e0 2.17471e0 2.17471e0
4.3e0 2.3e0 2.186e0 2.186e0
4.4e0 2.3e0 2.1972e0 2.1972e0
4.5e0 2.3e0 2.20824e0 2.20824e0
4.6e0 2.3e0 2.21918e0 2.21918e0
4.7e0 2.3e0 2.22998e0 2.22998e0
4.8e0 2.3e0 2.24069e0 2.24069e0
4.9e0 2.3e0 2.25128e0 2.25128e0
5.0e0 2.3e0 2.26173e0 2.26173e0

1.0e-1 2.4e0 1.5892e0 1.5892e0
2.0e-1 2.4e0 1.60942e0 1.60942e0
3.0e-1 2.4e0 1.62921e0 1.62921e0
4.0e-1 2.4e0 1.64864e0 1.64864e0
5.0e-1 2.4e0 1.66768e0 1.66768e0
6.0e-1 2.4e0 1.68636e0 1.68636e0
7.0e-1 2.4e0 1.70471e0 1.70471e0
8.0e-1 2.4e0 1.72273e0 1.72273e0
9.0e-1 2.4e0 1.7404e0 1.7404e0
1.0e0 2.4e0 1.75784e0 1.75784e0
1.1e0 2.4e0 1.7749e0 1.7749e0
1.2e0 2.4e0 1.79173e0 1.79173e0
1.3e0 2.4e0 1.80823e0 1.80823e0
1.4e0 2.4e0 1.82446e0 1.82446e0
1.5e0 2.4e0 1.84048e0 1.84048e0
1.6e0 2.4e0 1.85622e0 1.85622e0
1.7e0 2.4e0 1.87173e0 1.87173e0
1.8e0 2.4e0 1.88698e0 1.88698e0
1.9e0 2.4e0 1.90205e0 1.90205e0
2.0e0 2.4e0 1.91682e0 1.91682e0
2.1e0 2.4e0 1.93147e0 1.93147e0
2.2e0 2.4e0 1.9458e0 1.9458e0
2.3e0 2.4e0 1.95998e0 1.95998e0
2.4e0 2.4e0 1.97397e0 1.97397e0
2.5e0 2.4e0 1.98772e0 1.98772e0
2.6e0 2.4e0 2.00142e0 2.00142e0
2.7e0 2.4e0 2.01472e0 2.01472e0
2.8e0 2.4e0 2.02806e0 2.02806e0
2.9e0 2.4e0 2.041e0 2.041e0
3.0e0 2.4e0 2.05406e0 2.05406e0
3.1e0 2.4e0 2.06668e0 2.06668e0
3.2e0 2.4e0 2.07944e0 2.07944e0
3.3e0 2.4e0 2.09184e0 2.09184e0
3.4e0 2.4e0 2.10411e0 2.10411e0
3.5e0 2.4e0 2.11623e0 2.11623e0
3.6e0 2.4e0 2.12817e0 2.12817e0
3.7e0 2.4e0 2.14003e0 2.14003e0
3.8e0 2.4e0 2.15172e0 2.15172e0
3.9e0 2.4e0 2.16328e0 2.16328e0
4.0e0 2.4e0 2.17471e0 2.17471e0
4.1e0 2.4e0 2.186e0 2.186e0
4.2e0 2.4e0 2.1972e0 2.1972e0
4.3e0 2.4e0 2.20824e0 2.20824e0
4.4e0 2.4e0 2.21918e0 2.21918e0
4.5e0 2.4e0 2.22998e0 2.22998e0
4.6e0 2.4e0 2.24069e0 2.24069e0
4.7e0 2.4e0 2.25128e0 2.25128e0
4.8e0 2.4e0 2.26173e0 2.26173e0
4.9e0 2.4e0 2.2721e0 2.2721e0
5.0e0 2.4e0 2.28235e0 2.28235e0

1.0e-1 2.5e0 1.62921e0 1.62921e0
2.0e-1 2.5e0 1.64864e0 1.64864e0
3.0e-1 2.5e0 1.66768e0 1.66768e0
4.0e-1 2.5e0 1.68636e0 1.68636e0
5.0e-1 2.5e0 1.70471e0 1.70471e0
6.0e-1 2.5e0 1.72273e0 1.72273e0
7.0e-1 2.5e0 1.7404e0 1.7404e0
8.0e-1 2.5e0 1.75784e0 1.75784e0
9.0e-1 2.5e0 1.7749e0 1.7749e0
1.0e0 2.5e0 1.79173e0 1.79173e0
1.1e0 2.5e0 1.80823e0 1.80823e0
1.2e0 2.5e0 1.82446e0 1.82446e0
1.3e0 2.5e0 1.84048e0 1.84048e0
1.4e0 2.5e0 1.85622e0 1.85622e0
1.5e0 2.5e0 1.87173e0 1.87173e0
1.6e0 2.5e0 1.88698e0 1.88698e0
1.7e0 2.5e0 1.90205e0 1.90205e0
1.8e0 2.5e0 1.91682e0 1.91682e0
1.9e0 2.5e0 1.93147e0 1.93147e0
2.0e0 2.5e0 1.9458e0 1.9458e0
2.1e0 2.5e0 1.95998e0 1.95998e0
2.2e0 2.5e0 1.97397e0 1.97397e0
2.3e0 2.5e0 1.98772e0 1.98772e0
2.4e0 2.5e0 2.00142e0 2.00142e0
2.5e0 2.5e0 2.01472e0 2.01472e0
2.6e0 2.5e0 2.02806e0 2.02806e0
2.7e0 2.5e0 2.041e0 2.041e0
2.8e0 2.5e0 2.05406e0 2.05406e0
2.9e0 2.5e0 2.06668e0 2.06668e0
3.0e0 2.5e0 2.07944e0 2.07944e0
3.1e0 2.5e0 2.09184e0 2.09184e0
3.2e0 2.5e0 2.10411e0 2.10411e0
3.3e0 2.5e0 2.11623e0 2.11623e0
3.4e0 2.5e0 2.12817e0 2.12817e0
3.5e0 2.5e0 2.14003e0 2.14003e0
3.6e0 2.5e0 2.15172e0 2.15172e0
3.7e0 2.5e0 2.16328e0 2.16328e0
3.8e0 2.5e0 2.17471e0 2.17471e0
3.9e0 2.5e0 2.186e0 2.186e0
4.0e0 2.5e0 2.1972e0 2.1972e0
4.1e0 2.5e0 2.20824e0 2.20824e0
4.2e0 2.5e0 2.21918e0 2.21918e0
4.3e0 2.5e0 2.22998e0 2.22998e0
4.4e0 2.5e0 2.24069e0 2.24069e0
4.5e0 2.5e0 2.25128e0 2.25128e0
4.6e0 2.5e0 2.26173e0 2.26173e0
4.7e0 2.5e0 2.2721e0 2.2721e0
4.8e0 2.5e0 2.28235e0 2.28235e0
4.9e0 2.5e0 2.29251e0 2.29251e0
5.0e0 2.5e0 2.30258e0 2.30258e0

1.0e-1 2.6e0 1.66768e0 1.66768e0
2.0e-1 2.6e0 1.68636e0 1.68636e0
3.0e-1 2.6e0 1.70471e0 1.70471e0
4.0e-1 2.6e0 1.72273e0 1.72273e0
5.0e-1 2.6e0 1.7404e0 1.7404e0
6.0e-1 2.6e0 1.75784e0 1.75784e0
7.0e-1 2.6e0 1.7749e0 1.7749e0
8.0e-1 2.6e0 1.79173e0 1.79173e0
9.0e-1 2.6e0 1.80823e0 1.80823e0
1.0e0 2.6e0 1.82446e0 1.82446e0
1.1e0 2.6e0 1.84048e0 1.84048e0
1.2e0 2.6e0 1.85622e0 1.85622e0
1.3e0 2.6e0 1.87173e0 1.87173e0
1.4e0 2.6e0 1.88698e0 1.88698e0
1.5e0 2.6e0 1.90205e0 1.90205e0
1.6e0 2.6e0 1.91682e0 1.91682e0
1.7e0 2.6e0 1.93147e0 1.93147e0
1.8e0 2.6e0 1.9458e0 1.9458e0
1.9e0 2.6e0 1.95998e0 1.95998e0
2.0e0 2.6e0 1.97397e0 1.97397e0
2.1e0 2.6e0 1.98772e0 1.98772e0
2.2e0 2.6e0 2.00142e0 2.00142e0
2.3e0 2.6e0 2.01472e0 2.01472e0
2.4e0 2.6e0 2.02806e0 2.02806e0
2.5e0 2.6e0 2.041e0 2.041e0
2.6e0 2.6e0 2.05406e0 2.05406e0
2.7e0 2.6e0 2.06668e0 2.06668e0
2.8e0 2.6e0 2.07944e0 2.07944e0
2.9e0 2.6e0 2.09184e0 2.09184e0
3.0e0 2.6e0 2.10411e0 2.10411e0
3.1e0 2.6e0 2.11623e0 2.11623e0
3.2e0 2.6e0 2.12817e0 2.12817e0
3.3e0 2.6e0 2.14003e0 2.14003e0
3.4e0 2.6e0 2.15172e0 2.15172e0
3.5e0 2.6e0 2.16328e0 2.16328e0
3.6e0 2.6e0 2.17471e0 2.17471e0
3.7e0 2.6e0 2.186e0 2.186e0
3.8e0 2.6e0 2.1972e0 2.1972e0
3.9e0 2.6e0 2.20824e0 2.20824e0
4.0e0 2.6e0 2.21918e0 2.21918e0
4.1e0 2.6e0 2.22998e0 2.22998e0
4.2e0 2.6e0 2.24069e0 2.24069e0
4.3e0 2.6e0 2.25128e0 2.25128e0
4.4e0 2.6e0 2.26173e0 2.26173e0
4.5e0 2.6e0 2.2721e0 2.2721e0
4.6e0 2.6e0 2.28235e0 2.28235e0
4.7e0 2.6e0 2.29251e0 2.29251e0
4.8e0 2.6e0 2.30258e0 2.30258e0
4.9e0 2.6e0 2.31252e0 2.31252e0
5.0e0 2.6e0 2.32239e0 2.32239e0

1.0e-1 2.7e0 1.70471e0 1.70471e0
2.0e-1 2.7e0 1.72273e0 1.72273e0
3.0e-1 2.7e0 1.7404e0 1.7404e0
4.0e-1 2.7e0 1.75784e0 1.75784e0
5.0e-1 2.7e0 1.7749e0 1.7749e0
6.0e-1 2.7e0 1.79173e0 1.79173e0
7.0e-1 2.7e0 1.80823e0 1.80823e0
8.0e-1 2.7e0 1.82446e0 1.82446e0
9.0e-1 2.7e0 1.84048e0 1.84048e0
1.0e0 2.7e0 1.85622e0 1.85622e0
1.1e0 2.7e0 1.87173e0 1.87173e0
1.2e0 2.7e0 1.88698e0 1.88698e0
1.3e0 2.7e0 1.90205e0 1.90205e0
1.4e0 2.7e0 1.91682e0 1.91682e0
1.5e0 2.7e0 1.93147e0 1.93147e0
1.6e0 2.7e0 1.9458e0 1.9458e0
1.7e0 2.7e0 1.95998e0 1.95998e0
1.8e0 2.7e0 1.97397e0 1.97397e0
1.9e0 2.7e0 1.98772e0 1.98772e0
2.0e0 2.7e0 2.00142e0 2.00142e0
2.1e0 2.7e0 2.01472e0 2.01472e0
2.2e0 2.7e0 2.02806e0 2.02806e0
2.3e0 2.7e0 2.041e0 2.041e0
2.4e0 2.7e0 2.05406e0 2.05406e0
2.5e0 2.7e0 2.06668e0 2.06668e0
2.6e0 2.7e0 2.07944e0 2.07944e0
2.7e0 2.7e0 2.09184e0 2.09184e0
2.8e0 2.7e0 2.10411e0 2.10411e0
2.9e0 2.7e0 2.11623e0 2.11623e0
3.0e0 2.7e0 2.12817e0 2.12817e0
3.1e0 2.7e0 2.14003e0 2.14003e0
3.2e0 2.7e0 2.15172e0 2.15172e0
3.3e0 2.7e0 2.16328e0 2.16328e0
3.4e0 2.7e0 2.17471e0 2.17471e0
3.5e0 2.7e0 2.186e0 2.186e0
3.6e0 2.7e0 2.1972e0 2.1972e0
3.7e0 2.7e0 2.20824e0 2.20824e0
3.8e0 2.7e0 2.21918e0 2.21918e0
3.9e0 2.7e0 2.22998e0 2.22998e0
4.0e0 2.7e0 2.24069e0 2.24069e0
4.1e0 2.7e0 2.25128e0 2.25128e0
4.2e0 2.7e0 2.26173e0 2.26173e0
4.3e0 2.7e0 2.2721e0 2.2721e0
4.4e0 2.7e0 2.28235e0 2.28235e0
4.5e0 2.7e0 2.29251e0 2.29251e0
4.6e0 2.7e0 2.30258e0 2.30258e0
4.7e0 2.7e0 2.31252e0 2.31252e0
4.8e0 2.7e0 2.32239e0 2.32239e0
4.9e0 2.7e0 2.3321e0 2.3321e0
5.0e0 2.7e0 2.34177e0 2.34177e0

1.0e-1 2.8e0 1.7404e0 1.7404e0
2.0e-1 2.8e0 1.75784e0 1.75784e0
3.0e-1 2.8e0 1.7749e0 1.7749e0
4.0e-1 2.8e0 1.79173e0 1.79173e0
5.0e-1 2.8e0 1.80823e0 1.80823e0
6.0e-1 2.8e0 1.82446e0 1.82446e0
7.0e-1 2.8e0 1.84048e0 1.84048e0
8.0e-1 2.8e0 1.85622e0 1.85622e0
9.0e-1 2.8e0 1.87173e0 1.87173e0
1.0e0 2.8e0 1.88698e0 1.88698e0
1.1e0 2.8e0 1.90205e0 1.90205e0
1.2e0 2.8e0 1.91682e0 1.91682e0
1.3e0 2.8e0 1.93147e0 1.93147e0
1.4e0 2.8e0 1.9458e0 1.9458e0
1.5e0 2.8e0 1.95998e0 1.95998e0
1.6e0 2.8e0 1.97397e0 1.97397e0
1.7e0 2.8e0 1.98772e0 1.98772e0
1.8e0 2.8e0 2.00142e0 2.00142e0
1.9e0 2.8e0 2.01472e0 2.01472e0
2.0e0 2.8e0 2.02806e0 2.02806e0
2.1e0 2.8e0 2.041e0 2.041e0
2.2e0 2.8e0 2.05406e0 2.05406e0
2.3e0 2.8e0 2.06668e0 2.06668e0
2.4e0 2.8e0 2.07944e0 2.07944e0
2.5e0 2.8e0 2.09184e0 2.09184e0
2.6e0 2.8e0 2.10411e0 2.10411e0
2.7e0 2.8e0 2.11623e0 2.11623e0
2.8e0 2.8e0 2.12817e0 2.12817e0
2.9e0 2.8e0 2.14003e0 2.14003e0
3.0e0 2.8e0 2.15172e0 2.15172e0
3.1e0 2.8e0 2.16328e0 2.16328e0
3.2e0 2.8e0 2.17471e0 2.17471e0
3.3e0 2.8e0 2.186e0 2.186e0
3.4e0 2.8e0 2.1972e0 2.1972e0
3.5e0 2.8e0 2.20824e0 2.20824e0
3.6e0 2.8e0 2.21918e0 2.21918e0
3.7e0 2.8e0 2.22998e0 2.22998e0
3.8e0 2.8e0 2.24069e0 2.24069e0
3.9e0 2.8e0 2.25128e0 2.25128e0
4.0e0 2.8e0 2.26173e0 2.26173e0
4.1e0 2.8e0 2.2721e0 2.2721e0
4.2e0 2.8e0 2.28235e0 2.28235e0
4.3e0 2.8e0 2.29251e0 2.29251e0
4.4e0 2.8e0 2.30258e0 2.30258e0
4.5e0 2.8e0 2.31252e0 2.31252e0
4.6e0 2.8e0 2.32239e0 2.32239e0
4.7e0 2.8e0 2.3321e0 2.3321e0
4.8e0 2.8e0 2.34177e0 2.34177e0
4.9e0 2.8e0 2.35135e0 2.35135e0
5.0e0 2.8e0 2.36082e0 2.36082e0

1.0e-1 2.9e0 1.7749e0 1.7749e0
2.0e-1 2.9e0 1.79173e0 1.79173e0
3.0e-1 2.9e0 1.80823e0 1.80823e0
4.0e-1 2.9e0 1.82446e0 1.82446e0
5.0e-1 2.9e0 1.84048e0 1.84048e0
6.0e-1 2.9e0 1.85622e0 1.85622e0
7.0e-1 2.9e0 1.87173e0 1.87173e0
8.0e-1 2.9e0 1.88698e0 1.88698e0
9.0e-1 2.9e0 1.90205e0 1.90205e0
1.0e0 2.9e0 1.91682e0 1.91682e0
1.1e0 2.9e0 1.93147e0 1.93147e0
1.2e0 2.9e0 1.9458e0 1.9458e0
1.3e0 2.9e0 1.95998e0 1.95998e0
1.4e0 2.9e0 1.97397e0 1.97397e0
1.5e0 2.9e0 1.98772e0 1.98772e0
1.6e0 2.9e0 2.00142e0 2.00142e0
1.7e0 2.9e0 2.01472e0 2.01472e0
1.8e0 2.9e0 2.02806e0 2.02806e0
1.9e0 2.9e0 2.041e0 2.041e0
2.0e0 2.9e0 2.05406e0 2.05406e0
2.1e0 2.9e0 2.06668e0 2.06668e0
2.2e0 2.9e0 2.07944e0 2.07944e0
2.3e0 2.9e0 2.09184e0 2.09184e0
2.4e0 2.9e0 2.10411e0 2.10411e0
2.5e0 2.9e0 2.11623e0 2.11623e0
2.6e0 2.9e0 2.12817e0 2.12817e0
2.7e0 2.9e0 2.14003e0 2.14003e0
2.8e0 2.9e0 2.15172e0 2.15172e0
2.9e0 2.9e0 2.16328e0 2.16328e0
3.0e0 2.9e0 2.17471e0 2.17471e0
3.1e0 2.9e0 2.186e0 2.186e0
3.2e0 2.9e0 2.1972e0 2.1972e0
3.3e0 2.9e0 2.20824e0 2.20824e0
3.4e0 2.9e0 2.21918e0 2.21918e0
3.5e0 2.9e0 2.22998e0 2.22998e0
3.6e0 2.9e0 2.24069e0 2.24069e0
3.7e0 2.9e0 2.25128e0 2.25128e0
3.8e0 2.9e0 2.26173e0 2.26173e0
3.9e0 2.9e0 2.2721e0 2.2721e0
4.0e0 2.9e0 2.28235e0 2.28235e0
4.1e0 2.9e0 2.29251e0 2.29251e0
4.2e0 2.9e0 2.30258e0 2.30258e0
4.3e0 2.9e0 2.31252e0 2.31252e0
4.4e0 2.9e0 2.32239e0 2.32239e0
4.5e0 2.9e0 2.3321e0 2.3321e0
4.6e0 2.9e0 2.34177e0 2.34177e0
4.7e0 2.9e0 2.35135e0 2.35135e0
4.8e0 2.9e0 2.36082e0 2.36082e0
4.9e0 2.9e0 2.37022e0 2.37022e0
5.0e0 2.9e0 2.37953e0 2.37953e0

1.0e-1 3.0e0 1.80823e0 1.80823e0
2.0e-1 3.0e0 1.82446e0 1.82446e0
3.0e-1 3.0e0 1.84048e0 1.84048e0
4.0e-1 3.0e0 1.85622e0 1.85622e0
5.0e-1 3.0e0 1.87173e0 1.87173e0
6.0e-1 3.0e0 1.88698e0 1.88698e0
7.0e-1 3.0e0 1.90205e0 1.90205e0
8.0e-1 3.0e0 1.91682e0 1.91682e0
9.0e-1 3.0e0 1.93147e0 1.93147e0
1.0e0 3.0e0 1.9458e0 1.9458e0
1.1e0 3.0e0 1.95998e0 1.95998e0
1.2e0 3.0e0 1.97397e0 1.97397e0
1.3e0 3.0e0 1.98772e0 1.98772e0
1.4e0 3.0e0 2.00142e0 2.00142e0
1.5e0 3.0e0 2.01472e0 2.01472e0
1.6e0 3.0e0 2.02806e0 2.02806e0
1.7e0 3.0e0 2.041e0 2.041e0
1.8e0 3.0e0 2.05406e0 2.05406e0
1.9e0 3.0e0 2.06668e0 2.06668e0
2.0e0 3.0e0 2.07944e0 2.07944e0
2.1e0 3.0e0 2.09184e0 2.09184e0
2.2e0 3.0e0 2.10411e0 2.10411e0
2.3e0 3.0e0 2.11623e0 2.11623e0
2.4e0 3.0e0 2.12817e0 2.12817e0
2.5e0 3.0e0 2.14003e0 2.14003e0
2.6e0 3.0e0 2.15172e0 2.15172e0
2.7e0 3.0e0 2.16328e0 2.16328e0
2.8e0 3.0e0 2.17471e0 2.17471e0
2.9e0 3.0e0 2.186e0 2.186e0
3.0e0 3.0e0 2.1972e0 2.1972e0
3.1e0 3.0e0 2.20824e0 2.20824e0
3.2e0 3.0e0 2.21918e0 2.21918e0
3.3e0 3.0e0 2.22998e0 2.22998e0
3.4e0 3.0e0 2.24069e0 2.24069e0
3.5e0 3.0e0 2.25128e0 2.25128e0
3.6e0 3.0e0 2.26173e0 2.26173e0
3.7e0 3.0e0 2.2721e0 2.2721e0
3.8e0 3.0e0 2.28235e0 2.28235e0
3.9e0 3.0e0 2.29251e0 2.29251e0
4.0e0 3.0e0 2.30258e0 2.30258e0
4.1e0 3.0e0 2.31252e0 2.31252e0
4.2e0 3.0e0 2.32239e0 2.32239e0
4.3e0 3.0e0 2.3321e0 2.3321e0
4.4e0 3.0e0 2.34177e0 2.34177e0
4.5e0 3.0e0 2.35135e0 2.35135e0
4.6e0 3.0e0 2.36082e0 2.36082e0
4.7e0 3.0e0 2.37022e0 2.37022e0
4.8e0 3.0e0 2.37953e0 2.37953e0
4.9e0 3.0e0 2.38873e0 2.38873e0
5.0e0 3.0e0 2.39787e0 2.39787e0

1.0e-1 3.1e0 1.84048e0 1.84048e0
2.0e-1 3.1e0 1.85622e0 1.85622e0
3.0e-1 3.1e0 1.87173e0 1.87173e0
4.0e-1 3.1e0 1.88698e0 1.88698e0
5.0e-1 3.1e0 1.90205e0 1.90205e0
6.0e-1 3.1e0 1.91682e0 1.91682e0
7.0e-1 3.1e0 1.93147e0 1.93147e0
8.0e-1 3.1e0 1.9458e0 1.9458e0
9.0e-1 3.1e0 1.95998e0 1.95998e0
1.0e0 3.1e0 1.97397e0 1.97397e0
1.1e0 3.1e0 1.98772e0 1.98772e0
1.2e0 3.1e0 2.00142e0 2.00142e0
1.3e0 3.1e0 2.01472e0 2.01472e0
1.4e0 3.1e0 2.02806e0 2.02806e0
1.5e0 3.1e0 2.041e0 2.041e0
1.6e0 3.1e0 2.05406e0 2.05406e0
1.7e0 3.1e0 2.06668e0 2.06668e0
1.8e0 3.1e0 2.07944e0 2.07944e0
1.9e0 3.1e0 2.09184e0 2.09184e0
2.0e0 3.1e0 2.10411e0 2.10411e0
2.1e0 3.1e0 2.11623e0 2.11623e0
2.2e0 3.1e0 2.12817e0 2.12817e0
2.3e0 3.1e0 2.14003e0 2.14003e0
2.4e0 3.1e0 2.15172e0 2.15172e0
2.5e0 3.1e0 2.16328e0 2.16328e0
2.6e0 3.1e0 2.17471e0 2.17471e0
2.7e0 3.1e0 2.186e0 2.186e0
2.8e0 3.1e0 2.1972e0 2.1972e0
2.9e0 3.1e0 2.20824e0 2.20824e0
3.0e0 3.1e0 2.21918e0 2.21918e0
3.1e0 3.1e0 2.22998e0 2.22998e0
3.2e0 3.1e0 2.24069e0 2.24069e0
3.3e0 3.1e0 2.25128e0 2.25128e0
3.4e0 3.1e0 2.26173e0 2.26173e0
3.5e0 3.1e0 2.2721e0 2.2721e0
3.6e0 3.1e0 2.28235e0 2.28235e0
3.7e0 3.1e0 2.29251e0 2.29251e0
3.8e0 3.1e0 2.30258e0 2.30258e0
3.9e0 3.1e0 2.31252e0 2.31252e0
4.0e0 3.1e0 2.32239e0 2.32239e0
4.1e0 3.1e0 2.3321e0 2.3321e0
4.2e0 3.1e0 2.34177e0 2.34177e0
4.3e0 3.1e0 2.35135e0 2.35135e0
4.4e0 3.1e0 2.36082e0 2.36082e0
4.5e0 3.1e0 2.37022e0 2.37022e0
4.6e0 3.1e0 2.37953e0 2.37953e0
4.7e0 3.1e0 2.38873e0 2.38873e0
4.8e0 3.1e0 2.39787e0 2.39787e0
4.9e0 3.1e0 2.40692e0 2.40692e0
5.0e0 3.1e0 2.4159e0 2.4159e0

1.0e-1 3.2e0 1.87173e0 1.87173e0
2.0e-1 3.2e0 1.88698e0 1.88698e0
3.0e-1 3.2e0 1.90205e0 1.90205e0
4.0e-1 3.2e0 1.91682e0 1.91682e0
5.0e-1 3.2e0 1.93147e0 1.93147e0
6.0e-1 3.2e0 1.9458e0 1.9458e0
7.0e-1 3.2e0 1.95998e0 1.95998e0
8.0e-1 3.2e0 1.97397e0 1.97397e0
9.0e-1 3.2e0 1.98772e0 1.98772e0
1.0e0 3.2e0 2.00142e0 2.00142e0
1.1e0 3.2e0 2.01472e0 2.01472e0
1.2e0 3.2e0 2.02806e0 2.02806e0
1.3e0 3.2e0 2.041e0 2.041e0
1.4e0 3.2e0 2.05406e0 2.05406e0
1.5e0 3.2e0 2.06668e0 2.06668e0
1.6e0 3.2e0 2.07944e0 2.07944e0
1.7e0 3.2e0 2.09184e0 2.09184e0
1.8e0 3.2e0 2.10411e0 2.10411e0
1.9e0 3.2e0 2.11623e0 2.11623e0
2.0e0 3.2e0 2.12817e0 2.12817e0
2.1e0 3.2e0 2.14003e0 2.14003e0
2.2e0 3.2e0 2.15172e0 2.15172e0
2.3e0 3.2e0 2.16328e0 2.16328e0
2.4e0 3.2e0 2.17471e0 2.17471e0
2.5e0 3.2e0 2.186e0 2.186e0
2.6e0 3.2e0 2.1972e0 2.1972e0
2.7e0 3.2e0 2.20824e0 2.20824e0
2.8e0 3.2e0 2.21918e0 2.21918e0
2.9e0 3.2e0 2.22998e0 2.22998e0
3.0e0 3.2e0 2.24069e0 2.24069e0
3.1e0 3.2e0 2.25128e0 2.25128e0
3.2e0 3.2e0 2.26173e0 2.26173e0
3.3e0 3.2e0 2.2721e0 2.2721e0
3.4e0 3.2e0 2.28235e0 2.28235e0
3.5e0 3.2e0 2.29251e0 2.29251e0
3.6e0 3.2e0 2.30258e0 2.30258e0
3.7e0 3.2e0 2.31252e0 2.31252e0
3.8e0 3.2e0 2.32239e0 2.32239e0
3.9e0 3.2e0 2.3321e0 2.3321e0
4.0e0 3.2e0 2.34177e0 2.34177e0
4.1e0 3.2e0 2.35135e0 2.35135e0
4.2e0 3.2e0 2.36082e0 2.36082e0
4.3e0 3.2e0 2.37022e0 2.37022e0
4.4e0 3.2e0 2.37953e0 2.37953e0
4.5e0 3.2e0 2.38873e0 2.38873e0
4.6e0 3.2e0 2.39787e0 2.39787e0
4.7e0 3.2e0 2.40692e0 2.40692e0
4.8e0 3.2e0 2.4159e0 2.4159e0
4.9e0 3.2e0 2.42477e0 2.42477e0
5.0e0 3.2e0 2.4336e0 2.4336e0

1.0e-1 3.3e0 1.90205e0 1.90205e0
2.0e-1 3.3e0 1.91682e0 1.91682e0
3.0e-1 3.3e0 1.93147e0 1.93147e0
4.0e-1 3.3e0 1.9458e0 1.9458e0
5.0e-1 3.3e0 1.95998e0 1.95998e0
6.0e-1 3.3e0 1.97397e0 1.97397e0
7.0e-1 3.3e0 1.98772e0 1.98772e0
8.0e-1 3.3e0 2.00142e0 2.00142e0
9.0e-1 3.3e0 2.01472e0 2.01472e0
1.0e0 3.3e0 2.02806e0 2.02806e0
1.1e0 3.3e0 2.041e0 2.041e0
1.2e0 3.3e0 2.05406e0 2.05406e0
1.3e0 3.3e0 2.06668e0 2.06668e0
1.4e0 3.3e0 2.07944e0 2.07944e0
1.5e0 3.3e0 2.09184e0 2.09184e0
1.6e0 3.3e0 2.10411e0 2.10411e0
1.7e0 3.3e0 2.11623e0 2.11623e0
1.8e0 3.3e0 2.12817e0 2.12817e0
1.9e0 3.3e0 2.14003e0 2.14003e0
2.0e0 3.3e0 2.15172e0 2.15172e0
2.1e0 3.3e0 2.16328e0 2.16328e0
2.2e0 3.3e0 2.17471e0 2.17471e0
2.3e0 3.3e0 2.186e0 2.186e0
2.4e0 3.3e0 2.1972e0 2.1972e0
2.5e0 3.3e0 2.20824e0 2.20824e0
2.6e0 3.3e0 2.21918e0 2.21918e0
2.7e0 3.3e0 2.22998e0 2.22998e0
2.8e0 3.3e0 2.24069e0 2.24069e0
2.9e0 3.3e0 2.25128e0 2.25128e0
3.0e0 3.3e0 2.26173e0 2.26173e0
3.1e0 3.3e0 2.2721e0 2.2721e0
3.2e0 3.3e0 2.28235e0 2.28235e0
3.3e0 3.3e0 2.29251e0 2.29251e0
3.4e0 3.3e0 2.30258e0 2.30258e0
3.5e0 3.3e0 2.31252e0 2.31252e0
3.6e0 3.3e0 2.32239e0 2.32239e0
3.7e0 3.3e0 2.3321e0 2.3321e0
3.8e0 3.3e0 2.34177e0 2.34177e0
3.9e0 3.3e0 2.35135e0 2.35135e0
4.0e0 3.3e0 2.36082e0 2.36082e0
4.1e0 3.3e0 2.37022e0 2.37022e0
4.2e0 3.3e0 2.37953e0 2.37953e0
4.3e0 3.3e0 2.38873e0 2.38873e0
4.4e0 3.3e0 2.39787e0 2.39787e0
4.5e0 3.3e0 2.40692e0 2.40692e0
4.6e0 3.3e0 2.4159e0 2.4159e0
4.7e0 3.3e0 2.42477e0 2.42477e0
4.8e0 3.3e0 2.4336e0 2.4336e0
4.9e0 3.3e0 2.44232e0 2.44232e0
5.0e0 3.3e0 2.45099e0 2.45099e0

1.0e-1 3.4e0 1.93147e0 1.93147e0
2.0e-1 3.4e0 1.9458e0 1.9458e0
3.0e-1 3.4e0 1.95998e0 1.95998e0
4.0e-1 3.4e0 1.97397e0 1.97397e0
5.0e-1 3.4e0 1.98772e0 1.98772e0
6.0e-1 3.4e0 2.00142e0 2.00142e0
7.0e-1 3.4e0 2.01472e0 2.01472e0
8.0e-1 3.4e0 2.02806e0 2.02806e0
9.0e-1 3.4e0 2.041e0 2.041e0
1.0e0 3.4e0 2.05406e0 2.05406e0
1.1e0 3.4e0 2.06668e0 2.06668e0
1.2e0 3.4e0 2.07944e0 2.07944e0
1.3e0 3.4e0 2.09184e0 2.09184e0
1.4e0 3.4e0 2.10411e0 2.10411e0
1.5e0 3.4e0 2.11623e0 2.11623e0
1.6e0 3.4e0 2.12817e0 2.12817e0
1.7e0 3.4e0 2.14003e0 2.14003e0
1.8e0 3.4e0 2.15172e0 2.15172e0
1.9e0 3.4e0 2.16328e0 2.16328e0
2.0e0 3.4e0 2.17471e0 2.17471e0
2.1e0 3.4e0 2.186e0 2.186e0
2.2e0 3.4e0 2.1972e0 2.1972e0
2.3e0 3.4e0 2.20824e0 2.20824e0
2.4e0 3.4e0 2.21918e0 2.21918e0
2.5e0 3.4e0 2.22998e0 2.22998e0
2.6e0 3.4e0 2.24069e0 2.24069e0
2.7e0 3.4e0 2.25128e0 2.25128e0
2.8e0 3.4e0 2.26173e0 2.26173e0
2.9e0 3.4e0 2.2721e0 2.2721e0
3.0e0 3.4e0 2.28235e0 2.28235e0
3.1e0 3.4e0 2.29251e0 2.29251e0
3.2e0 3.4e0 2.30258e0 2.30258e0
3.3e0 3.4e0 2.31252e0 2.31252e0
3.4e0 3.4e0 2.32239e0 2.32239e0
3.5e0 3.4e0 2.3321e0 2.3321e0
3.6e0 3.4e0 2.34177e0 2.34177e0
3.7e0 3.4e0 2.35135e0 2.35135e0
3.8e0 3.4e0 2.36082e0 2.36082e0
3.9e0 3.4e0 2.37022e0 2.37022e0
4.0e0 3.4e0 2.37953e0 2.37953e0
4.1e0 3.4e0 2.38873e0 2.38873e0
4.2e0 3.4e0 2.39787e0 2.39787e0
4.3e0 3.4e0 2.40692e0 2.40692e0
4.4e0 3.4e0 2.4159e0 2.4159e0
4.5e0 3.4e0 2.42477e0 2.42477e0
4.6e0 3.4e0 2.4336e0 2.4336e0
4.7e0 3.4e0 2.44232e0 2.44232e0
4.8e0 3.4e0 2.45099e0 2.45099e0
4.9e0 3.4e0 2.45958e0 2.45958e0
5.0e0 3.4e0 2.4681e0 2.4681e0

1.0e-1 3.5e0 1.95998e0 1.95998e0
2.0e-1 3.5e0 1.97397e0 1.97397e0
3.0e-1 3.5e0 1.98772e0 1.98772e0
4.0e-1 3.5e0 2.00142e0 2.00142e0
5.0e-1 3.5e0 2.01472e0 2.01472e0
6.0e-1 3.5e0 2.02806e0 2.02806e0
7.0e-1 3.5e0 2.041e0 2.041e0
8.0e-1 3.5e0 2.05406e0 2.05406e0
9.0e-1 3.5e0 2.06668e0 2.06668e0
1.0e0 3.5e0 2.07944e0 2.07944e0
1.1e0 3.5e0 2.09184e0 2.09184e0
1.2e0 3.5e0 2.10411e0 2.10411e0
1.3e0 3.5e0 2.11623e0 2.11623e0
1.4e0 3.5e0 2.12817e0 2.12817e0
1.5e0 3.5e0 2.14003e0 2.14003e0
1.6e0 3.5e0 2.15172e0 2.15172e0
1.7e0 3.5e0 2.16328e0 2.16328e0
1.8e0 3.5e0 2.17471e0 2.17471e0
1.9e0 3.5e0 2.186e0 2.186e0
2.0e0 3.5e0 2.1972e0 2.1972e0
2.1e0 3.5e0 2.20824e0 2.20824e0
2.2e0 3.5e0 2.21918e0 2.21918e0
2.3e0 3.5e0 2.22998e0 2.22998e0
2.4e0 3.5e0 2.24069e0 2.24069e0
2.5e0 3.5e0 2.25128e0 2.25128e0
2.6e0 3.5e0 2.26173e0 2.26173e0
2.7e0 3.5e0 2.2721e0 2.2721e0
2.8e0 3.5e0 2.28235e0 2.28235e0
2.9e0 3.5e0 2.29251e0 2.29251e0
3.0e0 3.5e0 2.30258e0 2.30258e0
3.1e0 3.5e0 2.31252e0 2.31252e0
3.2e0 3.5e0 2.32239e0 2.32239e0
3.3e0 3.5e0 2.3321e0 2.3321e0
3.4e0 3.5e0 2.34177e0 2.34177e0
3.5e0 3.5e0 2.35135e0 2.35135e0
3.6e0 3.5e0 2.36082e0 2.36082e0
3.7e0 3.5e0 2.37022e0 2.37022e0
3.8e0 3.5e0 2.37953e0 2.37953e0
3.9e0 3.5e0 2.38873e0 2.38873e0
4.0e0 3.5e0 2.39787e0 2.39787e0
4.1e0 3.5e0 2.40692e0 2.40692e0
4.2e0 3.5e0 2.4159e0 2.4159e0
4.3e0 3.5e0 2.42477e0 2.42477e0
4.4e0 3.5e0 2.4336e0 2.4336e0
4.5e0 3.5e0 2.44232e0 2.44232e0
4.6e0 3.5e0 2.45099e0 2.45099e0
4.7e0 3.5e0 2.45958e0 2.45958e0
4.8e0 3.5e0 2.4681e0 2.4681e0
4.9e0 3.5e0 2.47653e0 2.47653e0
5.0e0 3.5e0 2.48488e0 2.48488e0

1.0e-1 3.6e0 1.98772e0 1.98772e0
2.0e-1 3.6e0 2.00142e0 2.00142e0
3.0e-1 3.6e0 2.01472e0 2.01472e0
4.0e-1 3.6e0 2.02806e0 2.02806e0
5.0e-1 3.6e0 2.041e0 2.041e0
6.0e-1 3.6e0 2.05406e0 2.05406e0
7.0e-1 3.6e0 2.06668e0 2.06668e0
8.0e-1 3.6e0 2.07944e0 2.07944e0
9.0e-1 3.6e0 2.09184e0 2.09184e0
1.0e0 3.6e0 2.10411e0 2.10411e0
1.1e0 3.6e0 2.11623e0 2.11623e0
1.2e0 3.6e0 2.12817e0 2.12817e0
1.3e0 3.6e0 2.14003e0 2.14003e0
1.4e0 3.6e0 2.15172e0 2.15172e0
1.5e0 3.6e0 2.16328e0 2.16328e0
1.6e0 3.6e0 2.17471e0 2.17471e0
1.7e0 3.6e0 2.186e0 2.186e0
1.8e0 3.6e0 2.1972e0 2.1972e0
1.9e0 3.6e0 2.20824e0 2.20824e0
2.0e0 3.6e0 2.21918e0 2.21918e0
2.1e0 3.6e0 2.22998e0 2.22998e0
2.2e0 3.6e0 2.24069e0 2.24069e0
2.3e0 3.6e0 2.25128e0 2.25128e0
2.4e0 3.6e0 2.26173e0 2.26173e0
2.5e0 3.6e0 2.2721e0 2.2721e0
2.6e0 3.6e0 2.28235e0 2.28235e0
2.7e0 3.6e0 2.29251e0 2.29251e0
2.8e0 3.6e0 2.30258e0 2.30258e0
2.9e0 3.6e0 2.31252e0 2.31252e0
3.0e0 3.6e0 2.32239e0 2.32239e0
3.1e0 3.6e0 2.3321e0 2.3321e0
3.2e0 3.6e0 2.34177e0 2.34177e0
3.3e0 3.6e0 2.35135e0 2.35135e0
3.4e0 3.6e0 2.36082e0 2.36082e0
3.5e0 3.6e0 2.37022e0 2.37022e0
3.6e0 3.6e0 2.37953e0 2.37953e0
3.7e0 3.6e0 2.38873e0 2.38873e0
3.8e0 3.6e0 2.39787e0 2.39787e0
3.9e0 3.6e0 2.40692e0 2.40692e0
4.0e0 3.6e0 2.4159e0 2.4159e0
4.1e0 3.6e0 2.42477e0 2.42477e0
4.2e0 3.6e0 2.4336e0 2.4336e0
4.3e0 3.6e0 2.44232e0 2.44232e0
4.4e0 3.6e0 2.45099e0 2.45099e0
4.5e0 3.6e0 2.45958e0 2.45958e0
4.6e0 3.6e0 2.4681e0 2.4681e0
4.7e0 3.6e0 2.47653e0 2.47653e0
4.8e0 3.6e0 2.48488e0 2.48488e0
4.9e0 3.6e0 2.49321e0 2.49321e0
5.0e0 3.6e0 2.50142e0 2.50142e0

1.0e-1 3.7e0 2.01472e0 2.01472e0
2.0e-1 3.7e0 2.02806e0 2.02806e0
3.0e-1 3.7e0 2.041e0 2.041e0
4.0e-1 3.7e0 2.05406e0 2.05406e0
5.0e-1 3.7e0 2.06668e0 2.06668e0
6.0e-1 3.7e0 2.07944e0 2.07944e0
7.0e-1 3.7e0 2.09184e0 2.09184e0
8.0e-1 3.7e0 2.10411e0 2.10411e0
9.0e-1 3.7e0 2.11623e0 2.11623e0
1.0e0 3.7e0 2.12817e0 2.12817e0
1.1e0 3.7e0 2.14003e0 2.14003e0
1.2e0 3.7e0 2.15172e0 2.15172e0
1.3e0 3.7e0 2.16328e0 2.16328e0
1.4e0 3.7e0 2.17471e0 2.17471e0
1.5e0 3.7e0 2.186e0 2.186e0
1.6e0 3.7e0 2.1972e0 2.1972e0
1.7e0 3.7e0 2.20824e0 2.20824e0
1.8e0 3.7e0 2.21918e0 2.21918e0
1.9e0 3.7e0 2.22998e0 2.22998e0
2.0e0 3.7e0 2.24069e0 2.24069e0
2.1e0 3.7e0 2.25128e0 2.25128e0
2.2e0 3.7e0 2.26173e0 2.26173e0
2.3e0 3.7e0 2.2721e0 2.2721e0
2.4e0 3.7e0 2.28235e0 2.28235e0
2.5e0 3.7e0 2.29251e0 2.29251e0
2.6e0 3.7e0 2.30258e0 2.30258e0
2.7e0 3.7e0 2.31252e0 2.31252e0
2.8e0 3.7e0 2.32239e0 2.32239e0
2.9e0 3.7e0 2.3321e0 2.3321e0
3.0e0 3.7e0 2.34177e0 2.34177e0
3.1e0 3.7e0 2.35135e0 2.35135e0
3.2e0 3.7e0 2.36082e0 2.36082e0
3.3e0 3.7e0 2.37022e0 2.37022e0
3.4e0 3.7e0 2.37953e0 2.37953e0
3.5e0 3.7e0 2.38873e0 2.38873e0
3.6e0 3.7e0 2.39787e0 2.39787e0
3.7e0 3.7e0 2.40692e0 2.40692e0
3.8e0 3.7e0 2.4159e0 2.4159e0
3.9e0 3.7e0 2.42477e0 2.42477e0
4.0e0 3.7e0 2.4336e0 2.4336e0
4.1e0 3.7e0 2.44232e0 2.44232e0
4.2e0 3.7e0 2.45099e0 2.45099e0
4.3e0 3.7e0 2.45958e0 2.45958e0
4.4e0 3.7e0 2.4681e0 2.4681e0
4.5e0 3.7e0 2.47653e0 2.47653e0
4.6e0 3.7e0 2.48488e0 2.48488e0
4.7e0 3.7e0 2.49321e0 2.49321e0
4.8e0 3.7e0 2.50142e0 2.50142e0
4.9e0 3.7e0 2.50958e0 2.50958e0
5.0e0 3.7e0 2.51768e0 2.51768e0

1.0e-1 3.8e0 2.041e0 2.041e0
2.0e-1 3.8e0 2.05406e0 2.05406e0
3.0e-1 3.8e0 2.06668e0 2.06668e0
4.0e-1 3.8e0 2.07944e0 2.07944e0
5.0e-1 3.8e0 2.09184e0 2.09184e0
6.0e-1 3.8e0 2.10411e0 2.10411e0
7.0e-1 3.8e0 2.11623e0 2.11623e0
8.0e-1 3.8e0 2.12817e0 2.12817e0
9.0e-1 3.8e0 2.14003e0 2.14003e0
1.0e0 3.8e0 2.15172e0 2.15172e0
1.1e0 3.8e0 2.16328e0 2.16328e0
1.2e0 3.8e0 2.17471e0 2.17471e0
1.3e0 3.8e0 2.186e0 2.186e0
1.4e0 3.8e0 2.1972e0 2.1972e0
1.5e0 3.8e0 2.20824e0 2.20824e0
1.6e0 3.8e0 2.21918e0 2.21918e0
1.7e0 3.8e0 2.22998e0 2.22998e0
1.8e0 3.8e0 2.24069e0 2.24069e0
1.9e0 3.8e0 2.25128e0 2.25128e0
2.0e0 3.8e0 2.26173e0 2.26173e0
2.1e0 3.8e0 2.2721e0 2.2721e0
2.2e0 3.8e0 2.28235e0 2.28235e0
2.3e0 3.8e0 2.29251e0 2.29251e0
2.4e0 3.8e0 2.30258e0 2.30258e0
2.5e0 3.8e0 2.31252e0 2.31252e0
2.6e0 3.8e0 2.32239e0 2.32239e0
2.7e0 3.8e0 2.3321e0 2.3321e0
2.8e0 3.8e0 2.34177e0 2.34177e0
2.9e0 3.8e0 2.35135e0 2.35135e0
3.0e0 3.8e0 2.36082e0 2.36082e0
3.1e0 3.8e0 2.37022e0 2.37022e0
3.2e0 3.8e0 2.37953e0 2.37953e0
3.3e0 3.8e0 2.38873e0 2.38873e0
3.4e0 3.8e0 2.39787e0 2.39787e0
3.5e0 3.8e0 2.40692e0 2.40692e0
3.6e0 3.8e0 2.4159e0 2.4159e0
3.7e0 3.8e0 2.42477e0 2.42477e0
3.8e0 3.8e0 2.4336e0 2.4336e0
3.9e0 3.8e0 2.44232e0 2.44232e0
4.0e0 3.8e0 2.45099e0 2.45099e0
4.1e0 3.8e0 2.45958e0 2.45958e0
4.2e0 3.8e0 2.4681e0 2.4681e0
4.3e0 3.8e0 2.47653e0 2.47653e0
4.4e0 3.8e0 2.48488e0 2.48488e0
4.5e0 3.8e0 2.49321e0 2.49321e0
4.6e0 3.8e0 2.50142e0 2.50142e0
4.7e0 3.8e0 2.50958e0 2.50958e0
4.8e0 3.8e0 2.51768e0 2.51768e0
4.9e0 3.8e0 2.52571e0 2.52571e0
5.0e0 3.8e0 2.53368e0 2.53368e0

1.0e-1 3.9e0 2.06668e0 2.06668e0
2.0e-1 3.9e0 2.07944e0 2.07944e0
3.0e-1 3.9e0 2.09184e0 2.09184e0
4.0e-1 3.9e0 2.10411e0 2.10411e0
5.0e-1 3.9e0 2.11623e0 2.11623e0
6.0e-1 3.9e0 2.12817e0 2.12817e0
7.0e-1 3.9e0 2.14003e0 2.14003e0
8.0e-1 3.9e0 2.15172e0 2.15172e0
9.0e-1 3.9e0 2.16328e0 2.16328e0
1.0e0 3.9e0 2.17471e0 2.17471e0
1.1e0 3.9e0 2.186e0 2.186e0
1.2e0 3.9e0 2.1972e0 2.1972e0
1.3e0 3.9e0 2.20824e0 2.20824e0
1.4e0 3.9e0 2.21918e0 2.21918e0
1.5e0 3.9e0 2.22998e0 2.22998e0
1.6e0 3.9e0 2.24069e0 2.24069e0
1.7e0 3.9e0 2.25128e0 2.25128e0
1.8e0 3.9e0 2.26173e0 2.26173e0
1.9e0 3.9e0 2.2721e0 2.2721e0
2.0e0 3.9e0 2.28235e0 2.28235e0
2.1e0 3.9e0 2.29251e0 2.29251e0
2.2e0 3.9e0 2.30258e0 2.30258e0
2.3e0 3.9e0 2.31252e0 2.31252e0
2.4e0 3.9e0 2.32239e0 2.32239e0
2.5e0 3.9e0 2.3321e0 2.3321e0
2.6e0 3.9e0 2.34177e0 2.34177e0
2.7e0 3.9e0 2.35135e0 2.35135e0
2.8e0 3.9e0 2.36082e0 2.36082e0
2.9e0 3.9e0 2.37022e0 2.37022e0
3.0e0 3.9e0 2.37953e0 2.37953e0
3.1e0 3.9e0 2.38873e0 2.38873e0
3.2e0 3.9e0 2.39787e0 2.39787e0
3.3e0 3.9e0 2.40692e0 2.40692e0
3.4e0 3.9e0 2.4159e0 2.4159e0
3.5e0 3.9e0 2.42477e0 2.42477e0
3.6e0 3.9e0 2.4336e0 2.4336e0
3.7e0 3.9e0 2.44232e0 2.44232e0
3.8e0 3.9e0 2.45099e0 2.45099e0
3.9e0 3.9e0 2.45958e0 2.45958e0
4.0e0 3.9e0 2.4681e0 2.4681e0
4.1e0 3.9e0 2.47653e0 2.47653e0
4.2e0 3.9e0 2.48488e0 2.48488e0
4.3e0 3.9e0 2.49321e0 2.49321e0
4.4e0 3.9e0 2.50142e0 2.50142e0
4.5e0 3.9e0 2.50958e0 2.50958e0
4.6e0 3.9e0 2.51768e0 2.51768e0
4.7e0 3.9e0 2.52571e0 2.52571e0
4.8e0 3.9e0 2.53368e0 2.53368e0
4.9e0 3.9e0 2.54158e0 2.54158e0
5.0e0 3.9e0 2.54944e0 2.54944e0

1.0e-1 4.0e0 2.09184e0 2.09184e0
2.0e-1 4.0e0 2.10411e0 2.10411e0
3.0e-1 4.0e0 2.11623e0 2.11623e0
4.0e-1 4.0e0 2.12817e0 2.12817e0
5.0e-1 4.0e0 2.14003e0 2.14003e0
6.0e-1 4.0e0 2.15172e0 2.15172e0
7.0e-1 4.0e0 2.16328e0 2.16328e0
8.0e-1 4.0e0 2.17471e0 2.17471e0
9.0e-1 4.0e0 2.186e0 2.186e0
1.0e0 4.0e0 2.1972e0 2.1972e0
1.1e0 4.0e0 2.20824e0 2.20824e0
1.2e0 4.0e0 2.21918e0 2.21918e0
1.3e0 4.0e0 2.22998e0 2.22998e0
1.4e0 4.0e0 2.24069e0 2.24069e0
1.5e0 4.0e0 2.25128e0 2.25128e0
1.6e0 4.0e0 2.26173e0 2.26173e0
1.7e0 4.0e0 2.2721e0 2.2721e0
1.8e0 4.0e0 2.28235e0 2.28235e0
1.9e0 4.0e0 2.29251e0 2.29251e0
2.0e0 4.0e0 2.30258e0 2.30258e0
2.1e0 4.0e0 2.31252e0 2.31252e0
2.2e0 4.0e0 2.32239e0 2.32239e0
2.3e0 4.0e0 2.3321e0 2.3321e0
2.4e0 4.0e0 2.34177e0 2.34177e0
2.5e0 4.0e0 2.35135e0 2.35135e0
2.6e0 4.0e0 2.36082e0 2.36082e0
2.7e0 4.0e0 2.37022e0 2.37022e0
2.8e0 4.0e0 2.37953e0 2.37953e0
2.9e0 4.0e0 2.38873e0 2.38873e0
3.0e0 4.0e0 2.39787e0 2.39787e0
3.1e0 4.0e0 2.40692e0 2.40692e0
3.2e0 4.0e0 2.4159e0 2.4159e0
3.3e0 4.0e0 2.42477e0 2.42477e0
3.4e0 4.0e0 2.4336e0 2.4336e0
3.5e0 4.0e0 2.44232e0 2.44232e0
3.6e0 4.0e0 2.45099e0 2.45099e0
3.7e0 4.0e0 2.45958e0 2.45958e0
3.8e0 4.0e0 2.4681e0 2.4681e0
3.9e0 4.0e0 2.47653e0 2.47653e0
4.0e0 4.0e0 2.48488e0 2.48488e0
4.1e0 4.0e0 2.49321e0 2.49321e0
4.2e0 4.0e0 2.50142e0 2.50142e0
4.3e0 4.0e0 2.50958e0 2.50958e0
4.4e0 4.0e0 2.51768e0 2.51768e0
4.5e0 4.0e0 2.52571e0 2.52571e0
4.6e0 4.0e0 2.53368e0 2.53368e0
4.7e0 4.0e0 2.54158e0 2.54158e0
4.8e0 4.0e0 2.54944e0 2.54944e0
4.9e0 4.0e0 2.5572e0 2.5572e0
5.0e0 4.0e0 2.56494e0 2.56494e0

1.0e-1 4.1e0 2.11623e0 2.11623e0
2.0e-1 4.1e0 2.12817e0 2.12817e0
3.0e-1 4.1e0 2.14003e0 2.14003e0
4.0e-1 4.1e0 2.15172e0 2.15172e0
5.0e-1 4.1e0 2.16328e0 2.16328e0
6.0e-1 4.1e0 2.17471e0 2.17471e0
7.0e-1 4.1e0 2.186e0 2.186e0
8.0e-1 4.1e0 2.1972e0 2.1972e0
9.0e-1 4.1e0 2.20824e0 2.20824e0
1.0e0 4.1e0 2.21918e0 2.21918e0
1.1e0 4.1e0 2.22998e0 2.22998e0
1.2e0 4.1e0 2.24069e0 2.24069e0
1.3e0 4.1e0 2.25128e0 2.25128e0
1.4e0 4.1e0 2.26173e0 2.26173e0
1.5e0 4.1e0 2.2721e0 2.2721e0
1.6e0 4.1e0 2.28235e0 2.28235e0
1.7e0 4.1e0 2.29251e0 2.29251e0
1.8e0 4.1e0 2.30258e0 2.30258e0
1.9e0 4.1e0 2.31252e0 2.31252e0
2.0e0 4.1e0 2.32239e0 2.32239e0
2.1e0 4.1e0 2.3321e0 2.3321e0
2.2e0 4.1e0 2.34177e0 2.34177e0
2.3e0 4.1e0 2.35135e0 2.35135e0
2.4e0 4.1e0 2.36082e0 2.36082e0
2.5e0 4.1e0 2.37022e0 2.37022e0
2.6e0 4.1e0 2.37953e0 2.37953e0
2.7e0 4.1e0 2.38873e0 2.38873e0
2.8e0 4.1e0 2.39787e0 2.39787e0
2.9e0 4.1e0 2.40692e0 2.40692e0
3.0e0 4.1e0 2.4159e0 2.4159e0
3.1e0 4.1e0 2.42477e0 2.42477e0
3.2e0 4.1e0 2.4336e0 2.4336e0
3.3e0 4.1e0 2.44232e0 2.44232e0
3.4e0 4.1e0 2.45099e0 2.45099e0
3.5e0 4.1e0 2.45958e0 2.45958e0
3.6e0 4.1e0 2.4681e0 2.4681e0
3.7e0 4.1e0 2.47653e0 2.47653e0
3.8e0 4.1e0 2.48488e0 2.48488e0
3.9e0 4.1e0 2.49321e0 2.49321e0
4.0e0 4.1e0 2.50142e0 2.50142e0
4.1e0 4.1e0 2.50958e0 2.50958e0
4.2e0 4.1e0 2.51768e0 2.51768e0
4.3e0 4.1e0 2.52571e0 2.52571e0
4.4e0 4.1e0 2.53368e0 2.53368e0
4.5e0 4.1e0 2.54158e0 2.54158e0
4.6e0 4.1e0 2.54944e0 2.54944e0
4.7e0 4.1e0 2.5572e0 2.5572e0
4.8e0 4.1e0 2.56494e0 2.56494e0
4.9e0 4.1e0 2.57259e0 2.57259e0
5.0e0 4.1e0 2.58017e0 2.58017e0

1.0e-1 4.2e0 2.14003e0 2.14003e0
2.0e-1 4.2e0 2.15172e0 2.15172e0
3.0e-1 4.2e0 2.16328e0 2.16328e0
4.0e-1 4.2e0 2.17471e0 2.17471e0
5.0e-1 4.2e0 2.186e0 2.186e0
6.0e-1 4.2e0 2.1972e0 2.1972e0
7.0e-1 4.2e0 2.20824e0 2.20824e0
8.0e-1 4.2e0 2.21918e0 2.21918e0
9.0e-1 4.2e0 2.22998e0 2.22998e0
1.0e0 4.2e0 2.24069e0 2.24069e0
1.1e0 4.2e0 2.25128e0 2.25128e0
1.2e0 4.2e0 2.26173e0 2.26173e0
1.3e0 4.2e0 2.2721e0 2.2721e0
1.4e0 4.2e0 2.28235e0 2.28235e0
1.5e0 4.2e0 2.29251e0 2.29251e0
1.6e0 4.2e0 2.30258e0 2.30258e0
1.7e0 4.2e0 2.31252e0 2.31252e0
1.8e0 4.2e0 2.32239e0 2.32239e0
1.9e0 4.2e0 2.3321e0 2.3321e0
2.0e0 4.2e0 2.34177e0 2.34177e0
2.1e0 4.2e0 2.35135e0 2.35135e0
2.2e0 4.2e0 2.36082e0 2.36082e0
2.3e0 4.2e0 2.37022e0 2.37022e0
2.4e0 4.2e0 2.37953e0 2.37953e0
2.5e0 4.2e0 2.38873e0 2.38873e0
2.6e0 4.2e0 2.39787e0 2.39787e0
2.7e0 4.2e0 2.40692e0 2.40692e0
2.8e0 4.2e0 2.4159e0 2.4159e0
2.9e0 4.2e0 2.42477e0 2.42477e0
3.0e0 4.2e0 2.4336e0 2.4336e0
3.1e0 4.2e0 2.44232e0 2.44232e0
3.2e0 4.2e0 2.45099e0 2.45099e0
3.3e0 4.2e0 2.45958e0 2.45958e0
3.4e0 4.2e0 2.4681e0 2.4681e0
3.5e0 4.2e0 2.47653e0 2.47653e0
3.6e0 4.2e0 2.48488e0 2.48488e0
3.7e0 4.2e0 2.49321e0 2.49321e0
3.8e0 4.2e0 2.50142e0 2.50142e0
3.9e0 4.2e0 2.50958e0 2.50958e0
4.0e0 4.2e0 2.51768e0 2.51768e0
4.1e0 4.2e0 2.52571e0 2.52571e0
4.2e0 4.2e0 2.53368e0 2.53368e0
4.3e0 4.2e0 2.54158e0 2.54158e0
4.4e0 4.2e0 2.54944e0 2.54944e0
4.5e0 4.2e0 2.5572e0 2.5572e0
4.6e0 4.2e0 2.56494e0 2.56494e0
4.7e0 4.2e0 2.57259e0 2.57259e0
4.8e0 4.2e0 2.58017e0 2.58017e0
4.9e0 4.2e0 2.58772e0 2.58772e0
5.0e0 4.2e0 2.59526e0 2.59526e0

1.0e-1 4.3e0 2.16328e0 2.16328e0
2.0e-1 4.3e0 2.17471e0 2.17471e0
3.0e-1 4.3e0 2.186e0 2.186e0
4.0e-1 4.3e0 2.1972e0 2.1972e0
5.0e-1 4.3e0 2.20824e0 2.20824e0
6.0e-1 4.3e0 2.21918e0 2.21918e0
7.0e-1 4.3e0 2.22998e0 2.22998e0
8.0e-1 4.3e0 2.24069e0 2.24069e0
9.0e-1 4.3e0 2.25128e0 2.25128e0
1.0e0 4.3e0 2.26173e0 2.26173e0
1.1e0 4.3e0 2.2721e0 2.2721e0
1.2e0 4.3e0 2.28235e0 2.28235e0
1.3e0 4.3e0 2.29251e0 2.29251e0
1.4e0 4.3e0 2.30258e0 2.30258e0
1.5e0 4.3e0 2.31252e0 2.31252e0
1.6e0 4.3e0 2.32239e0 2.32239e0
1.7e0 4.3e0 2.3321e0 2.3321e0
1.8e0 4.3e0 2.34177e0 2.34177e0
1.9e0 4.3e0 2.35135e0 2.35135e0
2.0e0 4.3e0 2.36082e0 2.36082e0
2.1e0 4.3e0 2.37022e0 2.37022e0
2.2e0 4.3e0 2.37953e0 2.37953e0
2.3e0 4.3e0 2.38873e0 2.38873e0
2.4e0 4.3e0 2.39787e0 2.39787e0
2.5e0 4.3e0 2.40692e0 2.40692e0
2.6e0 4.3e0 2.4159e0 2.4159e0
2.7e0 4.3e0 2.42477e0 2.42477e0
2.8e0 4.3e0 2.4336e0 2.4336e0
2.9e0 4.3e0 2.44232e0 2.44232e0
3.0e0 4.3e0 2.45099e0 2.45099e0
3.1e0 4.3e0 2.45958e0 2.45958e0
3.2e0 4.3e0 2.4681e0 2.4681e0
3.3e0 4.3e0 2.47653e0 2.47653e0
3.4e0 4.3e0 2.48488e0 2.48488e0
3.5e0 4.3e0 2.49321e0 2.49321e0
3.6e0 4.3e0 2.50142e0 2.50142e0
3.7e0 4.3e0 2.50958e0 2.50958e0
3.8e0 4.3e0 2.51768e0 2.51768e0
3.9e0 4.3e0 2.52571e0 2.52571e0
4.0e0 4.3e0 2.53368e0 2.53368e0
4.1e0 4.3e0 2.54158e0 2.54158e0
4.2e0 4.3e0 2.54944e0 2.54944e0
4.3e0 4.3e0 2.5572e0 2.5572e0
4.4e0 4.3e0 2.56494e0 2.56494e0
4.5e0 4.3e0 2.57259e0 2.57259e0
4.6e0 4.3e0 2.58017e0 2.58017e0
4.7e0 4.3e0 2.58772e0 2.58772e0
4.8e0 4.3e0 2.59526e0 2.59526e0
4.9e0 4.3e0 2.60268e0 2.60268e0
5.0e0 4.3e0 2.61006e0 2.61006e0

1.0e-1 4.4e0 2.186e0 2.186e0
2.0e-1 4.4e0 2.1972e0 2.1972e0
3.0e-1 4.4e0 2.20824e0 2.20824e0
4.0e-1 4.4e0 2.21918e0 2.21918e0
5.0e-1 4.4e0 2.22998e0 2.22998e0
6.0e-1 4.4e0 2.24069e0 2.24069e0
7.0e-1 4.4e0 2.25128e0 2.25128e0
8.0e-1 4.4e0 2.26173e0 2.26173e0
9.0e-1 4.4e0 2.2721e0 2.2721e0
1.0e0 4.4e0 2.28235e0 2.28235e0
1.1e0 4.4e0 2.29251e0 2.29251e0
1.2e0 4.4e0 2.30258e0 2.30258e0
1.3e0 4.4e0 2.31252e0 2.31252e0
1.4e0 4.4e0 2.32239e0 2.32239e0
1.5e0 4.4e0 2.3321e0 2.3321e0
1.6e0 4.4e0 2.34177e0 2.34177e0
1.7e0 4.4e0 2.35135e0 2.35135e0
1.8e0 4.4e0 2.36082e0 2.36082e0
1.9e0 4.4e0 2.37022e0 2.37022e0
2.0e0 4.4e0 2.37953e0 2.37953e0
2.1e0 4.4e0 2.38873e0 2.38873e0
2.2e0 4.4e0 2.39787e0 2.39787e0
2.3e0 4.4e0 2.40692e0 2.40692e0
2.4e0 4.4e0 2.4159e0 2.4159e0
2.5e0 4.4e0 2.42477e0 2.42477e0
2.6e0 4.4e0 2.4336e0 2.4336e0
2.7e0 4.4e0 2.44232e0 2.44232e0
2.8e0 4.4e0 2.45099e0 2.45099e0
2.9e0 4.4e0 2.45958e0 2.45958e0
3.0e0 4.4e0 2.4681e0 2.4681e0
3.1e0 4.4e0 2.47653e0 2.47653e0
3.2e0 4.4e0 2.48488e0 2.48488e0
3.3e0 4.4e0 2.49321e0 2.49321e0
3.4e0 4.4e0 2.50142e0 2.50142e0
3.5e0 4.4e0 2.50958e0 2.50958e0
3.6e0 4.4e0 2.51768e0 2.51768e0
3.7e0 4.4e0 2.52571e0 2.52571e0
3.8e0 4.4e0 2.53368e0 2.53368e0
3.9e0 4.4e0 2.54158e0 2.54158e0
4.0e0 4.4e0 2.54944e0 2.54944e0
4.1e0 4.4e0 2.5572e0 2.5572e0
4.2e0 4.4e0 2.56494e0 2.56494e0
4.3e0 4.4e0 2.57259e0 2.57259e0
4.4e0 4.4e0 2.58017e0 2.58017e0
4.5e0 4.4e0 2.58772e0 2.58772e0
4.6e0 4.4e0 2.59526e0 2.59526e0
4.7e0 4.4e0 2.60268e0 2.60268e0
4.8e0 4.4e0 2.61006e0 2.61006e0
4.9e0 4.4e0 2.61737e0 2.61737e0
5.0e0 4.4e0 2.62463e0 2.62463e0

1.0e-1 4.5e0 2.20824e0 2.20824e0
2.0e-1 4.5e0 2.21918e0 2.21918e0
3.0e-1 4.5e0 2.22998e0 2.22998e0
4.0e-1 4.5e0 2.24069e0 2.24069e0
5.0e-1 4.5e0 2.25128e0 2.25128e0
6.0e-1 4.5e0 2.26173e0 2.26173e0
7.0e-1 4.5e0 2.2721e0 2.2721e0
8.0e-1 4.5e0 2.28235e0 2.28235e0
9.0e-1 4.5e0 2.29251e0 2.29251e0
1.0e0 4.5e0 2.30258e0 2.30258e0
1.1e0 4.5e0 2.31252e0 2.31252e0
1.2e0 4.5e0 2.32239e0 2.32239e0
1.3e0 4.5e0 2.3321e0 2.3321e0
1.4e0 4.5e0 2.34177e0 2.34177e0
1.5e0 4.5e0 2.35135e0 2.35135e0
1.6e0 4.5e0 2.36082e0 2.36082e0
1.7e0 4.5e0 2.37022e0 2.37022e0
1.8e0 4.5e0 2.37953e0 2.37953e0
1.9e0 4.5e0 2.38873e0 2.38873e0
2.0e0 4.5e0 2.39787e0 2.39787e0
2.1e0 4.5e0 2.40692e0 2.40692e0
2.2e0 4.5e0 2.4159e0 2.4159e0
2.3e0 4.5e0 2.42477e0 2.42477e0
2.4e0 4.5e0 2.4336e0 2.4336e0
2.5e0 4.5e0 2.44232e0 2.44232e0
2.6e0 4.5e0 2.45099e0 2.45099e0
2.7e0 4.5e0 2.45958e0 2.45958e0
2.8e0 4.5e0 2.4681e0 2.4681e0
2.9e0 4.5e0 2.47653e0 2.47653e0
3.0e0 4.5e0 2.48488e0 2.48488e0
3.1e0 4.5e0 2.49321e0 2.49321e0
3.2e0 4.5e0 2.50142e0 2.50142e0
3.3e0 4.5e0 2.50958e0 2.50958e0
3.4e0 4.5e0 2.51768e0 2.51768e0
3.5e0 4.5e0 2.52571e0 2.52571e0
3.6e0 4.5e0 2.53368e0 2.53368e0
3.7e0 4.5e0 2.54158e0 2.54158e0
3.8e0 4.5e0 2.54944e0 2.54944e0
3.9e0 4.5e0 2.5572e0 2.5572e0
4.0e0 4.5e0 2.56494e0 2.56494e0
4.1e0 4.5e0 2.57259e0 2.57259e0
4.2e0 4.5e0 2.58017e0 2.58017e0
4.3e0 4.5e0 2.58772e0 2.58772e0
4.4e0 4.5e0 2.59526e0 2.59526e0
4.5e0 4.5e0 2.60268e0 2.60268e0
4.6e0 4.5e0 2.61006e0 2.61006e0
4.7e0 4.5e0 2.61737e0 2.61737e0
4.8e0 4.5e0 2.62463e0 2.62463e0
4.9e0 4.5e0 2.63185e0 2.63185e0
5.0e0 4.5e0 2.63902e0 2.63902e0

1.0e-1 4.6e0 2.22998e0 2.22998e0
2.0e-1 4.6e0 2.24069e0 2.24069e0
3.0e-1 4.6e0 2.25128e0 2.25128e0
4.0e-1 4.6e0 2.26173e0 2.26173e0
5.0e-1 4.6e0 2.2721e0 2.2721e0
6.0e-1 4.6e0 2.28235e0 2.28235e0
7.0e-1 4.6e0 2.29251e0 2.29251e0
8.0e-1 4.6e0 2.30258e0 2.30258e0
9.0e-1 4.6e0 2.31252e0 2.31252e0
1.0e0 4.6e0 2.32239e0 2.32239e0
1.1e0 4.6e0 2.3321e0 2.3321e0
1.2e0 4.6e0 2.34177e0 2.34177e0
1.3e0 4.6e0 2.35135e0 2.35135e0
1.4e0 4.6e0 2.36082e0 2.36082e0
1.5e0 4.6e0 2.37022e0 2.37022e0
1.6e0 4.6e0 2.37953e0 2.37953e0
1.7e0 4.6e0 2.38873e0 2.38873e0
1.8e0 4.6e0 2.39787e0 2.39787e0
1.9e0 4.6e0 2.40692e0 2.40692e0
2.0e0 4.6e0 2.4159e0 2.4159e0
2.1e0 4.6e0 2.42477e0 2.42477e0
2.2e0 4.6e0 2.4336e0 2.4336e0
2.3e0 4.6e0 2.44232e0 2.44232e0
2.4e0 4.6e0 2.45099e0 2.45099e0
2.5e0 4.6e0 2.45958e0 2.45958e0
2.6e0 4.6e0 2.4681e0 2.4681e0
2.7e0 4.6e0 2.47653e0 2.47653e0
2.8e0 4.6e0 2.48488e0 2.48488e0
2.9e0 4.6e0 2.49321e0 2.49321e0
3.0e0 4.6e0 2.50142e0 2.50142e0
3.1e0 4.6e0 2.50958e0 2.50958e0
3.2e0 4.6e0 2.51768e0 2.51768e0
3.3e0 4.6e0 2.52571e0 2.52571e0
3.4e0 4.6e0 2.53368e0 2.53368e0
3.5e0 4.6e0 2.54158e0 2.54158e0
3.6e0 4.6e0 2.54944e0 2.54944e0
3.7e0 4.6e0 2.5572e0 2.5572e0
3.8e0 4.6e0 2.56494e0 2.56494e0
3.9e0 4.6e0 2.57259e0 2.57259e0
4.0e0 4.6e0 2.58017e0 2.58017e0
4.1e0 4.6e0 2.58772e0 2.58772e0
4.2e0 4.6e0 2.59526e0 2.59526e0
4.3e0 4.6e0 2.60268e0 2.60268e0
4.4e0 4.6e0 2.61006e0 2.61006e0
4.5e0 4.6e0 2.61737e0 2.61737e0
4.6e0 4.6e0 2.62463e0 2.62463e0
4.7e0 4.6e0 2.63185e0 2.63185e0
4.8e0 4.6e0 2.63902e0 2.63902e0
4.9e0 4.6e0 2.64615e0 2.64615e0
5.0e0 4.6e0 2.65321e0 2.65321e0

1.0e-1 4.7e0 2.25128e0 2.25128e0
2.0e-1 4.7e0 2.26173e0 2.26173e0
3.0e-1 4.7e0 2.2721e0 2.2721e0
4.0e-1 4.7e0 2.28235e0 2.28235e0
5.0e-1 4.7e0 2.29251e0 2.29251e0
6.0e-1 4.7e0 2.30258e0 2.30258e0
7.0e-1 4.7e0 2.31252e0 2.31252e0
8.0e-1 4.7e0 2.32239e0 2.32239e0
9.0e-1 4.7e0 2.3321e0 2.3321e0
1.0e0 4.7e0 2.34177e0 2.34177e0
1.1e0 4.7e0 2.35135e0 2.35135e0
1.2e0 4.7e0 2.36082e0 2.36082e0
1.3e0 4.7e0 2.37022e0 2.37022e0
1.4e0 4.7e0 2.37953e0 2.37953e0
1.5e0 4.7e0 2.38873e0 2.38873e0
1.6e0 4.7e0 2.39787e0 2.39787e0
1.7e0 4.7e0 2.40692e0 2.40692e0
1.8e0 4.7e0 2.4159e0 2.4159e0
1.9e0 4.7e0 2.42477e0 2.42477e0
2.0e0 4.7e0 2.4336e0 2.4336e0
2.1e0 4.7e0 2.44232e0 2.44232e0
2.2e0 4.7e0 2.45099e0 2.45099e0
2.3e0 4.7e0 2.45958e0 2.45958e0
2.4e0 4.7e0 2.4681e0 2.4681e0
2.5e0 4.7e0 2.47653e0 2.47653e0
2.6e0 4.7e0 2.48488e0 2.48488e0
2.7e0 4.7e0 2.49321e0 2.49321e0
2.8e0 4.7e0 2.50142e0 2.50142e0
2.9e0 4.7e0 2.50958e0 2.50958e0
3.0e0 4.7e0 2.51768e0 2.51768e0
3.1e0 4.7e0 2.52571e0 2.52571e0
3.2e0 4.7e0 2.53368e0 2.53368e0
3.3e0 4.7e0 2.54158e0 2.54158e0
3.4e0 4.7e0 2.54944e0 2.54944e0
3.5e0 4.7e0 2.5572e0 2.5572e0
3.6e0 4.7e0 2.56494e0 2.56494e0
3.7e0 4.7e0 2.57259e0 2.57259e0
3.8e0 4.7e0 2.58017e0 2.58017e0
3.9e0 4.7e0 2.58772e0 2.58772e0
4.0e0 4.7e0 2.59526e0 2.59526e0
4.1e0 4.7e0 2.60268e0 2.60268e0
4.2e0 4.7e0 2.61006e0 2.61006e0
4.3e0 4.7e0 2.61737e0 2.61737e0
4.4e0 4.7e0 2.62463e0 2.62463e0
4.5e0 4.7e0 2.63185e0 2.63185e0
4.6e0 4.7e0 2.63902e0 2.63902e0
4.7e0 4.7e0 2.64615e0 2.64615e0
4.8e0 4.7e0 2.65321e0 2.65321e0
4.9e0 4.7e0 2.66019e0 2.66019e0
5.0e0 4.7e0 2.66719e0 2.66719e0

1.0e-1 4.8e0 2.2721e0 2.2721e0
2.0e-1 4.8e0 2.28235e0 2.28235e0
3.0e-1 4.8e0 2.29251e0 2.29251e0
4.0e-1 4.8e0 2.30258e0 2.30258e0
5.0e-1 4.8e0 2.31252e0 2.31252e0
6.0e-1 4.8e0 2.32239e0 2.32239e0
7.0e-1 4.8e0 2.3321e0 2.3321e0
8.0e-1 4.8e0 2.34177e0 2.34177e0
9.0e-1 4.8e0 2.35135e0 2.35135e0
1.0e0 4.8e0 2.36082e0 2.36082e0
1.1e0 4.8e0 2.37022e0 2.37022e0
1.2e0 4.8e0 2.37953e0 2.37953e0
1.3e0 4.8e0 2.38873e0 2.38873e0
1.4e0 4.8e0 2.39787e0 2.39787e0
1.5e0 4.8e0 2.40692e0 2.40692e0
1.6e0 4.8e0 2.4159e0 2.4159e0
1.7e0 4.8e0 2.42477e0 2.42477e0
1.8e0 4.8e0 2.4336e0 2.4336e0
1.9e0 4.8e0 2.44232e0 2.44232e0
2.0e0 4.8e0 2.45099e0 2.45099e0
2.1e0 4.8e0 2.45958e0 2.45958e0
2.2e0 4.8e0 2.4681e0 2.4681e0
2.3e0 4.8e0 2.47653e0 2.47653e0
2.4e0 4.8e0 2.48488e0 2.48488e0
2.5e0 4.8e0 2.49321e0 2.49321e0
2.6e0 4.8e0 2.50142e0 2.50142e0
2.7e0 4.8e0 2.50958e0 2.50958e0
2.8e0 4.8e0 2.51768e0 2.51768e0
2.9e0 4.8e0 2.52571e0 2.52571e0
3.0e0 4.8e0 2.53368e0 2.53368e0
3.1e0 4.8e0 2.54158e0 2.54158e0
3.2e0 4.8e0 2.54944e0 2.54944e0
3.3e0 4.8e0 2.5572e0 2.5572e0
3.4e0 4.8e0 2.56494e0 2.56494e0
3.5e0 4.8e0 2.57259e0 2.57259e0
3.6e0 4.8e0 2.58017e0 2.58017e0
3.7e0 4.8e0 2.58772e0 2.58772e0
3.8e0 4.8e0 2.59526e0 2.59526e0
3.9e0 4.8e0 2.60268e0 2.60268e0
4.0e0 4.8e0 2.61006e0 2.61006e0
4.1e0 4.8e0 2.61737e0 2.61737e0
4.2e0 4.8e0 2.62463e0 2.62463e0
4.3e0 4.8e0 2.63185e0 2.63185e0
4.4e0 4.8e0 2.63902e0 2.63902e0
4.5e0 4.8e0 2.64615e0 2.64615e0
4.6e0 4.8e0 2.65321e0 2.65321e0
4.7e0 4.8e0 2.66019e0 2.66019e0
4.8e0 4.8e0 2.66719e0 2.66719e0
4.9e0 4.8e0 2.67413e0 2.67413e0
5.0e0 4.8e0 2.68097e0 2.68097e0

1.0e-1 4.9e0 2.29251e0 2.29251e0
2.0e-1 4.9e0 2.30258e0 2.30258e0
3.0e-1 4.9e0 2.31252e0 2.31252e0
4.0e-1 4.9e0 2.32239e0 2.32239e0
5.0e-1 4.9e0 2.3321e0 2.3321e0
6.0e-1 4.9e0 2.34177e0 2.34177e0
7.0e-1 4.9e0 2.35135e0 2.35135e0
8.0e-1 4.9e0 2.36082e0 2.36082e0
9.0e-1 4.9e0 2.37022e0 2.37022e0
1.0e0 4.9e0 2.37953e0 2.37953e0
1.1e0 4.9e0 2.38873e0 2.38873e0
1.2e0 4.9e0 2.39787e0 2.39787e0
1.3e0 4.9e0 2.40692e0 2.40692e0
1.4e0 4.9e0 2.4159e0 2.4159e0
1.5e0 4.9e0 2.42477e0 2.42477e0
1.6e0 4.9e0 2.4336e0 2.4336e0
1.7e0 4.9e0 2.44232e0 2.44232e0
1.8e0 4.9e0 2.45099e0 2.45099e0
1.9e0 4.9e0 2.45958e0 2.45958e0
2.0e0 4.9e0 2.4681e0 2.4681e0
2.1e0 4.9e0 2.47653e0 2.47653e0
2.2e0 4.9e0 2.48488e0 2.48488e0
2.3e0 4.9e0 2.49321e0 2.49321e0
2.4e0 4.9e0 2.50142e0 2.50142e0
2.5e0 4.9e0 2.50958e0 2.50958e0
2.6e0 4.9e0 2.51768e0 2.51768e0
2.7e0 4.9e0 2.52571e0 2.52571e0
2.8e0 4.9e0 2.53368e0 2.53368e0
2.9e0 4.9e0 2.54158e0 2.54158e0
3.0e0 4.9e0 2.54944e0 2.54944e0
3.1e0 4.9e0 2.5572e0 2.5572e0
3.2e0 4.9e0 2.56494e0 2.56494e0
3.3e0 4.9e0 2.57259e0 2.57259e0
3.4e0 4.9e0 2.58017e0 2.58017e0
3.5e0 4.9e0 2.58772e0 2.58772e0
3.6e0 4.9e0 2.59526e0 2.59526e0
3.7e0 4.9e0 2.60268e0 2.60268e0
3.8e0 4.9e0 2.61006e0 2.61006e0
3.9e0 4.9e0 2.61737e0 2.61737e0
4.0e0 4.9e0 2.62463e0 2.62463e0
4.1e0 4.9e0 2.63185e0 2.63185e0
4.2e0 4.9e0 2.63902e0 2.63902e0
4.3e0 4.9e0 2.64615e0 2.64615e0
4.4e0 4.9e0 2.65321e0 2.65321e0
4.5e0 4.9e0 2.66019e0 2.66019e0
4.6e0 4.9e0 2.66719e0 2.66719e0
4.7e0 4.9e0 2.67413e0 2.67413e0
4.8e0 4.9e0 2.68097e0 2.68097e0
4.9e0 4.9e0 2.68779e0 2.68779e0
5.0e0 4.9e0 2.69455e0 2.69455e0

1.0e-1 5.0e0 2.31252e0 2.31252e0
2.0e-1 5.0e0 2.32239e0 2.32239e0
3.0e-1 5.0e0 2.3321e0 2.3321e0
4.0e-1 5.0e0 2.34177e0 2.34177e0
5.0e-1 5.0e0 2.35135e0 2.35135e0
6.0e-1 5.0e0 2.36082e0 2.36082e0
7.0e-1 5.0e0 2.37022e0 2.37022e0
8.0e-1 5.0e0 2.37953e0 2.37953e0
9.0e-1 5.0e0 2.38873e0 2.38873e0
1.0e0 5.0e0 2.39787e0 2.39787e0
1.1e0 5.0e0 2.40692e0 2.40692e0
1.2e0 5.0e0 2.4159e0 2.4159e0
1.3e0 5.0e0 2.42477e0 2.42477e0
1.4e0 5.0e0 2.4336e0 2.4336e0
1.5e0 5.0e0 2.44232e0 2.44232e0
1.6e0 5.0e0 2.45099e0 2.45099e0
1.7e0 5.0e0 2.45958e0 2.45958e0
1.8e0 5.0e0 2.4681e0 2.4681e0
1.9e0 5.0e0 2.47653e0 2.47653e0
2.0e0 5.0e0 2.48488e0 2.48488e0
2.1e0 5.0e0 2.49321e0 2.49321e0
2.2e0 5.0e0 2.50142e0 2.50142e0
2.3e0 5.0e0 2.50958e0 2.50958e0
2.4e0 5.0e0 2.51768e0 2.51768e0
2.5e0 5.0e0 2.52571e0 2.52571e0
2.6e0 5.0e0 2.53368e0 2.53368e0
2.7e0 5.0e0 2.54158e0 2.54158e0
2.8e0 5.0e0 2.54944e0 2.54944e0
2.9e0 5.0e0 2.5572e0 2.5572e0
3.0e0 5.0e0 2.56494e0 2.56494e0
3.1e0 5.0e0 2.57259e0 2.57259e0
3.2e0 5.0e0 2.58017e0 2.58017e0
3.3e0 5.0e0 2.58772e0 2.58772e0
3.4e0 5.0e0 2.59526e0 2.59526e0
3.5e0 5.0e0 2.60268e0 2.60268e0
3.6e0 5.0e0 2.61006e0 2.61006e0
3.7e0 5.0e0 2.61737e0 2.61737e0
3.8e0 5.0e0 2.62463e0 2.62463e0
3.9e0 5.0e0 2.63185e0 2.63185e0
4.0e0 5.0e0 2.63902e0 2.63902e0
4.1e0 5.0e0 2.64615e0 2.64615e0
4.2e0 5.0e0 2.65321e0 2.65321e0
4.3e0 5.0e0 2.66019e0 2.66019e0
4.4e0 5.0e0 2.66719e0 2.66719e0
4.5e0 5.0e0 2.67413e0 2.67413e0
4.6e0 5.0e0 2.68097e0 2.68097e0
4.7e0 5.0e0 2.68779e0 2.68779e0
4.8e0 5.0e0 2.69455e0 2.69455e0
4.9e0 5.0e0 2.7013e0 2.7013e0
5.0e0 5.0e0 2.70802e0 2.70802e0
