-3.0e0 -3.0e0 -4.92861754e-2 -4.92861754e-2
-2.8461551e0 -3.0e0 -5.74822273e-2 -5.74822273e-2
-2.6923102e0 -3.0e0 -6.70426315e-2 -6.70426315e-2
-2.5384653e0 -3.0e0 -7.819231e-2 -7.819231e-2
-2.3846204e0 -3.0e0 -9.11976349e-2 -9.11976349e-2
-2.2307755e0 -3.0e0 -1.06341548e-1 -1.06341548e-1
-2.0769305e0 -3.0e0 -1.24061766e-1 -1.24061766e-1
-1.9230856e0 -3.0e0 -1.44662923e-1 -1.44662923e-1
-1.7692407e0 -3.0e0 -1.68718878e-1 -1.68718878e-1
-1.6153958e0 -3.0e0 -1.96843677e-1 -1.96843677e-1
-1.4615509e0 -3.0e0 -2.29512387e-1 -2.29512387e-1
-1.307706e0 -3.0e0 -2.67744638e-1 -2.67744638e-1
-1.1538611e0 -3.0e0 -3.12312628e-1 -3.12312628e-1
-1.0000162e0 -3.0e0 -3.64176617e-1 -3.64176617e-1
-8.461713e-1 -3.0e0 -4.24791881e-1 -4.24791881e-1
-6.923264e-1 -3.0e0 -4.95494809e-1 -4.95494809e-1
-5.384814e-1 -3.0e0 -5.77879193e-1 -5.77879193e-1
-3.846365e-1 -3.0e0 -6.74024165e-1 -6.74024165e-1
-2.307916e-1 -3.0e0 -7.86107501e-1 -7.86107501e-1
-7.69467e-2 -3.0e0 -9.1682177e-1 -9.1682177e-1
7.68982e-2 -3.0e0 -1.069068e0 -1.069068e0
2.307431e-1 -3.0e0 -1.24685477e0 -1.24685477e0
3.84588e-1 -3.0e0 -1.45421223e0 -1.45421223e0
5.384329e-1 -3.0e0 -1.69606937e0 -1.69606937e0
6.922778e-1 -3.0e0 -1.97810887e0 -1.97810887e0
8.461227e-1 -3.0e0 -2.30706183e0 -2.30706183e0
9.999677e-1 -3.0e0 -2.69076045e0 -2.69076045e0
1.1538126e0 -3.0e0 -3.1382923e0 -3.1382923e0
1.3076575e0 -3.0e0 -3.6602388e0 -3.6602388e0
1.4615024e0 -3.0e0 -4.26894579e0 -4.26894579e0
1.6153473e0 -3.0e0 -4.97887535e0 -4.97887535e0
1.7691922e0 -3.0e0 -5.80708621e0 -5.80708621e0
1.9230371e0 -3.0e0 -6.77273227e0 -6.77273227e0
2.076882e0 -3.0e0 -7.89913808e0 -7.89913808e0
2.230727e0 -3.0e0 -9.21282602e0 -9.21282602e0
2.3845718e0 -3.0e0 -1.07452263e1 -1.07452263e1
2.5384167e0 -3.0e0 -1.2532399e1 -1.2532399e1
2.6922617e0 -3.0e0 -1.46163663e1 -1.46163663e1
2.8461066e0 -3.0e0 -1.70473091e1 -1.70473091e1
2.9999515e0 -3.0e0 -1.9881964e1 -1.9881964e1

-3.0e0 -2.8461551e0 -4.76277983e-2 -4.76277983e-2
-2.8461551e0 -2.8461551e0 -5.55480704e-2 -5.55480704e-2
-2.6923102e0 -2.8461551e0 -6.4786787e-2 -6.4786787e-2
-2.5384653e0 -2.8461551e0 -7.5561302e-2 -7.5561302e-2
-2.3846204e0 -2.8461551e0 -8.81290248e-2 -8.81290248e-2
-2.2307755e0 -2.8461551e0 -1.02763377e-1 -1.02763377e-1
-2.0769305e0 -2.8461551e0 -1.19887346e-1 -1.19887346e-1
-1.9230856e0 -2.8461551e0 -1.39795317e-1 -1.39795317e-1
-1.7692407e0 -2.8461551e0 -1.6304184e-1 -1.6304184e-1
-1.6153958e0 -2.8461551e0 -1.90220297e-1 -1.90220297e-1
-1.4615509e0 -2.8461551e0 -2.21789775e-1 -2.21789775e-1
-1.307706e0 -2.8461551e0 -2.5873559e-1 -2.5873559e-1
-1.1538611e0 -2.8461551e0 -3.0180396e-1 -3.0180396e-1
-1.0000162e0 -2.8461551e0 -3.51922835e-1 -3.51922835e-1
-8.461713e-1 -2.8461551e0 -4.1049852e-1 -4.1049852e-1
-6.923264e-1 -2.8461551e0 -4.78822443e-1 -4.78822443e-1
-5.384814e-1 -2.8461551e0 -5.58434763e-1 -5.58434763e-1
-3.846365e-1 -2.8461551e0 -6.51344658e-1 -6.51344658e-1
-2.307916e-1 -2.8461551e0 -7.59656624e-1 -7.59656624e-1
-7.69467e-2 -2.8461551e0 -8.8597263e-1 -8.8597263e-1
7.68982e-2 -2.8461551e0 -1.03309608e0 -1.03309608e0
2.307431e-1 -2.8461551e0 -1.2049007e0 -1.2049007e0
3.84588e-1 -2.8461551e0 -1.40528102e0 -1.40528102e0
5.384329e-1 -2.8461551e0 -1.63900017e0 -1.63900017e0
6.922778e-1 -2.8461551e0 -1.91154964e0 -1.91154964e0
8.461227e-1 -2.8461551e0 -2.229434e0 -2.229434e0
9.999677e-1 -2.8461551e0 -2.60022198e0 -2.60022198e0
1.1538126e0 -2.8461551e0 -3.03269531e0 -3.03269531e0
1.3076575e0 -2.8461551e0 -3.5370794e0 -3.5370794e0
1.4615024e0 -2.8461551e0 -4.12530467e0 -4.12530467e0
1.6153473e0 -2.8461551e0 -4.81134657e0 -4.81134657e0
1.7691922e0 -2.8461551e0 -5.61168987e0 -5.61168987e0
1.9230371e0 -2.8461551e0 -6.54484396e0 -6.54484396e0
2.076882e0 -2.8461551e0 -7.63334856e0 -7.63334856e0
2.230727e0 -2.8461551e0 -8.90283365e0 -8.90283365e0
2.3845718e0 -2.8461551e0 -1.03836717e1 -1.03836717e1
2.5384167e0 -2.8461551e0 -1.21107098e1 -1.21107098e1
2.6922617e0 -2.8461551e0 -1.41245561e1 -1.41245561e1
2.8461066e0 -2.8461551e0 -1.64737027e1 -1.64737027e1
2.9999515e0 -2.8461551e0 -1.92129773e1 -1.92129773e1

-3.0e0 -2.6923102e0 -4.48437662e-2 -4.48437662e-2
-2.8461551e0 -2.6923102e0 -5.2301067e-2 -5.2301067e-2
-2.6923102e0 -2.6923102e0 -6.09997443e-2 -6.09997443e-2
-2.5384653e0 -2.6923102e0 -7.11444466e-2 -7.11444466e-2
-2.3846204e0 -2.6923102e0 -8.29775366e-2 -8.29775366e-2
-2.2307755e0 -2.6923102e0 -9.6756453e-2 -9.6756453e-2
-2.0769305e0 -2.6923102e0 -1.1287946e-1 -1.1287946e-1
-1.9230856e0 -2.6923102e0 -1.3162373e-1 -1.3162373e-1
-1.7692407e0 -2.6923102e0 -1.53511403e-1 -1.53511403e-1
-1.6153958e0 -2.6923102e0 -1.79101173e-1 -1.79101173e-1
-1.4615509e0 -2.6923102e0 -2.0882529e-1 -2.0882529e-1
-1.307706e0 -2.6923102e0 -2.43611478e-1 -2.43611478e-1
-1.1538611e0 -2.6923102e0 -2.8416233e-1 -2.8416233e-1
-1.0000162e0 -2.6923102e0 -3.31351561e-1 -3.31351561e-1
-8.461713e-1 -2.6923102e0 -3.86503267e-1 -3.86503267e-1
-6.923264e-1 -2.6923102e0 -4.50833386e-1 -4.50833386e-1
-5.384814e-1 -2.6923102e0 -5.25792055e-1 -5.25792055e-1
-3.846365e-1 -2.6923102e0 -6.13271e-1 -6.13271e-1
-2.307916e-1 -2.6923102e0 -7.15251704e-1 -7.15251704e-1
-7.69467e-2 -2.6923102e0 -8.34184044e-1 -8.34184044e-1
7.68982e-2 -2.6923102e0 -9.7270755e-1 -9.7270755e-1
2.307431e-1 -2.6923102e0 -1.13446951e0 -1.13446951e0
3.84588e-1 -2.6923102e0 -1.32313683e0 -1.32313683e0
5.384329e-1 -2.6923102e0 -1.54319415e0 -1.54319415e0
6.922778e-1 -2.6923102e0 -1.79981204e0 -1.79981204e0
8.461227e-1 -2.6923102e0 -2.09911482e0 -2.09911482e0
9.999677e-1 -2.6923102e0 -2.44822878e0 -2.44822878e0
1.1538126e0 -2.6923102e0 -2.85542233e0 -2.85542233e0
1.3076575e0 -2.6923102e0 -3.3303232e0 -3.3303232e0
1.4615024e0 -2.6923102e0 -3.88416438e0 -3.88416438e0
1.6153473e0 -2.6923102e0 -4.53010445e0 -4.53010445e0
1.7691922e0 -2.6923102e0 -5.28366452e0 -5.28366452e0
1.9230371e0 -2.6923102e0 -6.16227208e0 -6.16227208e0
2.076882e0 -2.6923102e0 -7.1871493e0 -7.1871493e0
2.230727e0 -2.6923102e0 -8.382428e0 -8.382428e0
2.3845718e0 -2.6923102e0 -9.7767053e0 -9.7767053e0
2.5384167e0 -2.6923102e0 -1.14027913e1 -1.14027913e1
2.6922617e0 -2.6923102e0 -1.32989201e1 -1.32989201e1
2.8461066e0 -2.6923102e0 -1.551075e1 -1.551075e1
2.9999515e0 -2.6923102e0 -1.80899031e1 -1.80899031e1

-3.0e0 -2.5384653e0 -4.09997905e-2 -4.09997905e-2
-2.8461551e0 -2.5384653e0 -4.7817857e-2 -4.7817857e-2
-2.6923102e0 -2.5384653e0 -5.57708897e-2 -5.57708897e-2
-2.5384653e0 -2.5384653e0 -6.50459955e-2 -6.50459955e-2
-2.3846204e0 -2.5384653e0 -7.58647614e-2 -7.58647614e-2
-2.2307755e0 -2.5384653e0 -8.846256e-2 -8.846256e-2
-2.0769305e0 -2.5384653e0 -1.03203513e-1 -1.03203513e-1
-1.9230856e0 -2.5384653e0 -1.20341039e-1 -1.20341039e-1
-1.7692407e0 -2.5384653e0 -1.40352515e-1 -1.40352515e-1
-1.6153958e0 -2.5384653e0 -1.63748749e-1 -1.63748749e-1
-1.4615509e0 -2.5384653e0 -1.90924934e-1 -1.90924934e-1
-1.307706e0 -2.5384653e0 -2.22729276e-1 -2.22729276e-1
-1.1538611e0 -2.5384653e0 -2.59804138e-1 -2.59804138e-1
-1.0000162e0 -2.5384653e0 -3.02948341e-1 -3.02948341e-1
-8.461713e-1 -2.5384653e0 -3.53372482e-1 -3.53372482e-1
-6.923264e-1 -2.5384653e0 -4.1218827e-1 -4.1218827e-1
-5.384814e-1 -2.5384653e0 -4.80721535e-1 -4.80721535e-1
-3.846365e-1 -2.5384653e0 -5.60701848e-1 -5.60701848e-1
-2.307916e-1 -2.5384653e0 -6.5394084e-1 -6.5394084e-1
-7.69467e-2 -2.5384653e0 -7.62678384e-1 -7.62678384e-1
7.68982e-2 -2.5384653e0 -8.8932776e-1 -8.8932776e-1
2.307431e-1 -2.5384653e0 -1.0372236e0 -1.0372236e0
3.84588e-1 -2.5384653e0 -1.20971848e0 -1.20971848e0
5.384329e-1 -2.5384653e0 -1.41091266e0 -1.41091266e0
6.922778e-1 -2.5384653e0 -1.64553343e0 -1.64553343e0
8.461227e-1 -2.5384653e0 -1.91918019e0 -1.91918019e0
9.999677e-1 -2.5384653e0 -2.23836835e0 -2.23836835e0
1.1538126e0 -2.5384653e0 -2.61065758e0 -2.61065758e0
1.3076575e0 -2.5384653e0 -3.04485028e0 -3.04485028e0
1.4615024e0 -2.5384653e0 -3.55121658e0 -3.55121658e0
1.6153473e0 -2.5384653e0 -4.14178712e0 -4.14178712e0
1.7691922e0 -2.5384653e0 -4.83075258e0 -4.83075258e0
1.9230371e0 -2.5384653e0 -5.63404652e0 -5.63404652e0
2.076882e0 -2.5384653e0 -6.571072e0 -6.571072e0
2.230727e0 -2.5384653e0 -7.66389226e0 -7.66389226e0
2.3845718e0 -2.5384653e0 -8.9386531e0 -8.9386531e0
2.5384167e0 -2.5384653e0 -1.04253522e1 -1.04253522e1
2.6922617e0 -2.5384653e0 -1.21589462e1 -1.21589462e1
2.8461066e0 -2.5384653e0 -1.41811795e1 -1.41811795e1
2.9999515e0 -2.5384653e0 -1.65392496e1 -1.65392496e1

-3.0e0 -2.3846204e0 -3.61884683e-2 -3.61884683e-2
-2.8461551e0 -2.3846204e0 -4.22064351e-2 -4.22064351e-2
-2.6923102e0 -2.3846204e0 -4.92261801e-2 -4.92261801e-2
-2.5384653e0 -2.3846204e0 -5.7412853e-2 -5.7412853e-2
-2.3846204e0 -2.3846204e0 -6.69620375e-2 -6.69620375e-2
-2.2307755e0 -2.3846204e0 -7.8081485e-2 -7.8081485e-2
-2.0769305e0 -2.3846204e0 -9.1092589e-2 -9.1092589e-2
-1.9230856e0 -2.3846204e0 -1.06219026e-1 -1.06219026e-1
-1.7692407e0 -2.3846204e0 -1.23882158e-1 -1.23882158e-1
-1.6153958e0 -2.3846204e0 -1.44532845e-1 -1.44532845e-1
-1.4615509e0 -2.3846204e0 -1.68519908e-1 -1.68519908e-1
-1.307706e0 -2.3846204e0 -1.96592012e-1 -1.96592012e-1
-1.1538611e0 -2.3846204e0 -2.29316142e-1 -2.29316142e-1
-1.0000162e0 -2.3846204e0 -2.67397377e-1 -2.67397377e-1
-8.461713e-1 -2.3846204e0 -3.1190425e-1 -3.1190425e-1
-6.923264e-1 -2.3846204e0 -3.63818008e-1 -3.63818008e-1
-5.384814e-1 -2.3846204e0 -4.24308899e-1 -4.24308899e-1
-3.846365e-1 -2.3846204e0 -4.9490353e-1 -4.9490353e-1
-2.307916e-1 -2.3846204e0 -5.77200932e-1 -5.77200932e-1
-7.69467e-2 -2.3846204e0 -6.73178134e-1 -6.73178134e-1
7.68982e-2 -2.3846204e0 -7.8496521e-1 -7.8496521e-1
2.307431e-1 -2.3846204e0 -9.155055e-1 -9.155055e-1
3.84588e-1 -2.3846204e0 -1.0677581e0 -1.0677581e0
5.384329e-1 -2.3846204e0 -1.24534216e0 -1.24534216e0
6.922778e-1 -2.3846204e0 -1.45243022e0 -1.45243022e0
8.461227e-1 -2.3846204e0 -1.69396454e0 -1.69396454e0
9.999677e-1 -2.3846204e0 -1.975696e0 -1.975696e0
1.1538126e0 -2.3846204e0 -2.3042971e0 -2.3042971e0
1.3076575e0 -2.3846204e0 -2.68753732e0 -2.68753732e0
1.4615024e0 -2.3846204e0 -3.1344816e0 -3.1344816e0
1.6153473e0 -2.3846204e0 -3.65574872e0 -3.65574872e0
1.7691922e0 -2.3846204e0 -4.26386412e0 -4.26386412e0
1.9230371e0 -2.3846204e0 -4.97289159e0 -4.97289159e0
2.076882e0 -2.3846204e0 -5.7999572e0 -5.7999572e0
2.230727e0 -2.3846204e0 -6.76453508e0 -6.76453508e0
2.3845718e0 -2.3846204e0 -7.8897029e0 -7.8897029e0
2.5384167e0 -2.3846204e0 -9.2019379e0 -9.2019379e0
2.6922617e0 -2.3846204e0 -1.07320949e1 -1.07320949e1
2.8461066e0 -2.3846204e0 -1.25170192e1 -1.25170192e1
2.9999515e0 -2.3846204e0 -1.45983699e1 -1.45983699e1

-3.0e0 -2.2307755e0 -3.05223222e-2 -3.05223222e-2
-2.8461551e0 -2.2307755e0 -3.55980365e-2 -3.55980365e-2
-2.6923102e0 -2.2307755e0 -4.15186774e-2 -4.15186774e-2
-2.5384653e0 -2.2307755e0 -4.8423536e-2 -4.8423536e-2
-2.3846204e0 -2.2307755e0 -5.64775739e-2 -5.64775739e-2
-2.2307755e0 -2.2307755e0 -6.5856013e-2 -6.5856013e-2
-2.0769305e0 -2.2307755e0 -7.6829926e-2 -7.6829926e-2
-1.9230856e0 -2.2307755e0 -8.9587968e-2 -8.9587968e-2
-1.7692407e0 -2.2307755e0 -1.04485527e-1 -1.04485527e-1
-1.6153958e0 -2.2307755e0 -1.21902869e-1 -1.21902869e-1
-1.4615509e0 -2.2307755e0 -1.421342e-1 -1.421342e-1
-1.307706e0 -2.2307755e0 -1.65810962e-1 -1.65810962e-1
-1.1538611e0 -2.2307755e0 -1.9341137e-1 -1.9341137e-1
-1.0000162e0 -2.2307755e0 -2.25530101e-1 -2.25530101e-1
-8.461713e-1 -2.2307755e0 -2.63068388e-1 -2.63068388e-1
-6.923264e-1 -2.2307755e0 -3.06853842e-1 -3.06853842e-1
-5.384814e-1 -2.2307755e0 -3.57873477e-1 -3.57873477e-1
-3.846365e-1 -2.2307755e0 -4.17414877e-1 -4.17414877e-1
-2.307916e-1 -2.2307755e0 -4.86826709e-1 -4.86826709e-1
-7.69467e-2 -2.2307755e0 -5.67776448e-1 -5.67776448e-1
7.68982e-2 -2.2307755e0 -6.6206065e-1 -6.6206065e-1
2.307431e-1 -2.2307755e0 -7.7216182e-1 -7.7216182e-1
3.84588e-1 -2.2307755e0 -9.0057574e-1 -9.0057574e-1
5.384329e-1 -2.2307755e0 -1.0503549e0 -1.0503549e0
6.922778e-1 -2.2307755e0 -1.2250185e0 -1.2250185e0
8.461227e-1 -2.2307755e0 -1.42873502e0 -1.42873502e0
9.999677e-1 -2.2307755e0 -1.66635486e0 -1.66635486e0
1.1538126e0 -2.2307755e0 -1.94350583e0 -1.94350583e0
1.3076575e0 -2.2307755e0 -2.26674088e0 -2.26674088e0
1.4615024e0 -2.2307755e0 -2.64370563e0 -2.64370563e0
1.6153473e0 -2.2307755e0 -3.08335628e0 -3.08335628e0
1.7691922e0 -2.2307755e0 -3.59625708e0 -3.59625708e0
1.9230371e0 -2.2307755e0 -4.1942698e0 -4.1942698e0
2.076882e0 -2.2307755e0 -4.89183908e0 -4.89183908e0
2.230727e0 -2.2307755e0 -5.70538986e0 -5.70538986e0
2.3845718e0 -2.2307755e0 -6.6543864e0 -6.6543864e0
2.5384167e0 -2.2307755e0 -7.7611606e0 -7.7611606e0
2.6922617e0 -2.2307755e0 -9.0517358e0 -9.0517358e0
2.8461066e0 -2.2307755e0 -1.05571889e1 -1.05571889e1
2.9999515e0 -2.2307755e0 -1.23126558e1 -1.23126558e1

-3.0e0 -2.0769305e0 -2.41357693e-2 -2.41357693e-2
-2.8461551e0 -2.0769305e0 -2.81494308e-2 -2.81494308e-2
-2.6923102e0 -2.0769305e0 -3.28312247e-2 -3.28312247e-2
-2.5384653e0 -2.0769305e0 -3.82912968e-2 -3.82912968e-2
-2.3846204e0 -2.0769305e0 -4.46600912e-2 -4.46600912e-2
-2.2307755e0 -2.0769305e0 -5.2076167e-2 -5.2076167e-2
-2.0769305e0 -2.0769305e0 -6.0753876e-2 -6.0753876e-2
-1.9230856e0 -2.0769305e0 -7.08424e-2 -7.08424e-2
-1.7692407e0 -2.0769305e0 -8.2622762e-2 -8.2622762e-2
-1.6153958e0 -2.0769305e0 -9.6395663e-2 -9.6395663e-2
-1.4615509e0 -2.0769305e0 -1.1239375e-1 -1.1239375e-1
-1.307706e0 -2.0769305e0 -1.31116339e-1 -1.31116339e-1
-1.1538611e0 -2.0769305e0 -1.5294158e-1 -1.5294158e-1
-1.0000162e0 -2.0769305e0 -1.78339723e-1 -1.78339723e-1
-8.461713e-1 -2.0769305e0 -2.08023422e-1 -2.08023422e-1
-6.923264e-1 -2.0769305e0 -2.42647119e-1 -2.42647119e-1
-5.384814e-1 -2.0769305e0 -2.82991302e-1 -2.82991302e-1
-3.846365e-1 -2.0769305e0 -3.30074138e-1 -3.30074138e-1
-2.307916e-1 -2.0769305e0 -3.84962097e-1 -3.84962097e-1
-7.69467e-2 -2.0769305e0 -4.48973747e-1 -4.48973747e-1
7.68982e-2 -2.0769305e0 -5.2352974e-1 -5.2352974e-1
2.307431e-1 -2.0769305e0 -6.1059311e-1 -6.1059311e-1
3.84588e-1 -2.0769305e0 -7.1213745e-1 -7.1213745e-1
5.384329e-1 -2.0769305e0 -8.3057649e-1 -8.3057649e-1
6.922778e-1 -2.0769305e0 -9.6869313e-1 -9.6869313e-1
8.461227e-1 -2.0769305e0 -1.12978358e0 -1.12978358e0
9.999677e-1 -2.0769305e0 -1.31768338e0 -1.31768338e0
1.1538126e0 -2.0769305e0 -1.53684271e0 -1.53684271e0
1.3076575e0 -2.0769305e0 -1.7924434e0 -1.7924434e0
1.4615024e0 -2.0769305e0 -2.09053128e0 -2.09053128e0
1.6153473e0 -2.0769305e0 -2.43818852e0 -2.43818852e0
1.7691922e0 -2.0769305e0 -2.84376892e0 -2.84376892e0
1.9230371e0 -2.0769305e0 -3.31665225e0 -3.31665225e0
2.076882e0 -2.0769305e0 -3.86826071e0 -3.86826071e0
2.230727e0 -2.0769305e0 -4.51158247e0 -4.51158247e0
2.3845718e0 -2.0769305e0 -5.2620091e0 -5.2620091e0
2.5384167e0 -2.0769305e0 -6.1371996e0 -6.1371996e0
2.6922617e0 -2.0769305e0 -7.1577322e0 -7.1577322e0
2.8461066e0 -2.0769305e0 -8.3481812e0 -8.3481812e0
2.9999515e0 -2.0769305e0 -9.7363306e0 -9.7363306e0

-3.0e0 -1.9230856e0 -1.71776755e-2 -1.71776755e-2
-2.8461551e0 -1.9230856e0 -2.00342397e-2 -2.00342397e-2
-2.6923102e0 -1.9230856e0 -2.33663205e-2 -2.33663205e-2
-2.5384653e0 -1.9230856e0 -2.725231e-2 -2.725231e-2
-2.3846204e0 -1.9230856e0 -3.17850465e-2 -3.17850465e-2
-2.2307755e0 -1.9230856e0 -3.7063144e-2 -3.7063144e-2
-2.0769305e0 -1.9230856e0 -4.3239159e-2 -4.3239159e-2
-1.9230856e0 -1.9230856e0 -5.0419264e-2 -5.0419264e-2
-1.7692407e0 -1.9230856e0 -5.880347e-2 -5.880347e-2
-1.6153958e0 -1.9230856e0 -6.8605786e-2 -6.8605786e-2
-1.4615509e0 -1.9230856e0 -7.9991788e-2 -7.9991788e-2
-1.307706e0 -1.9230856e0 -9.3316847e-2 -9.3316847e-2
-1.1538611e0 -1.9230856e0 -1.08850096e-1 -1.08850096e-1
-1.0000162e0 -1.9230856e0 -1.26926216e-1 -1.26926216e-1
-8.461713e-1 -1.9230856e0 -1.48052411e-1 -1.48052411e-1
-6.923264e-1 -1.9230856e0 -1.72694452e-1 -1.72694452e-1
-5.384814e-1 -1.9230856e0 -2.01407822e-1 -2.01407822e-1
-3.846365e-1 -1.9230856e0 -2.3491716e-1 -2.3491716e-1
-2.307916e-1 -1.9230856e0 -2.73981485e-1 -2.73981485e-1
-7.69467e-2 -1.9230856e0 -3.19539236e-1 -3.19539236e-1
7.68982e-2 -1.9230856e0 -3.726015e-1 -3.726015e-1
2.307431e-1 -1.9230856e0 -4.345654e-1 -4.345654e-1
3.84588e-1 -1.9230856e0 -5.0683554e-1 -5.0683554e-1
5.384329e-1 -1.9230856e0 -5.9112984e-1 -5.9112984e-1
6.922778e-1 -1.9230856e0 -6.8942886e-1 -6.8942886e-1
8.461227e-1 -1.9230856e0 -8.0407861e-1 -8.0407861e-1
9.999677e-1 -1.9230856e0 -9.3780882e-1 -9.3780882e-1
1.1538126e0 -1.9230856e0 -1.09378677e0 -1.09378677e0
1.3076575e0 -1.9230856e0 -1.27570041e0 -1.27570041e0
1.4615024e0 -1.9230856e0 -1.48785263e0 -1.48785263e0
1.6153473e0 -1.9230856e0 -1.73528386e0 -1.73528386e0
1.7691922e0 -1.9230856e0 -2.0239396e0 -2.0239396e0
1.9230371e0 -1.9230856e0 -2.36049554e0 -2.36049554e0
2.076882e0 -1.9230856e0 -2.75308095e0 -2.75308095e0
2.230727e0 -1.9230856e0 -3.21093967e0 -3.21093967e0
2.3845718e0 -1.9230856e0 -3.745026e0 -3.745026e0
2.5384167e0 -1.9230856e0 -4.367908e0 -4.367908e0
2.6922617e0 -1.9230856e0 -5.0942317e0 -5.0942317e0
2.8461066e0 -1.9230856e0 -5.9414864e0 -5.9414864e0
2.9999515e0 -1.9230856e0 -6.9294466e0 -6.9294466e0

-3.0e0 -1.7692407e0 -9.814318e-3 -9.814318e-3
-2.8461551e0 -1.7692407e0 -1.14463914e-2 -1.14463914e-2
-2.6923102e0 -1.7692407e0 -1.33501474e-2 -1.33501474e-2
-2.5384653e0 -1.7692407e0 -1.55703743e-2 -1.55703743e-2
-2.3846204e0 -1.7692407e0 -1.81601146e-2 -1.81601146e-2
-2.2307755e0 -1.7692407e0 -2.117571e-2 -2.117571e-2
-2.0769305e0 -1.7692407e0 -2.4704323e-2 -2.4704323e-2
-1.9230856e0 -1.7692407e0 -2.8806615e-2 -2.8806615e-2
-1.7692407e0 -1.7692407e0 -3.359686e-2 -3.359686e-2
-1.6153958e0 -1.7692407e0 -3.9197328e-2 -3.9197328e-2
-1.4615509e0 -1.7692407e0 -4.5702625e-2 -4.5702625e-2
-1.307706e0 -1.7692407e0 -5.3315782e-2 -5.3315782e-2
-1.1538611e0 -1.7692407e0 -6.2190572e-2 -6.2190572e-2
-1.0000162e0 -1.7692407e0 -7.2518208e-2 -7.2518208e-2
-8.461713e-1 -1.7692407e0 -8.4588478e-2 -8.4588478e-2
-6.923264e-1 -1.7692407e0 -9.8667497e-2 -9.8667497e-2
-5.384814e-1 -1.7692407e0 -1.15072636e-1 -1.15072636e-1
-3.846365e-1 -1.7692407e0 -1.34217911e-1 -1.34217911e-1
-2.307916e-1 -1.7692407e0 -1.56536978e-1 -1.56536978e-1
-7.69467e-2 -1.7692407e0 -1.8256601e-1 -1.8256601e-1
7.68982e-2 -1.7692407e0 -2.1288268e-1 -2.1288268e-1
2.307431e-1 -1.7692407e0 -2.4828522e-1 -2.4828522e-1
3.84588e-1 -1.7692407e0 -2.8957616e-1 -2.8957616e-1
5.384329e-1 -1.7692407e0 -3.3773697e-1 -3.3773697e-1
6.922778e-1 -1.7692407e0 -3.9389929e-1 -3.9389929e-1
8.461227e-1 -1.7692407e0 -4.5940343e-1 -4.5940343e-1
9.999677e-1 -1.7692407e0 -5.3580905e-1 -5.3580905e-1
1.1538126e0 -1.7692407e0 -6.2492572e-1 -6.2492572e-1
1.3076575e0 -1.7692407e0 -7.2886052e-1 -7.2886052e-1
1.4615024e0 -1.7692407e0 -8.5007187e-1 -8.5007187e-1
1.6153473e0 -1.7692407e0 -9.9143959e-1 -9.9143959e-1
1.7691922e0 -1.7692407e0 -1.15636058e0 -1.15636058e0
1.9230371e0 -1.7692407e0 -1.34864894e0 -1.34864894e0
2.076882e0 -1.7692407e0 -1.57294925e0 -1.57294925e0
2.230727e0 -1.7692407e0 -1.83454292e0 -1.83454292e0
2.3845718e0 -1.7692407e0 -2.1396886e0 -2.1396886e0
2.5384167e0 -1.7692407e0 -2.4955669e0 -2.4955669e0
2.6922617e0 -1.7692407e0 -2.9105457e0 -2.9105457e0
2.8461066e0 -1.7692407e0 -3.3946175e0 -3.3946175e0
2.9999515e0 -1.7692407e0 -3.95908e0 -3.95908e0

-3.0e0 -1.6153958e0 -2.2184652e-3 -2.2184652e-3
-2.8461551e0 -1.6153958e0 -2.5873852e-3 -2.5873852e-3
-2.6923102e0 -1.6153958e0 -3.01771732e-3 -3.01771732e-3
-2.5384653e0 -1.6153958e0 -3.51958571e-3 -3.51958571e-3
-2.3846204e0 -1.6153958e0 -4.1049803e-3 -4.1049803e-3
-2.2307755e0 -1.6153958e0 -4.7866368e-3 -4.7866368e-3
-2.0769305e0 -1.6153958e0 -5.5842578e-3 -5.5842578e-3
-1.9230856e0 -1.6153958e0 -6.5115553e-3 -6.5115553e-3
-1.7692407e0 -1.6153958e0 -7.59436e-3 -7.59436e-3
-1.6153958e0 -1.6153958e0 -8.860311e-3 -8.860311e-3
-1.4615509e0 -1.6153958e0 -1.03307924e-2 -1.03307924e-2
-1.307706e0 -1.6153958e0 -1.20516992e-2 -1.20516992e-2
-1.1538611e0 -1.6153958e0 -1.40577898e-2 -1.40577898e-2
-1.0000162e0 -1.6153958e0 -1.63922873e-2 -1.63922873e-2
-8.461713e-1 -1.6153958e0 -1.91206966e-2 -1.91206966e-2
-6.923264e-1 -1.6153958e0 -2.23031708e-2 -2.23031708e-2
-5.384814e-1 -1.6153958e0 -2.60114497e-2 -2.60114497e-2
-3.846365e-1 -1.6153958e0 -3.03391193e-2 -3.03391193e-2
-2.307916e-1 -1.6153958e0 -3.53842049e-2 -3.53842049e-2
-7.69467e-2 -1.6153958e0 -4.12679047e-2 -4.12679047e-2
7.68982e-2 -1.6153958e0 -4.81208e-2 -4.81208e-2
2.307431e-1 -1.6153958e0 -5.6123322e-2 -5.6123322e-2
3.84588e-1 -1.6153958e0 -6.5456879e-2 -6.5456879e-2
5.384329e-1 -1.6153958e0 -7.6343332e-2 -7.6343332e-2
6.922778e-1 -1.6153958e0 -8.903847e-2 -8.903847e-2
8.461227e-1 -1.6153958e0 -1.03845273e-1 -1.03845273e-1
9.999677e-1 -1.6153958e0 -1.21116284e-1 -1.21116284e-1
1.1538126e0 -1.6153958e0 -1.4126055e-1 -1.4126055e-1
1.3076575e0 -1.6153958e0 -1.64754362e-1 -1.64754362e-1
1.4615024e0 -1.6153958e0 -1.9215343e-1 -1.9215343e-1
1.6153473e0 -1.6153958e0 -2.24108719e-1 -2.24108719e-1
1.7691922e0 -1.6153958e0 -2.61388077e-1 -2.61388077e-1
1.9230371e0 -1.6153958e0 -3.04853658e-1 -3.04853658e-1
2.076882e0 -1.6153958e0 -3.5555534e-1 -3.5555534e-1
2.230727e0 -1.6153958e0 -4.14686952e-1 -4.14686952e-1
2.3845718e0 -1.6153958e0 -4.8366322e-1 -4.8366322e-1
2.5384167e0 -1.6153958e0 -5.6410728e-1 -5.6410728e-1
2.6922617e0 -1.6153958e0 -6.5791064e-1 -6.5791064e-1
2.8461066e0 -1.6153958e0 -7.6733205e-1 -7.6733205e-1
2.9999515e0 -1.6153958e0 -8.949253e-1 -8.949253e-1

-3.0e0 -1.4615509e0 5.4271751e-3 5.4271751e-3
-2.8461551e0 -1.4615509e0 6.329688e-3 6.329688e-3
-2.6923102e0 -1.4615509e0 7.3824374e-3 7.3824374e-3
-2.5384653e0 -1.4615509e0 8.6101906e-3 8.6101906e-3
-2.3846204e0 -1.4615509e0 1.00422792e-2 1.00422792e-2
-2.2307755e0 -1.4615509e0 1.1709859e-2 1.1709859e-2
-2.0769305e0 -1.4615509e0 1.3661131e-2 1.3661131e-2
-1.9230856e0 -1.4615509e0 1.5929639e-2 1.5929639e-2
-1.7692407e0 -1.4615509e0 1.8578575e-2 1.8578575e-2
-1.6153958e0 -1.4615509e0 2.1675552e-2 2.1675552e-2
-1.4615509e0 -1.4615509e0 2.5272887e-2 2.5272887e-2
-1.307706e0 -1.4615509e0 2.9482852e-2 2.9482852e-2
-1.1538611e0 -1.4615509e0 3.4390482e-2 3.4390482e-2
-1.0000162e0 -1.4615509e0 4.0101514e-2 4.0101514e-2
-8.461713e-1 -1.4615509e0 4.6776198e-2 4.6776198e-2
-6.923264e-1 -1.4615509e0 5.4561691e-2 5.4561691e-2
-5.384814e-1 -1.4615509e0 6.3633495e-2 6.3633495e-2
-3.846365e-1 -1.4615509e0 7.4220554e-2 7.4220554e-2
-2.307916e-1 -1.4615509e0 8.6562672e-2 8.6562672e-2
-7.69467e-2 -1.4615509e0 1.00956349e-1 1.00956349e-1
7.68982e-2 -1.4615509e0 1.1772102e-1 1.1772102e-1
2.307431e-1 -1.4615509e0 1.3729811e-1 1.3729811e-1
3.84588e-1 -1.4615509e0 1.601314e-1 1.601314e-1
5.384329e-1 -1.4615509e0 1.8676364e-1 1.8676364e-1
6.922778e-1 -1.4615509e0 2.1782057e-1 2.1782057e-1
8.461227e-1 -1.4615509e0 2.5404341e-1 2.5404341e-1
9.999677e-1 -1.4615509e0 2.962946e-1 2.962946e-1
1.1538126e0 -1.4615509e0 3.4557483e-1 3.4557483e-1
1.3076575e0 -1.4615509e0 4.0304927e-1 4.0304927e-1
1.4615024e0 -1.4615509e0 4.7007738e-1 4.7007738e-1
1.6153473e0 -1.4615509e0 5.4825168e-1 5.4825168e-1
1.7691922e0 -1.4615509e0 6.3945059e-1 6.3945059e-1
1.9230371e0 -1.4615509e0 7.4578325e-1 7.4578325e-1
2.076882e0 -1.4615509e0 8.6981807e-1 8.6981807e-1
2.230727e0 -1.4615509e0 1.01447556e0 1.01447556e0
2.3845718e0 -1.4615509e0 1.1832166e0 1.1832166e0
2.5384167e0 -1.4615509e0 1.3800122e0 1.3800122e0
2.6922617e0 -1.4615509e0 1.6094894e0 1.6094894e0
2.8461066e0 -1.4615509e0 1.877174e0 1.877174e0
2.9999515e0 -1.4615509e0 2.1893137e0 2.1893137e0

-3.0e0 -1.307706e0 1.2946357e-2 1.2946357e-2
-2.8461551e0 -1.307706e0 1.50992735e-2 1.50992735e-2
-2.6923102e0 -1.307706e0 1.76105742e-2 1.76105742e-2
-2.5384653e0 -1.307706e0 2.05393411e-2 2.05393411e-2
-2.3846204e0 -1.307706e0 2.39555441e-2 2.39555441e-2
-2.2307755e0 -1.307706e0 2.7933505e-2 2.7933505e-2
-2.0769305e0 -1.307706e0 3.2588203e-2 3.2588203e-2
-1.9230856e0 -1.307706e0 3.7999658e-2 3.7999658e-2
-1.7692407e0 -1.307706e0 4.4318611e-2 4.4318611e-2
-1.6153958e0 -1.307706e0 5.1706355e-2 5.1706355e-2
-1.4615509e0 -1.307706e0 6.0287683e-2 6.0287683e-2
-1.307706e0 -1.307706e0 7.0330426e-2 7.0330426e-2
-1.1538611e0 -1.307706e0 8.2037422e-2 8.2037422e-2
-1.0000162e0 -1.307706e0 9.5660913e-2 9.5660913e-2
-8.461713e-1 -1.307706e0 1.11583163e-1 1.11583163e-1
-6.923264e-1 -1.307706e0 1.30155214e-1 1.30155214e-1
-5.384814e-1 -1.307706e0 1.51795717e-1 1.51795717e-1
-3.846365e-1 -1.307706e0 1.77050815e-1 1.77050815e-1
-2.307916e-1 -1.307706e0 2.06492557e-1 2.06492557e-1
-7.69467e-2 -1.307706e0 2.40828223e-1 2.40828223e-1
7.68982e-2 -1.307706e0 2.8081984e-1 2.8081984e-1
2.307431e-1 -1.307706e0 3.2752037e-1 3.2752037e-1
3.84588e-1 -1.307706e0 3.8198846e-1 3.8198846e-1
5.384329e-1 -1.307706e0 4.4551883e-1 4.4551883e-1
6.922778e-1 -1.307706e0 5.196042e-1 5.196042e-1
8.461227e-1 -1.307706e0 6.0601265e-1 6.0601265e-1
9.999677e-1 -1.307706e0 7.0680156e-1 7.0680156e-1
1.1538126e0 -1.307706e0 8.2435799e-1 8.2435799e-1
1.3076575e0 -1.307706e0 9.6146147e-1 9.6146147e-1
1.4615024e0 -1.307706e0 1.12135495e0 1.12135495e0
1.6153473e0 -1.307706e0 1.30783728e0 1.30783728e0
1.7691922e0 -1.307706e0 1.52538943e0 1.52538943e0
1.9230371e0 -1.307706e0 1.7790427e0 1.7790427e0
2.076882e0 -1.307706e0 2.07492387e0 2.07492387e0
2.230727e0 -1.307706e0 2.41999982e0 2.41999982e0
2.3845718e0 -1.307706e0 2.8225264e0 2.8225264e0
2.5384167e0 -1.307706e0 3.291976e0 3.291976e0
2.6922617e0 -1.307706e0 3.8393869e0 3.8393869e0
2.8461066e0 -1.307706e0 4.4779402e0 4.4779402e0
2.9999515e0 -1.307706e0 5.2225395e0 5.2225395e0

-3.0e0 -1.1538611e0 2.01603549e-2 2.01603549e-2
-2.8461551e0 -1.1538611e0 2.35129242e-2 2.35129242e-2
-2.6923102e0 -1.1538611e0 2.74235776e-2 2.74235776e-2
-2.5384653e0 -1.1538611e0 3.19843184e-2 3.19843184e-2
-2.3846204e0 -1.1538611e0 3.73041057e-2 3.73041057e-2
-2.2307755e0 -1.1538611e0 4.3498676e-2 4.3498676e-2
-2.0769305e0 -1.1538611e0 5.0747075e-2 5.0747075e-2
-1.9230856e0 -1.1538611e0 5.9173914e-2 5.9173914e-2
-1.7692407e0 -1.1538611e0 6.9013927e-2 6.9013927e-2
-1.6153958e0 -1.1538611e0 8.0518286e-2 8.0518286e-2
-1.4615509e0 -1.1538611e0 9.388132e-2 9.388132e-2
-1.307706e0 -1.1538611e0 1.09520102e-1 1.09520102e-1
-1.1538611e0 -1.1538611e0 1.27750497e-1 1.27750497e-1
-1.0000162e0 -1.1538611e0 1.489653e-1 1.489653e-1
-8.461713e-1 -1.1538611e0 1.73759782e-1 1.73759782e-1
-6.923264e-1 -1.1538611e0 2.02680592e-1 2.02680592e-1
-5.384814e-1 -1.1538611e0 2.36379666e-1 2.36379666e-1
-3.846365e-1 -1.1538611e0 2.75707465e-1 2.75707465e-1
-2.307916e-1 -1.1538611e0 3.215548e-1 3.215548e-1
-7.69467e-2 -1.1538611e0 3.7502306e-1 3.7502306e-1
7.68982e-2 -1.1538611e0 4.3729889e-1 4.3729889e-1
2.307431e-1 -1.1538611e0 5.1002202e-1 5.1002202e-1
3.84588e-1 -1.1538611e0 5.9484093e-1 5.9484093e-1
5.384329e-1 -1.1538611e0 6.9377184e-1 6.9377184e-1
6.922778e-1 -1.1538611e0 8.091392e-1 8.091392e-1
8.461227e-1 -1.1538611e0 9.4369638e-1 9.4369638e-1
9.999677e-1 -1.1538611e0 1.1006471e0 1.1006471e0
1.1538126e0 -1.1538611e0 1.28370859e0 1.28370859e0
1.3076575e0 -1.1538611e0 1.49720917e0 1.49720917e0
1.4615024e0 -1.1538611e0 1.74619884e0 1.74619884e0
1.6153473e0 -1.1538611e0 2.03659329e0 2.03659329e0
1.7691922e0 -1.1538611e0 2.37537035e0 2.37537035e0
1.9230371e0 -1.1538611e0 2.77036482e0 2.77036482e0
2.076882e0 -1.1538611e0 3.23111758e0 3.23111758e0
2.230727e0 -1.1538611e0 3.7684775e0 3.7684775e0
2.3845718e0 -1.1538611e0 4.3953009e0 4.3953009e0
2.5384167e0 -1.1538611e0 5.1263383e0 5.1263383e0
2.6922617e0 -1.1538611e0 5.9787787e0 5.9787787e0
2.8461066e0 -1.1538611e0 6.973148e0 6.973148e0
2.9999515e0 -1.1538611e0 8.1326547e0 8.1326547e0

-3.0e0 -1.0000162e0 2.68978926e-2 2.68978926e-2
-2.8461551e0 -1.0000162e0 3.13708818e-2 3.13708818e-2
-2.6923102e0 -1.0000162e0 3.65884651e-2 3.65884651e-2
-2.5384653e0 -1.0000162e0 4.26733937e-2 4.26733937e-2
-2.3846204e0 -1.0000162e0 4.97710397e-2 4.97710397e-2
-2.2307755e0 -1.0000162e0 5.8035818e-2 5.8035818e-2
-2.0769305e0 -1.0000162e0 6.7706615e-2 6.7706615e-2
-1.9230856e0 -1.0000162e0 7.894968e-2 7.894968e-2
-1.7692407e0 -1.0000162e0 9.20782e-2 9.20782e-2
-1.6153958e0 -1.0000162e0 1.07427286e-1 1.07427286e-1
-1.4615509e0 -1.0000162e0 1.2525621e-1 1.2525621e-1
-1.307706e0 -1.0000162e0 1.46121432e-1 1.46121432e-1
-1.1538611e0 -1.0000162e0 1.70444379e-1 1.70444379e-1
-1.0000162e0 -1.0000162e0 1.98749112e-1 1.98749112e-1
-8.461713e-1 -1.0000162e0 2.31829845e-1 2.31829845e-1
-6.923264e-1 -1.0000162e0 2.70415913e-1 2.70415913e-1
-5.384814e-1 -1.0000162e0 3.15377129e-1 3.15377129e-1
-3.846365e-1 -1.0000162e0 3.67848175e-1 3.67848175e-1
-2.307916e-1 -1.0000162e0 4.29017569e-1 4.29017569e-1
-7.69467e-2 -1.0000162e0 5.00354782e-1 5.00354782e-1
7.68982e-2 -1.0000162e0 5.8344304e-1 5.8344304e-1
2.307431e-1 -1.0000162e0 6.8047003e-1 6.8047003e-1
3.84588e-1 -1.0000162e0 7.9363521e-1 7.9363521e-1
5.384329e-1 -1.0000162e0 9.2562856e-1 9.2562856e-1
6.922778e-1 -1.0000162e0 1.0795514e0 1.0795514e0
8.461227e-1 -1.0000162e0 1.25907722e0 1.25907722e0
9.999677e-1 -1.0000162e0 1.46848047e0 1.46848047e0
1.1538126e0 -1.0000162e0 1.71272063e0 1.71272063e0
1.3076575e0 -1.0000162e0 1.99757254e0 1.99757254e0
1.4615024e0 -1.0000162e0 2.32977391e0 2.32977391e0
1.6153473e0 -1.0000162e0 2.71721742e0 2.71721742e0
1.7691922e0 -1.0000162e0 3.16921288e0 3.16921288e0
1.9230371e0 -1.0000162e0 3.69621347e0 3.69621347e0
2.076882e0 -1.0000162e0 4.31094858e0 4.31094858e0
2.230727e0 -1.0000162e0 5.02789278e0 5.02789278e0
2.3845718e0 -1.0000162e0 5.864199e0 5.864199e0
2.5384167e0 -1.0000162e0 6.8395471e0 6.8395471e0
2.6922617e0 -1.0000162e0 7.9768707e0 7.9768707e0
2.8461066e0 -1.0000162e0 9.3035559e0 9.3035559e0
2.9999515e0 -1.0000162e0 1.08505666e1 1.08505666e1

-3.0e0 -8.461713e-1 3.29986787e-2 3.29986787e-2
-2.8461551e0 -8.461713e-1 3.8486199e-2 3.8486199e-2
-2.6923102e0 -8.461713e-1 4.4887197e-2 4.4887197e-2
-2.5384653e0 -8.461713e-1 5.23522652e-2 5.23522652e-2
-2.3846204e0 -8.461713e-1 6.10597482e-2 6.10597482e-2
-2.2307755e0 -8.461713e-1 7.1199084e-2 7.1199084e-2
-2.0769305e0 -8.461713e-1 8.306334e-2 8.306334e-2
-1.9230856e0 -8.461713e-1 9.6856477e-2 9.6856477e-2
-1.7692407e0 -8.461713e-1 1.12962712e-1 1.12962712e-1
-1.6153958e0 -8.461713e-1 1.31793169e-1 1.31793169e-1
-1.4615509e0 -8.461713e-1 1.53665921e-1 1.53665921e-1
-1.307706e0 -8.461713e-1 1.79263643e-1 1.79263643e-1
-1.1538611e0 -8.461713e-1 2.09103345e-1 2.09103345e-1
-1.0000162e0 -8.461713e-1 2.43827953e-1 2.43827953e-1
-8.461713e-1 -8.461713e-1 2.8441182e-1 2.8441182e-1
-6.923264e-1 -8.461713e-1 3.31749702e-1 3.31749702e-1
-5.384814e-1 -8.461713e-1 3.86908696e-1 3.86908696e-1
-3.846365e-1 -8.461713e-1 4.51280846e-1 4.51280846e-1
-2.307916e-1 -8.461713e-1 5.26324242e-1 5.26324242e-1
-7.69467e-2 -8.461713e-1 6.13841647e-1 6.13841647e-1
7.68982e-2 -8.461713e-1 7.1577539e-1 7.1577539e-1
2.307431e-1 -8.461713e-1 8.3480934e-1 8.3480934e-1
3.84588e-1 -8.461713e-1 9.7364183e-1 9.7364183e-1
5.384329e-1 -8.461713e-1 1.13557295e0 1.13557295e0
6.922778e-1 -8.461713e-1 1.32440749e0 1.32440749e0
8.461227e-1 -8.461713e-1 1.54465205e0 1.54465205e0
9.999677e-1 -8.461713e-1 1.80155063e0 1.80155063e0
1.1538126e0 -8.461713e-1 2.10118758e0 2.10118758e0
1.3076575e0 -8.461713e-1 2.45064754e0 2.45064754e0
1.4615024e0 -8.461713e-1 2.85819644e0 2.85819644e0
1.6153473e0 -8.461713e-1 3.33351709e0 3.33351709e0
1.7691922e0 -8.461713e-1 3.88803088e0 3.88803088e0
1.9230371e0 -8.461713e-1 4.53456197e0 4.53456197e0
2.076882e0 -8.461713e-1 5.28872687e0 5.28872687e0
2.230727e0 -8.461713e-1 6.16828317e0 6.16828317e0
2.3845718e0 -8.461713e-1 7.1942743e0 7.1942743e0
2.5384167e0 -8.461713e-1 8.390844e0 8.390844e0
2.6922617e0 -8.461713e-1 9.786127e0 9.786127e0
2.8461066e0 -8.461713e-1 1.14137215e1 1.14137215e1
2.9999515e0 -8.461713e-1 1.33116139e1 1.33116139e1

-3.0e0 -6.923264e-1 3.83207985e-2 3.83207985e-2
-2.8461551e0 -6.923264e-1 4.46933617e-2 4.46933617e-2
-2.6923102e0 -6.923264e-1 5.21267305e-2 5.21267305e-2
-2.5384653e0 -6.923264e-1 6.07957858e-2 6.07957858e-2
-2.3846204e0 -6.923264e-1 7.09076364e-2 7.09076364e-2
-2.2307755e0 -6.923264e-1 8.2682274e-2 8.2682274e-2
-2.0769305e0 -6.923264e-1 9.646003e-2 9.646003e-2
-1.9230856e0 -6.923264e-1 1.12477762e-1 1.12477762e-1
-1.7692407e0 -6.923264e-1 1.31181657e-1 1.31181657e-1
-1.6153958e0 -6.923264e-1 1.53049142e-1 1.53049142e-1
-1.4615509e0 -6.923264e-1 1.78449594e-1 1.78449594e-1
-1.307706e0 -6.923264e-1 2.08175787e-1 2.08175787e-1
-1.1538611e0 -6.923264e-1 2.4282812e-1 2.4282812e-1
-1.0000162e0 -6.923264e-1 2.8315321e-1 2.8315321e-1
-8.461713e-1 -6.923264e-1 3.30282559e-1 3.30282559e-1
-6.923264e-1 -6.923264e-1 3.85255229e-1 3.85255229e-1
-5.384814e-1 -6.923264e-1 4.4931042e-1 4.4931042e-1
-3.846365e-1 -6.923264e-1 5.24064691e-1 5.24064691e-1
-2.307916e-1 -6.923264e-1 6.11211298e-1 6.11211298e-1
-7.69467e-2 -6.923264e-1 7.12843756e-1 7.12843756e-1
7.68982e-2 -6.923264e-1 8.3121765e-1 8.3121765e-1
2.307431e-1 -6.923264e-1 9.6944974e-1 9.6944974e-1
3.84588e-1 -6.923264e-1 1.13067354e0 1.13067354e0
5.384329e-1 -6.923264e-1 1.31872136e0 1.31872136e0
6.922778e-1 -6.923264e-1 1.53801164e0 1.53801164e0
8.461227e-1 -6.923264e-1 1.79377788e0 1.79377788e0
9.999677e-1 -6.923264e-1 2.09210977e0 2.09210977e0
1.1538126e0 -6.923264e-1 2.44007303e0 2.44007303e0
1.3076575e0 -6.923264e-1 2.84589488e0 2.84589488e0
1.4615024e0 -6.923264e-1 3.31917441e0 3.31917441e0
1.6153473e0 -6.923264e-1 3.87115611e0 3.87115611e0
1.7691922e0 -6.923264e-1 4.51510345e0 4.51510345e0
1.9230371e0 -6.923264e-1 5.26590889e0 5.26590889e0
2.076882e0 -6.923264e-1 6.14170763e0 6.14170763e0
2.230727e0 -6.923264e-1 7.16312125e0 7.16312125e0
2.3845718e0 -6.923264e-1 8.3545872e0 8.3545872e0
2.5384167e0 -6.923264e-1 9.7441429e0 9.7441429e0
2.6922617e0 -6.923264e-1 1.13644612e1 1.13644612e1
2.8461066e0 -6.923264e-1 1.32545586e1 1.32545586e1
2.9999515e0 -6.923264e-1 1.54585486e1 1.54585486e1

-3.0e0 -5.384814e-1 4.27383131e-2 4.27383131e-2
-2.8461551e0 -5.384814e-1 4.98454875e-2 4.98454875e-2
-2.6923102e0 -5.384814e-1 5.81357544e-2 5.81357544e-2
-2.5384653e0 -5.384814e-1 6.78041544e-2 6.78041544e-2
-2.3846204e0 -5.384814e-1 7.90816707e-2 7.90816707e-2
-2.2307755e0 -5.384814e-1 9.2213655e-2 9.2213655e-2
-2.0769305e0 -5.384814e-1 1.07579672e-1 1.07579672e-1
-1.9230856e0 -5.384814e-1 1.25443884e-1 1.25443884e-1
-1.7692407e0 -5.384814e-1 1.46303912e-1 1.46303912e-1
-1.6153958e0 -5.384814e-1 1.7069222e-1 1.7069222e-1
-1.4615509e0 -5.384814e-1 1.99020764e-1 1.99020764e-1
-1.307706e0 -5.384814e-1 2.3217371e-1 2.3217371e-1
-1.1538611e0 -5.384814e-1 2.70820668e-1 2.70820668e-1
-1.0000162e0 -5.384814e-1 3.15794322e-1 3.15794322e-1
-8.461713e-1 -5.384814e-1 3.6835661e-1 3.6835661e-1
-6.923264e-1 -5.384814e-1 4.29666376e-1 4.29666376e-1
-5.384814e-1 -5.384814e-1 5.0110567e-1 5.0110567e-1
-3.846365e-1 -5.384814e-1 5.84477405e-1 5.84477405e-1
-2.307916e-1 -5.384814e-1 6.81670029e-1 6.81670029e-1
-7.69467e-2 -5.384814e-1 7.95018393e-1 7.95018393e-1
7.68982e-2 -5.384814e-1 9.270381e-1 9.270381e-1
2.307431e-1 -5.384814e-1 1.0812052e0 1.0812052e0
3.84588e-1 -5.384814e-1 1.26101442e0 1.26101442e0
5.384329e-1 -5.384814e-1 1.47073988e0 1.47073988e0
6.922778e-1 -5.384814e-1 1.71530934e0 1.71530934e0
8.461227e-1 -5.384814e-1 2.00055959e0 2.00055959e0
9.999677e-1 -5.384814e-1 2.33328235e0 2.33328235e0
1.1538126e0 -5.384814e-1 2.72135782e0 2.72135782e0
1.3076575e0 -5.384814e-1 3.17396169e0 3.17396169e0
1.4615024e0 -5.384814e-1 3.70179956e0 3.70179956e0
1.6153473e0 -5.384814e-1 4.31741219e0 4.31741219e0
1.7691922e0 -5.384814e-1 5.03559198e0 5.03559198e0
1.9230371e0 -5.384814e-1 5.87294817e0 5.87294817e0
2.076882e0 -5.384814e-1 6.84970653e0 6.84970653e0
2.230727e0 -5.384814e-1 7.98886586e0 7.98886586e0
2.3845718e0 -5.384814e-1 9.3176807e0 9.3176807e0
2.5384167e0 -5.384814e-1 1.08674205e1 1.08674205e1
2.6922617e0 -5.384814e-1 1.26745245e1 1.26745245e1
2.8461066e0 -5.384814e-1 1.4782507e1 1.4782507e1
2.9999515e0 -5.384814e-1 1.72405669e1 1.72405669e1

-3.0e0 -3.846365e-1 4.61471625e-2 4.61471625e-2
-2.8461551e0 -3.846365e-1 5.38212119e-2 5.38212119e-2
-2.6923102e0 -3.846365e-1 6.27727185e-2 6.27727185e-2
-2.5384653e0 -3.846365e-1 7.32122794e-2 7.32122794e-2
-2.3846204e0 -3.846365e-1 8.53893013e-2 8.53893013e-2
-2.2307755e0 -3.846365e-1 9.9568706e-2 9.9568706e-2
-2.0769305e0 -3.846365e-1 1.16160332e-1 1.16160332e-1
-1.9230856e0 -3.846365e-1 1.35449411e-1 1.35449411e-1
-1.7692407e0 -3.846365e-1 1.57973254e-1 1.57973254e-1
-1.6153958e0 -3.846365e-1 1.84306798e-1 1.84306798e-1
-1.4615509e0 -3.846365e-1 2.14894853e-1 2.14894853e-1
-1.307706e0 -3.846365e-1 2.50692111e-1 2.50692111e-1
-1.1538611e0 -3.846365e-1 2.92421587e-1 2.92421587e-1
-1.0000162e0 -3.846365e-1 3.40982384e-1 3.40982384e-1
-8.461713e-1 -3.846365e-1 3.9773709e-1 3.9773709e-1
-6.923264e-1 -3.846365e-1 4.63936981e-1 4.63936981e-1
-5.384814e-1 -3.846365e-1 5.41074344e-1 5.41074344e-1
-3.846365e-1 -3.846365e-1 6.3109589e-1 6.3109589e-1
-2.307916e-1 -3.846365e-1 7.3604069e-1 7.3604069e-1
-7.69467e-2 -3.846365e-1 8.58429831e-1 8.58429831e-1
7.68982e-2 -3.846365e-1 1.00097957e0 1.00097957e0
2.307431e-1 -3.846365e-1 1.16744318e0 1.16744318e0
3.84588e-1 -3.846365e-1 1.36159415e0 1.36159415e0
5.384329e-1 -3.846365e-1 1.58804752e0 1.58804752e0
6.922778e-1 -3.846365e-1 1.85212407e0 1.85212407e0
8.461227e-1 -3.846365e-1 2.16012616e0 2.16012616e0
9.999677e-1 -3.846365e-1 2.5193872e0 2.5193872e0
1.1538126e0 -3.846365e-1 2.93841595e0 2.93841595e0
1.3076575e0 -3.846365e-1 3.42711995e0 3.42711995e0
1.4615024e0 -3.846365e-1 3.99705869e0 3.99705869e0
1.6153473e0 -3.846365e-1 4.66177316e0 4.66177316e0
1.7691922e0 -3.846365e-1 5.43723567e0 5.43723567e0
1.9230371e0 -3.846365e-1 6.3413802e0 6.3413802e0
2.076882e0 -3.846365e-1 7.39604576e0 7.39604576e0
2.230727e0 -3.846365e-1 8.62606555e0 8.62606555e0
2.3845718e0 -3.846365e-1 1.00608679e1 1.00608679e1
2.5384167e0 -3.846365e-1 1.17342165e1 1.17342165e1
2.6922617e0 -3.846365e-1 1.3685457e1 1.3685457e1
2.8461066e0 -3.846365e-1 1.59615741e1 1.59615741e1
2.9999515e0 -3.846365e-1 1.8615691e1 1.8615691e1

-3.0e0 -2.307916e-1 4.84642076e-2 4.84642076e-2
-2.8461551e0 -2.307916e-1 5.65235704e-2 5.65235704e-2
-2.6923102e0 -2.307916e-1 6.59245314e-2 6.59245314e-2
-2.5384653e0 -2.307916e-1 7.68882617e-2 7.68882617e-2
-2.3846204e0 -2.307916e-1 8.96766908e-2 8.96766908e-2
-2.2307755e0 -2.307916e-1 1.04568042e-1 1.04568042e-1
-2.0769305e0 -2.307916e-1 1.21992732e-1 1.21992732e-1
-1.9230856e0 -2.307916e-1 1.42250314e-1 1.42250314e-1
-1.7692407e0 -2.307916e-1 1.65905078e-1 1.65905078e-1
-1.6153958e0 -2.307916e-1 1.93560826e-1 1.93560826e-1
-1.4615509e0 -2.307916e-1 2.25684706e-1 2.25684706e-1
-1.307706e0 -2.307916e-1 2.63279341e-1 2.63279341e-1
-1.1538611e0 -2.307916e-1 3.0710405e-1 3.0710405e-1
-1.0000162e0 -2.307916e-1 3.5810308e-1 3.5810308e-1
-8.461713e-1 -2.307916e-1 4.17707436e-1 4.17707436e-1
-6.923264e-1 -2.307916e-1 4.87231218e-1 4.87231218e-1
-5.384814e-1 -2.307916e-1 5.6824164e-1 5.6824164e-1
-3.846365e-1 -2.307916e-1 6.6278316e-1 6.6278316e-1
-2.307916e-1 -2.307916e-1 7.7299723e-1 7.7299723e-1
-7.69467e-2 -2.307916e-1 9.0153152e-1 9.0153152e-1
7.68982e-2 -2.307916e-1 1.05123866e0 1.05123866e0
2.307431e-1 -2.307916e-1 1.2260604e0 1.2260604e0
3.84588e-1 -2.307916e-1 1.42995967e0 1.42995967e0
5.384329e-1 -2.307916e-1 1.66778325e0 1.66778325e0
6.922778e-1 -2.307916e-1 1.94511906e0 1.94511906e0
8.461227e-1 -2.307916e-1 2.2685859e0 2.2685859e0
9.999677e-1 -2.307916e-1 2.64588544e0 2.64588544e0
1.1538126e0 -2.307916e-1 3.08595358e0 3.08595358e0
1.3076575e0 -2.307916e-1 3.59919536e0 3.59919536e0
1.4615024e0 -2.307916e-1 4.19775066e0 4.19775066e0
1.6153473e0 -2.307916e-1 4.8958404e0 4.8958404e0
1.7691922e0 -2.307916e-1 5.71023882e0 5.71023882e0
1.9230371e0 -2.307916e-1 6.65978036e0 6.65978036e0
2.076882e0 -2.307916e-1 7.76740059e0 7.76740059e0
2.230727e0 -2.307916e-1 9.05917957e0 9.05917957e0
2.3845718e0 -2.307916e-1 1.05660233e1 1.05660233e1
2.5384167e0 -2.307916e-1 1.23233905e1 1.23233905e1
2.6922617e0 -2.307916e-1 1.43726025e1 1.43726025e1
2.8461066e0 -2.307916e-1 1.67630034e1 1.67630034e1
2.9999515e0 -2.307916e-1 1.95503835e1 1.95503835e1

-3.0e0 -7.69467e-2 4.96356711e-2 4.96356711e-2
-2.8461551e0 -7.69467e-2 5.78898427e-2 5.78898427e-2
-2.6923102e0 -7.69467e-2 6.75180411e-2 6.75180411e-2
-2.5384653e0 -7.69467e-2 7.87467838e-2 7.87467838e-2
-2.3846204e0 -7.69467e-2 9.18443314e-2 9.18443314e-2
-2.2307755e0 -7.69467e-2 1.07095633e-1 1.07095633e-1
-2.0769305e0 -7.69467e-2 1.24941507e-1 1.24941507e-1
-1.9230856e0 -7.69467e-2 1.4568875e-1 1.4568875e-1
-1.7692407e0 -7.69467e-2 1.6991529e-1 1.6991529e-1
-1.6153958e0 -7.69467e-2 1.98239525e-1 1.98239525e-1
-1.4615509e0 -7.69467e-2 2.31139896e-1 2.31139896e-1
-1.307706e0 -7.69467e-2 2.69643257e-1 2.69643257e-1
-1.1538611e0 -7.69467e-2 3.14527284e-1 3.14527284e-1
-1.0000162e0 -7.69467e-2 3.6675905e-1 3.6675905e-1
-8.461713e-1 -7.69467e-2 4.27804146e-1 4.27804146e-1
-6.923264e-1 -7.69467e-2 4.99008438e-1 4.99008438e-1
-5.384814e-1 -7.69467e-2 5.81977022e-1 5.81977022e-1
-3.846365e-1 -7.69467e-2 6.78803773e-1 6.78803773e-1
-2.307916e-1 -7.69467e-2 7.91681909e-1 7.91681909e-1
-7.69467e-2 -7.69467e-2 9.23323094e-1 9.23323094e-1
7.68982e-2 -7.69467e-2 1.07664893e0 1.07664893e0
2.307431e-1 -7.69467e-2 1.2556964e0 1.2556964e0
3.84588e-1 -7.69467e-2 1.46452428e0 1.46452428e0
5.384329e-1 -7.69467e-2 1.70809645e0 1.70809645e0
6.922778e-1 -7.69467e-2 1.99213596e0 1.99213596e0
8.461227e-1 -7.69467e-2 2.32342155e0 2.32342155e0
9.999677e-1 -7.69467e-2 2.70984105e0 2.70984105e0
1.1538126e0 -7.69467e-2 3.1605464e0 3.1605464e0
1.3076575e0 -7.69467e-2 3.68619412e0 3.68619412e0
1.4615024e0 -7.69467e-2 4.29921754e0 4.29921754e0
1.6153473e0 -7.69467e-2 5.01418132e0 5.01418132e0
1.7691922e0 -7.69467e-2 5.84826515e0 5.84826515e0
1.9230371e0 -7.69467e-2 6.82075876e0 6.82075876e0
2.076882e0 -7.69467e-2 7.95515207e0 7.95515207e0
2.230727e0 -7.69467e-2 9.27815558e0 9.27815558e0
2.3845718e0 -7.69467e-2 1.08214223e1 1.08214223e1
2.5384167e0 -7.69467e-2 1.26212682e1 1.26212682e1
2.6922617e0 -7.69467e-2 1.47200131e1 1.47200131e1
2.8461066e0 -7.69467e-2 1.71681941e1 1.71681941e1
2.9999515e0 -7.69467e-2 2.002295e1 2.002295e1

-3.0e0 7.68982e-2 4.96356711e-2 4.96356711e-2
-2.8461551e0 7.68982e-2 5.78898427e-2 5.78898427e-2
-2.6923102e0 7.68982e-2 6.75180411e-2 6.75180411e-2
-2.5384653e0 7.68982e-2 7.87467838e-2 7.87467838e-2
-2.3846204e0 7.68982e-2 9.18443314e-2 9.18443314e-2
-2.2307755e0 7.68982e-2 1.07095633e-1 1.07095633e-1
-2.0769305e0 7.68982e-2 1.24941507e-1 1.24941507e-1
-1.9230856e0 7.68982e-2 1.4568875e-1 1.4568875e-1
-1.7692407e0 7.68982e-2 1.6991529e-1 1.6991529e-1
-1.6153958e0 7.68982e-2 1.98239525e-1 1.98239525e-1
-1.4615509e0 7.68982e-2 2.31139896e-1 2.31139896e-1
-1.307706e0 7.68982e-2 2.69643257e-1 2.69643257e-1
-1.1538611e0 7.68982e-2 3.14527284e-1 3.14527284e-1
-1.0000162e0 7.68982e-2 3.6675905e-1 3.6675905e-1
-8.461713e-1 7.68982e-2 4.27804146e-1 4.27804146e-1
-6.923264e-1 7.68982e-2 4.99008438e-1 4.99008438e-1
-5.384814e-1 7.68982e-2 5.81977022e-1 5.81977022e-1
-3.846365e-1 7.68982e-2 6.78803773e-1 6.78803773e-1
-2.307916e-1 7.68982e-2 7.91681909e-1 7.91681909e-1
-7.69467e-2 7.68982e-2 9.23323094e-1 9.23323094e-1
7.68982e-2 7.68982e-2 1.07664893e0 1.07664893e0
2.307431e-1 7.68982e-2 1.2556964e0 1.2556964e0
3.84588e-1 7.68982e-2 1.46452428e0 1.46452428e0
5.384329e-1 7.68982e-2 1.70809645e0 1.70809645e0
6.922778e-1 7.68982e-2 1.99213596e0 1.99213596e0
8.461227e-1 7.68982e-2 2.32342155e0 2.32342155e0
9.999677e-1 7.68982e-2 2.70984105e0 2.70984105e0
1.1538126e0 7.68982e-2 3.1605464e0 3.1605464e0
1.3076575e0 7.68982e-2 3.68619412e0 3.68619412e0
1.4615024e0 7.68982e-2 4.29921754e0 4.29921754e0
1.6153473e0 7.68982e-2 5.01418132e0 5.01418132e0
1.7691922e0 7.68982e-2 5.84826515e0 5.84826515e0
1.9230371e0 7.68982e-2 6.82075876e0 6.82075876e0
2.076882e0 7.68982e-2 7.95515207e0 7.95515207e0
2.230727e0 7.68982e-2 9.27815558e0 9.27815558e0
2.3845718e0 7.68982e-2 1.08214223e1 1.08214223e1
2.5384167e0 7.68982e-2 1.26212682e1 1.26212682e1
2.6922617e0 7.68982e-2 1.47200131e1 1.47200131e1
2.8461066e0 7.68982e-2 1.71681941e1 1.71681941e1
2.9999515e0 7.68982e-2 2.002295e1 2.002295e1

-3.0e0 2.307431e-1 4.84642076e-2 4.84642076e-2
-2.8461551e0 2.307431e-1 5.65235704e-2 5.65235704e-2
-2.6923102e0 2.307431e-1 6.59245314e-2 6.59245314e-2
-2.5384653e0 2.307431e-1 7.68882617e-2 7.68882617e-2
-2.3846204e0 2.307431e-1 8.96766908e-2 8.96766908e-2
-2.2307755e0 2.307431e-1 1.04568042e-1 1.04568042e-1
-2.0769305e0 2.307431e-1 1.21992732e-1 1.21992732e-1
-1.9230856e0 2.307431e-1 1.42250314e-1 1.42250314e-1
-1.7692407e0 2.307431e-1 1.65905078e-1 1.65905078e-1
-1.6153958e0 2.307431e-1 1.93560826e-1 1.93560826e-1
-1.4615509e0 2.307431e-1 2.25684706e-1 2.25684706e-1
-1.307706e0 2.307431e-1 2.63279341e-1 2.63279341e-1
-1.1538611e0 2.307431e-1 3.0710405e-1 3.0710405e-1
-1.0000162e0 2.307431e-1 3.5810308e-1 3.5810308e-1
-8.461713e-1 2.307431e-1 4.17707436e-1 4.17707436e-1
-6.923264e-1 2.307431e-1 4.87231218e-1 4.87231218e-1
-5.384814e-1 2.307431e-1 5.6824164e-1 5.6824164e-1
-3.846365e-1 2.307431e-1 6.6278316e-1 6.6278316e-1
-2.307916e-1 2.307431e-1 7.7299723e-1 7.7299723e-1
-7.69467e-2 2.307431e-1 9.0153152e-1 9.0153152e-1
7.68982e-2 2.307431e-1 1.05123866e0 1.05123866e0
2.307431e-1 2.307431e-1 1.2260604e0 1.2260604e0
3.84588e-1 2.307431e-1 1.42995967e0 1.42995967e0
5.384329e-1 2.307431e-1 1.66778325e0 1.66778325e0
6.922778e-1 2.307431e-1 1.94511906e0 1.94511906e0
8.461227e-1 2.307431e-1 2.2685859e0 2.2685859e0
9.999677e-1 2.307431e-1 2.64588544e0 2.64588544e0
1.1538126e0 2.307431e-1 3.08595358e0 3.08595358e0
1.3076575e0 2.307431e-1 3.59919536e0 3.59919536e0
1.4615024e0 2.307431e-1 4.19775066e0 4.19775066e0
1.6153473e0 2.307431e-1 4.8958404e0 4.8958404e0
1.7691922e0 2.307431e-1 5.71023882e0 5.71023882e0
1.9230371e0 2.307431e-1 6.65978036e0 6.65978036e0
2.076882e0 2.307431e-1 7.76740059e0 7.76740059e0
2.230727e0 2.307431e-1 9.05917957e0 9.05917957e0
2.3845718e0 2.307431e-1 1.05660233e1 1.05660233e1
2.5384167e0 2.307431e-1 1.23233905e1 1.23233905e1
2.6922617e0 2.307431e-1 1.43726025e1 1.43726025e1
2.8461066e0 2.307431e-1 1.67630034e1 1.67630034e1
2.9999515e0 2.307431e-1 1.95503835e1 1.95503835e1

-3.0e0 3.84588e-1 4.6148659e-2 4.6148659e-2
-2.8461551e0 3.84588e-1 5.38229573e-2 5.38229573e-2
-2.6923102e0 3.84588e-1 6.27747542e-2 6.27747542e-2
-2.5384653e0 3.84588e-1 7.32146536e-2 7.32146536e-2
-2.3846204e0 3.84588e-1 8.53920705e-2 8.53920705e-2
-2.2307755e0 3.84588e-1 9.9571935e-2 9.9571935e-2
-2.0769305e0 3.84588e-1 1.16164099e-1 1.16164099e-1
-1.9230856e0 3.84588e-1 1.35453802e-1 1.35453802e-1
-1.7692407e0 3.84588e-1 1.57978377e-1 1.57978377e-1
-1.6153958e0 3.84588e-1 1.84312775e-1 1.84312775e-1
-1.4615509e0 3.84588e-1 2.14901822e-1 2.14901822e-1
-1.307706e0 3.84588e-1 2.50700241e-1 2.50700241e-1
-1.1538611e0 3.84588e-1 2.9243107e-1 2.9243107e-1
-1.0000162e0 3.84588e-1 3.40993442e-1 3.40993442e-1
-8.461713e-1 3.84588e-1 3.97749988e-1 3.97749988e-1
-6.923264e-1 3.84588e-1 4.63952028e-1 4.63952028e-1
-5.384814e-1 3.84588e-1 5.4109189e-1 5.4109189e-1
-3.846365e-1 3.84588e-1 6.31116356e-1 6.31116356e-1
-2.307916e-1 3.84588e-1 7.3606456e-1 7.3606456e-1
-7.69467e-2 3.84588e-1 8.58457669e-1 8.58457669e-1
7.68982e-2 3.84588e-1 1.00101202e0 1.00101202e0
2.307431e-1 3.84588e-1 1.16748103e0 1.16748103e0
3.84588e-1 3.84588e-1 1.3616383e0 1.3616383e0
5.384329e-1 3.84588e-1 1.58809901e0 1.58809901e0
6.922778e-1 3.84588e-1 1.85218413e0 1.85218413e0
8.461227e-1 3.84588e-1 2.16019621e0 2.16019621e0
9.999677e-1 3.84588e-1 2.51946892e0 2.51946892e0
1.1538126e0 3.84588e-1 2.93851126e0 2.93851126e0
1.3076575e0 3.84588e-1 3.4272311e0 3.4272311e0
1.4615024e0 3.84588e-1 3.99718831e0 3.99718831e0
1.6153473e0 3.84588e-1 4.66192435e0 4.66192435e0
1.7691922e0 3.84588e-1 5.437412e0 5.437412e0
1.9230371e0 3.84588e-1 6.34158585e0 6.34158585e0
2.076882e0 3.84588e-1 7.39628561e0 7.39628561e0
2.230727e0 3.84588e-1 8.62634529e0 8.62634529e0
2.3845718e0 3.84588e-1 1.00611942e1 1.00611942e1
2.5384167e0 3.84588e-1 1.1734597e1 1.1734597e1
2.6922617e0 3.84588e-1 1.36859007e1 1.36859007e1
2.8461066e0 3.84588e-1 1.59620918e1 1.59620918e1
2.9999515e0 3.84588e-1 1.86162949e1 1.86162949e1

-3.0e0 5.384329e-1 4.27398097e-2 4.27398097e-2
-2.8461551e0 5.384329e-1 4.9847233e-2 4.9847233e-2
-2.6923102e0 5.384329e-1 5.813779e-2 5.813779e-2
-2.5384653e0 5.384329e-1 6.78065286e-2 6.78065286e-2
-2.3846204e0 5.384329e-1 7.90844398e-2 7.90844398e-2
-2.2307755e0 5.384329e-1 9.2216884e-2 9.2216884e-2
-2.0769305e0 5.384329e-1 1.0758344e-1 1.0758344e-1
-1.9230856e0 5.384329e-1 1.25448277e-1 1.25448277e-1
-1.7692407e0 5.384329e-1 1.46309035e-1 1.46309035e-1
-1.6153958e0 5.384329e-1 1.70698198e-1 1.70698198e-1
-1.4615509e0 5.384329e-1 1.99027733e-1 1.99027733e-1
-1.307706e0 5.384329e-1 2.3218184e-1 2.3218184e-1
-1.1538611e0 5.384329e-1 2.70830151e-1 2.70830151e-1
-1.0000162e0 5.384329e-1 3.1580538e-1 3.1580538e-1
-8.461713e-1 5.384329e-1 3.68369508e-1 3.68369508e-1
-6.923264e-1 5.384329e-1 4.29681421e-1 4.29681421e-1
-5.384814e-1 5.384329e-1 5.01123216e-1 5.01123216e-1
-3.846365e-1 5.384329e-1 5.84497871e-1 5.84497871e-1
-2.307916e-1 5.384329e-1 6.81693898e-1 6.81693898e-1
-7.69467e-2 5.384329e-1 7.95046233e-1 7.95046233e-1
7.68982e-2 5.384329e-1 9.2707057e-1 9.2707057e-1
2.307431e-1 5.384329e-1 1.08124306e0 1.08124306e0
3.84588e-1 5.384329e-1 1.26105858e0 1.26105858e0
5.384329e-1 5.384329e-1 1.47079138e0 1.47079138e0
6.922778e-1 5.384329e-1 1.7153694e0 1.7153694e0
8.461227e-1 5.384329e-1 2.00062964e0 2.00062964e0
9.999677e-1 5.384329e-1 2.33336406e0 2.33336406e0
1.1538126e0 5.384329e-1 2.72145313e0 2.72145313e0
1.3076575e0 5.384329e-1 3.17407283e0 3.17407283e0
1.4615024e0 5.384329e-1 3.70192918e0 3.70192918e0
1.6153473e0 5.384329e-1 4.31756337e0 4.31756337e0
1.7691922e0 5.384329e-1 5.03576831e0 5.03576831e0
1.9230371e0 5.384329e-1 5.87315381e0 5.87315381e0
2.076882e0 5.384329e-1 6.84994638e0 6.84994638e0
2.230727e0 5.384329e-1 7.98914561e0 7.98914561e0
2.3845718e0 5.384329e-1 9.3180069e0 9.3180069e0
2.5384167e0 5.384329e-1 1.0867801e1 1.0867801e1
2.6922617e0 5.384329e-1 1.26749684e1 1.26749684e1
2.8461066e0 5.384329e-1 1.47830247e1 1.47830247e1
2.9999515e0 5.384329e-1 1.72411705e1 1.72411705e1

-3.0e0 6.922778e-1 3.8322295e-2 3.8322295e-2
-2.8461551e0 6.922778e-1 4.4695107e-2 4.4695107e-2
-2.6923102e0 6.922778e-1 5.21287662e-2 5.21287662e-2
-2.5384653e0 6.922778e-1 6.07981602e-2 6.07981602e-2
-2.3846204e0 6.922778e-1 7.09104056e-2 7.09104056e-2
-2.2307755e0 6.922778e-1 8.2685503e-2 8.2685503e-2
-2.0769305e0 6.922778e-1 9.6463797e-2 9.6463797e-2
-1.9230856e0 6.922778e-1 1.12482155e-1 1.12482155e-1
-1.7692407e0 6.922778e-1 1.3118678e-1 1.3118678e-1
-1.6153958e0 6.922778e-1 1.5305512e-1 1.5305512e-1
-1.4615509e0 6.922778e-1 1.78456563e-1 1.78456563e-1
-1.307706e0 6.922778e-1 2.08183917e-1 2.08183917e-1
-1.1538611e0 6.922778e-1 2.42837604e-1 2.42837604e-1
-1.0000162e0 6.922778e-1 2.83164268e-1 2.83164268e-1
-8.461713e-1 6.922778e-1 3.30295457e-1 3.30295457e-1
-6.923264e-1 6.922778e-1 3.85270274e-1 3.85270274e-1
-5.384814e-1 6.922778e-1 4.49327966e-1 4.49327966e-1
-3.846365e-1 6.922778e-1 5.24085158e-1 5.24085158e-1
-2.307916e-1 6.922778e-1 6.11235167e-1 6.11235167e-1
-7.69467e-2 6.922778e-1 7.12871596e-1 7.12871596e-1
7.68982e-2 6.922778e-1 8.3125012e-1 8.3125012e-1
2.307431e-1 6.922778e-1 9.6948761e-1 9.6948761e-1
3.84588e-1 6.922778e-1 1.13071768e0 1.13071768e0
5.384329e-1 6.922778e-1 1.31877286e0 1.31877286e0
6.922778e-1 6.922778e-1 1.53807172e0 1.53807172e0
8.461227e-1 6.922778e-1 1.79384793e0 1.79384793e0
9.999677e-1 6.922778e-1 2.09219148e0 2.09219148e0
1.1538126e0 6.922778e-1 2.44016832e0 2.44016832e0
1.3076575e0 6.922778e-1 2.84600601e0 2.84600601e0
1.4615024e0 6.922778e-1 3.31930403e0 3.31930403e0
1.6153473e0 6.922778e-1 3.8713073e0 3.8713073e0
1.7691922e0 6.922778e-1 4.51527979e0 4.51527979e0
1.9230371e0 6.922778e-1 5.26611455e0 5.26611455e0
2.076882e0 6.922778e-1 6.14194748e0 6.14194748e0
2.230727e0 6.922778e-1 7.163401e0 7.163401e0
2.3845718e0 6.922778e-1 8.3549135e0 8.3549135e0
2.5384167e0 6.922778e-1 9.7445235e0 9.7445235e0
2.6922617e0 6.922778e-1 1.13649051e1 1.13649051e1
2.8461066e0 6.922778e-1 1.32550761e1 1.32550761e1
2.9999515e0 6.922778e-1 1.54591522e1 1.54591522e1

-3.0e0 8.461227e-1 3.30011629e-2 3.30011629e-2
-2.8461551e0 8.461227e-1 3.84890964e-2 3.84890964e-2
-2.6923102e0 8.461227e-1 4.48905762e-2 4.48905762e-2
-2.5384653e0 8.461227e-1 5.23562062e-2 5.23562062e-2
-2.3846204e0 8.461227e-1 6.10643448e-2 6.10643448e-2
-2.2307755e0 8.461227e-1 7.1204445e-2 7.1204445e-2
-2.0769305e0 8.461227e-1 8.3069594e-2 8.3069594e-2
-1.9230856e0 8.461227e-1 9.6863768e-2 9.6863768e-2
-1.7692407e0 8.461227e-1 1.12971216e-1 1.12971216e-1
-1.6153958e0 8.461227e-1 1.3180309e-1 1.3180309e-1
-1.4615509e0 8.461227e-1 1.53677489e-1 1.53677489e-1
-1.307706e0 8.461227e-1 1.79277138e-1 1.79277138e-1
-1.1538611e0 8.461227e-1 2.09119086e-1 2.09119086e-1
-1.0000162e0 8.461227e-1 2.43846307e-1 2.43846307e-1
-8.461713e-1 8.461227e-1 2.8443323e-1 2.8443323e-1
-6.923264e-1 8.461227e-1 3.31774677e-1 3.31774677e-1
-5.384814e-1 8.461227e-1 3.86937822e-1 3.86937822e-1
-3.846365e-1 8.461227e-1 4.51314818e-1 4.51314818e-1
-2.307916e-1 8.461227e-1 5.26363864e-1 5.26363864e-1
-7.69467e-2 8.461227e-1 6.13887857e-1 6.13887857e-1
7.68982e-2 8.461227e-1 7.1582927e-1 7.1582927e-1
2.307431e-1 8.461227e-1 8.348722e-1 8.348722e-1
3.84588e-1 8.461227e-1 9.7371513e-1 9.7371513e-1
5.384329e-1 8.461227e-1 1.13565845e0 1.13565845e0
6.922778e-1 8.461227e-1 1.32450719e0 1.32450719e0
8.461227e-1 8.461227e-1 1.54476834e0 1.54476834e0
9.999677e-1 8.461227e-1 1.80168625e0 1.80168625e0
1.1538126e0 8.461227e-1 2.10134575e0 2.10134575e0
1.3076575e0 8.461227e-1 2.45083203e0 2.45083203e0
1.4615024e0 8.461227e-1 2.8584116e0 2.8584116e0
1.6153473e0 8.461227e-1 3.33376804e0 3.33376804e0
1.7691922e0 8.461227e-1 3.88832358e0 3.88832358e0
1.9230371e0 8.461227e-1 4.53490334e0 4.53490334e0
2.076882e0 8.461227e-1 5.289125e0 5.289125e0
2.230727e0 8.461227e-1 6.16874753e0 6.16874753e0
2.3845718e0 8.461227e-1 7.194816e0 7.194816e0
2.5384167e0 8.461227e-1 8.3914757e0 8.3914757e0
2.6922617e0 8.461227e-1 9.7868637e0 9.7868637e0
2.8461066e0 8.461227e-1 1.14145807e1 1.14145807e1
2.9999515e0 8.461227e-1 1.3312616e1 1.3312616e1

-3.0e0 9.999677e-1 2.68993892e-2 2.68993892e-2
-2.8461551e0 9.999677e-1 3.13726273e-2 3.13726273e-2
-2.6923102e0 9.999677e-1 3.65905008e-2 3.65905008e-2
-2.5384653e0 9.999677e-1 4.2675768e-2 4.2675768e-2
-2.3846204e0 9.999677e-1 4.97738089e-2 4.97738089e-2
-2.2307755e0 9.999677e-1 5.8039047e-2 5.8039047e-2
-2.0769305e0 9.999677e-1 6.771038e-2 6.771038e-2
-1.9230856e0 9.999677e-1 7.8954073e-2 7.8954073e-2
-1.7692407e0 9.999677e-1 9.2083322e-2 9.2083322e-2
-1.6153958e0 9.999677e-1 1.07433263e-1 1.07433263e-1
-1.4615509e0 9.999677e-1 1.25263179e-1 1.25263179e-1
-1.307706e0 9.999677e-1 1.46129562e-1 1.46129562e-1
-1.1538611e0 9.999677e-1 1.70453862e-1 1.70453862e-1
-1.0000162e0 9.999677e-1 1.9876017e-1 1.9876017e-1
-8.461713e-1 9.999677e-1 2.31842744e-1 2.31842744e-1
-6.923264e-1 9.999677e-1 2.7043096e-1 2.7043096e-1
-5.384814e-1 9.999677e-1 3.15394676e-1 3.15394676e-1
-3.846365e-1 9.999677e-1 3.67868642e-1 3.67868642e-1
-2.307916e-1 9.999677e-1 4.2904144e-1 4.2904144e-1
-7.69467e-2 9.999677e-1 5.00382622e-1 5.00382622e-1
7.68982e-2 9.999677e-1 5.8347551e-1 5.8347551e-1
2.307431e-1 9.999677e-1 6.8050789e-1 6.8050789e-1
3.84588e-1 9.999677e-1 7.9367937e-1 7.9367937e-1
5.384329e-1 9.999677e-1 9.2568005e-1 9.2568005e-1
6.922778e-1 9.999677e-1 1.07961148e0 1.07961148e0
8.461227e-1 9.999677e-1 1.25914728e0 1.25914728e0
9.999677e-1 9.999677e-1 1.46856216e0 1.46856216e0
1.1538126e0 9.999677e-1 1.71281592e0 1.71281592e0
1.3076575e0 9.999677e-1 1.99768369e0 1.99768369e0
1.4615024e0 9.999677e-1 2.32990353e0 2.32990353e0
1.6153473e0 9.999677e-1 2.7173686e0 2.7173686e0
1.7691922e0 9.999677e-1 3.1693892e0 3.1693892e0
1.9230371e0 9.999677e-1 3.69641913e0 3.69641913e0
2.076882e0 9.999677e-1 4.31118845e0 4.31118845e0
2.230727e0 9.999677e-1 5.02817253e0 5.02817253e0
2.3845718e0 9.999677e-1 5.8645253e0 5.8645253e0
2.5384167e0 9.999677e-1 6.8399277e0 6.8399277e0
2.6922617e0 9.999677e-1 7.9773146e0 7.9773146e0
2.8461066e0 9.999677e-1 9.3040735e0 9.3040735e0
2.9999515e0 9.999677e-1 1.08511703e1 1.08511703e1

-3.0e0 1.1538126e0 2.01623453e-2 2.01623453e-2
-2.8461551e0 1.1538126e0 2.35152455e-2 2.35152455e-2
-2.6923102e0 1.1538126e0 2.7426285e-2 2.7426285e-2
-2.5384653e0 1.1538126e0 3.1987476e-2 3.1987476e-2
-2.3846204e0 1.1538126e0 3.73077885e-2 3.73077885e-2
-2.2307755e0 1.1538126e0 4.350297e-2 4.350297e-2
-2.0769305e0 1.1538126e0 5.0752084e-2 5.0752084e-2
-1.9230856e0 1.1538126e0 5.9179755e-2 5.9179755e-2
-1.7692407e0 1.1538126e0 6.902074e-2 6.902074e-2
-1.6153958e0 1.1538126e0 8.0526236e-2 8.0526236e-2
-1.4615509e0 1.1538126e0 9.3890588e-2 9.3890588e-2
-1.307706e0 1.1538126e0 1.09530914e-1 1.09530914e-1
-1.1538611e0 1.1538126e0 1.2776311e-1 1.2776311e-1
-1.0000162e0 1.1538126e0 1.48980006e-1 1.48980006e-1
-8.461713e-1 1.1538126e0 1.73776936e-1 1.73776936e-1
-6.923264e-1 1.1538126e0 2.02700603e-1 2.02700603e-1
-5.384814e-1 1.1538126e0 2.36403003e-1 2.36403003e-1
-3.846365e-1 1.1538126e0 2.75734683e-1 2.75734683e-1
-2.307916e-1 1.1538126e0 3.21586546e-1 3.21586546e-1
-7.69467e-2 1.1538126e0 3.75060085e-1 3.75060085e-1
7.68982e-2 1.1538126e0 4.3734207e-1 4.3734207e-1
2.307431e-1 1.1538126e0 5.1007237e-1 5.1007237e-1
3.84588e-1 1.1538126e0 5.9489966e-1 5.9489966e-1
5.384329e-1 1.1538126e0 6.9384033e-1 6.9384033e-1
6.922778e-1 1.1538126e0 8.0921909e-1 8.0921909e-1
8.461227e-1 1.1538126e0 9.4378955e-1 9.4378955e-1
9.999677e-1 1.1538126e0 1.10075575e0 1.10075575e0
1.1538126e0 1.1538126e0 1.28383533e0 1.28383533e0
1.3076575e0 1.1538126e0 1.49735698e0 1.49735698e0
1.4615024e0 1.1538126e0 1.74637123e0 1.74637123e0
1.6153473e0 1.1538126e0 2.03679436e0 2.03679436e0
1.7691922e0 1.1538126e0 2.37560486e0 2.37560486e0
1.9230371e0 1.1538126e0 2.77063834e0 2.77063834e0
2.076882e0 1.1538126e0 3.23143657e0 3.23143657e0
2.230727e0 1.1538126e0 3.76884955e0 3.76884955e0
2.3845718e0 1.1538126e0 4.3957349e0 4.3957349e0
2.5384167e0 1.1538126e0 5.1268445e0 5.1268445e0
2.6922617e0 1.1538126e0 5.9793689e0 5.9793689e0
2.8461066e0 1.1538126e0 6.9738365e0 6.9738365e0
2.9999515e0 1.1538126e0 8.1334576e0 8.1334576e0

-3.0e0 1.3076575e0 1.29488487e-2 1.29488487e-2
-2.8461551e0 1.3076575e0 1.51021796e-2 1.51021796e-2
-2.6923102e0 1.3076575e0 1.76139636e-2 1.76139636e-2
-2.5384653e0 1.3076575e0 2.05432942e-2 2.05432942e-2
-2.3846204e0 1.3076575e0 2.39601547e-2 2.39601547e-2
-2.2307755e0 1.3076575e0 2.7938881e-2 2.7938881e-2
-2.0769305e0 1.3076575e0 3.2594475e-2 3.2594475e-2
-1.9230856e0 1.3076575e0 3.8006972e-2 3.8006972e-2
-1.7692407e0 1.3076575e0 4.4327141e-2 4.4327141e-2
-1.6153958e0 1.3076575e0 5.1716307e-2 5.1716307e-2
-1.4615509e0 1.3076575e0 6.0299286e-2 6.0299286e-2
-1.307706e0 1.3076575e0 7.0343962e-2 7.0343962e-2
-1.1538611e0 1.3076575e0 8.2053212e-2 8.2053212e-2
-1.0000162e0 1.3076575e0 9.5679324e-2 9.5679324e-2
-8.461713e-1 1.3076575e0 1.11604639e-1 1.11604639e-1
-6.923264e-1 1.3076575e0 1.30180264e-1 1.30180264e-1
-5.384814e-1 1.3076575e0 1.51824933e-1 1.51824933e-1
-3.846365e-1 1.3076575e0 1.7708489e-1 1.7708489e-1
-2.307916e-1 1.3076575e0 2.065323e-1 2.065323e-1
-7.69467e-2 1.3076575e0 2.40874574e-1 2.40874574e-1
7.68982e-2 1.3076575e0 2.8087389e-1 2.8087389e-1
2.307431e-1 1.3076575e0 3.2758342e-1 3.2758342e-1
3.84588e-1 1.3076575e0 3.8206198e-1 3.8206198e-1
5.384329e-1 1.3076575e0 4.4560458e-1 4.4560458e-1
6.922778e-1 1.3076575e0 5.1970421e-1 5.1970421e-1
8.461227e-1 1.3076575e0 6.0612929e-1 6.0612929e-1
9.999677e-1 1.3076575e0 7.0693759e-1 7.0693759e-1
1.1538126e0 1.3076575e0 8.2451665e-1 8.2451665e-1
1.3076575e0 1.3076575e0 9.6164651e-1 9.6164651e-1
1.4615024e0 1.3076575e0 1.12157077e0 1.12157077e0
1.6153473e0 1.3076575e0 1.308089e0 1.308089e0
1.7691922e0 1.3076575e0 1.52568303e0 1.52568303e0
1.9230371e0 1.3076575e0 1.7793851e0 1.7793851e0
2.076882e0 1.3076575e0 2.07532323e0 2.07532323e0
2.230727e0 1.3076575e0 2.42046558e0 2.42046558e0
2.3845718e0 1.3076575e0 2.8230696e0 2.8230696e0
2.5384167e0 1.3076575e0 3.2926097e0 3.2926097e0
2.6922617e0 1.3076575e0 3.8401259e0 3.8401259e0
2.8461066e0 1.3076575e0 4.478802e0 4.478802e0
2.9999515e0 1.3076575e0 5.2235448e0 5.2235448e0

-3.0e0 1.4615024e0 5.4291655e-3 5.4291655e-3
-2.8461551e0 1.4615024e0 6.3320094e-3 6.3320094e-3
-2.6923102e0 1.4615024e0 7.3851448e-3 7.3851448e-3
-2.5384653e0 1.4615024e0 8.6133482e-3 8.6133482e-3
-2.3846204e0 1.4615024e0 1.00459622e-2 1.00459622e-2
-2.2307755e0 1.4615024e0 1.1714154e-2 1.1714154e-2
-2.0769305e0 1.4615024e0 1.366614e-2 1.366614e-2
-1.9230856e0 1.4615024e0 1.5935481e-2 1.5935481e-2
-1.7692407e0 1.4615024e0 1.8585388e-2 1.8585388e-2
-1.6153958e0 1.4615024e0 2.1683502e-2 2.1683502e-2
-1.4615509e0 1.4615024e0 2.5282155e-2 2.5282155e-2
-1.307706e0 1.4615024e0 2.9493665e-2 2.9493665e-2
-1.1538611e0 1.4615024e0 3.4403094e-2 3.4403094e-2
-1.0000162e0 1.4615024e0 4.0116222e-2 4.0116222e-2
-8.461713e-1 1.4615024e0 4.6793353e-2 4.6793353e-2
-6.923264e-1 1.4615024e0 5.4581702e-2 5.4581702e-2
-5.384814e-1 1.4615024e0 6.3656831e-2 6.3656831e-2
-3.846365e-1 1.4615024e0 7.4247772e-2 7.4247772e-2
-2.307916e-1 1.4615024e0 8.6594418e-2 8.6594418e-2
-7.69467e-2 1.4615024e0 1.00993373e-1 1.00993373e-1
7.68982e-2 1.4615024e0 1.1776419e-1 1.1776419e-1
2.307431e-1 1.4615024e0 1.3734846e-1 1.3734846e-1
3.84588e-1 1.4615024e0 1.6019012e-1 1.6019012e-1
5.384329e-1 1.4615024e0 1.8683212e-1 1.8683212e-1
6.922778e-1 1.4615024e0 2.1790045e-1 2.1790045e-1
8.461227e-1 1.4615024e0 2.5413658e-1 2.5413658e-1
9.999677e-1 1.4615024e0 2.9640327e-1 2.9640327e-1
1.1538126e0 1.4615024e0 3.4570157e-1 3.4570157e-1
1.3076575e0 1.4615024e0 4.0319708e-1 4.0319708e-1
1.4615024e0 1.4615024e0 4.7024977e-1 4.7024977e-1
1.6153473e0 1.4615024e0 5.4845274e-1 5.4845274e-1
1.7691922e0 1.4615024e0 6.396851e-1 6.396851e-1
1.9230371e0 1.4615024e0 7.4605676e-1 7.4605676e-1
2.076882e0 1.4615024e0 8.7013705e-1 8.7013705e-1
2.230727e0 1.4615024e0 1.01484761e0 1.01484761e0
2.3845718e0 1.4615024e0 1.1836505e0 1.1836505e0
2.5384167e0 1.4615024e0 1.3805182e0 1.3805182e0
2.6922617e0 1.4615024e0 1.6100797e0 1.6100797e0
2.8461066e0 1.4615024e0 1.8778625e0 1.8778625e0
2.9999515e0 1.4615024e0 2.1901166e0 2.1901166e0

-3.0e0 1.6153473e0 -2.21697166e-3 -2.21697166e-3
-2.8461551e0 1.6153473e0 -2.58564331e-3 -2.58564331e-3
-2.6923102e0 1.6153473e0 -3.01568571e-3 -3.01568571e-3
-2.5384653e0 1.6153473e0 -3.51721625e-3 -3.51721625e-3
-2.3846204e0 1.6153473e0 -4.10221674e-3 -4.10221674e-3
-2.2307755e0 1.6153473e0 -4.7834143e-3 -4.7834143e-3
-2.0769305e0 1.6153473e0 -5.5804984e-3 -5.5804984e-3
-1.9230856e0 1.6153473e0 -6.5071716e-3 -6.5071716e-3
-1.7692407e0 1.6153473e0 -7.5892473e-3 -7.5892473e-3
-1.6153958e0 1.6153473e0 -8.854346e-3 -8.854346e-3
-1.4615509e0 1.6153473e0 -1.03238374e-2 -1.03238374e-2
-1.307706e0 1.6153473e0 -1.20435857e-2 -1.20435857e-2
-1.1538611e0 1.6153473e0 -1.40483258e-2 -1.40483258e-2
-1.0000162e0 1.6153473e0 -1.63812517e-2 -1.63812517e-2
-8.461713e-1 1.6153473e0 -1.91078241e-2 -1.91078241e-2
-6.923264e-1 1.6153473e0 -2.22881558e-2 -2.22881558e-2
-5.384814e-1 1.6153473e0 -2.59939383e-2 -2.59939383e-2
-3.846365e-1 1.6153473e0 -3.03186943e-2 -3.03186943e-2
-2.307916e-1 1.6153473e0 -3.53603835e-2 -3.53603835e-2
-7.69467e-2 1.6153473e0 -4.12401222e-2 -4.12401222e-2
7.68982e-2 1.6153473e0 -4.8088403e-2 -4.8088403e-2
2.307431e-1 1.6153473e0 -5.6085538e-2 -5.6085538e-2
3.84588e-1 1.6153473e0 -6.5412811e-2 -6.5412811e-2
5.384329e-1 1.6153473e0 -7.6291936e-2 -7.6291936e-2
6.922778e-1 1.6153473e0 -8.8978528e-2 -8.8978528e-2
8.461227e-1 1.6153473e0 -1.03775362e-1 -1.03775362e-1
9.999677e-1 1.6153473e0 -1.21034746e-1 -1.21034746e-1
1.1538126e0 1.6153473e0 -1.4116545e-1 -1.4116545e-1
1.3076575e0 1.6153473e0 -1.64643446e-1 -1.64643446e-1
1.4615024e0 1.6153473e0 -1.92024068e-1 -1.92024068e-1
1.6153473e0 1.6153473e0 -2.23957845e-1 -2.23957845e-1
1.7691922e0 1.6153473e0 -2.61212105e-1 -2.61212105e-1
1.9230371e0 1.6153473e0 -3.04648422e-1 -3.04648422e-1
2.076882e0 1.6153473e0 -3.55315973e-1 -3.55315973e-1
2.230727e0 1.6153473e0 -4.14407776e-1 -4.14407776e-1
2.3845718e0 1.6153473e0 -4.833376e-1 -4.833376e-1
2.5384167e0 1.6153473e0 -5.6372752e-1 -5.6372752e-1
2.6922617e0 1.6153473e0 -6.5746773e-1 -6.5746773e-1
2.8461066e0 1.6153473e0 -7.6681546e-1 -7.6681546e-1
2.9999515e0 1.6153473e0 -8.943228e-1 -8.943228e-1

-3.0e0 1.7691922e0 -9.8118262e-3 -9.8118262e-3
-2.8461551e0 1.7691922e0 -1.14434854e-2 -1.14434854e-2
-2.6923102e0 1.7691922e0 -1.3346758e-2 -1.3346758e-2
-2.5384653e0 1.7691922e0 -1.5566421e-2 -1.5566421e-2
-2.3846204e0 1.7691922e0 -1.81555038e-2 -1.81555038e-2
-2.2307755e0 1.7691922e0 -2.1170334e-2 -2.1170334e-2
-2.0769305e0 1.7691922e0 -2.4698051e-2 -2.4698051e-2
-1.9230856e0 1.7691922e0 -2.8799301e-2 -2.8799301e-2
-1.7692407e0 1.7691922e0 -3.358833e-2 -3.358833e-2
-1.6153958e0 1.7691922e0 -3.9187376e-2 -3.9187376e-2
-1.4615509e0 1.7691922e0 -4.569102e-2 -4.569102e-2
-1.307706e0 1.7691922e0 -5.3302246e-2 -5.3302246e-2
-1.1538611e0 1.7691922e0 -6.2174782e-2 -6.2174782e-2
-1.0000162e0 1.7691922e0 -7.2499797e-2 -7.2499797e-2
-8.461713e-1 1.7691922e0 -8.4567003e-2 -8.4567003e-2
-6.923264e-1 1.7691922e0 -9.8642447e-2 -9.8642447e-2
-5.384814e-1 1.7691922e0 -1.1504342e-1 -1.1504342e-1
-3.846365e-1 1.7691922e0 -1.34183835e-1 -1.34183835e-1
-2.307916e-1 1.7691922e0 -1.56497237e-1 -1.56497237e-1
-7.69467e-2 1.7691922e0 -1.8251966e-1 -1.8251966e-1
7.68982e-2 1.7691922e0 -2.1282863e-1 -2.1282863e-1
2.307431e-1 1.7691922e0 -2.4822218e-1 -2.4822218e-1
3.84588e-1 1.7691922e0 -2.8950264e-1 -2.8950264e-1
5.384329e-1 1.7691922e0 -3.3765123e-1 -3.3765123e-1
6.922778e-1 1.7691922e0 -3.9379929e-1 -3.9379929e-1
8.461227e-1 1.7691922e0 -4.5928679e-1 -4.5928679e-1
9.999677e-1 1.7691922e0 -5.35673e-1 -5.35673e-1
1.1538126e0 1.7691922e0 -6.2476706e-1 -6.2476706e-1
1.3076575e0 1.7691922e0 -7.2867548e-1 -7.2867548e-1
1.4615024e0 1.7691922e0 -8.4985605e-1 -8.4985605e-1
1.6153473e0 1.7691922e0 -9.9118788e-1 -9.9118788e-1
1.7691922e0 1.7691922e0 -1.156067e0 -1.156067e0
1.9230371e0 1.7691922e0 -1.34830653e0 -1.34830653e0
2.076882e0 1.7691922e0 -1.57254991e0 -1.57254991e0
2.230727e0 1.7691922e0 -1.83407715e0 -1.83407715e0
2.3845718e0 1.7691922e0 -2.1391454e0 -2.1391454e0
2.5384167e0 1.7691922e0 -2.4949333e0 -2.4949333e0
2.6922617e0 1.7691922e0 -2.9098067e0 -2.9098067e0
2.8461066e0 1.7691922e0 -3.3937556e0 -3.3937556e0
2.9999515e0 1.7691922e0 -3.958075e0 -3.958075e0

-3.0e0 1.9230371e0 -1.71756775e-2 -1.71756775e-2
-2.8461551e0 1.9230371e0 -2.00319095e-2 -2.00319095e-2
-2.6923102e0 1.9230371e0 -2.33636028e-2 -2.33636028e-2
-2.5384653e0 1.9230371e0 -2.72491402e-2 -2.72491402e-2
-2.3846204e0 1.9230371e0 -3.17813496e-2 -3.17813496e-2
-2.2307755e0 1.9230371e0 -3.7058833e-2 -3.7058833e-2
-2.0769305e0 1.9230371e0 -4.323413e-2 -4.323413e-2
-1.9230856e0 1.9230371e0 -5.04134e-2 -5.04134e-2
-1.7692407e0 1.9230371e0 -5.8796631e-2 -5.8796631e-2
-1.6153958e0 1.9230371e0 -6.8597806e-2 -6.8597806e-2
-1.4615509e0 1.9230371e0 -7.9982484e-2 -7.9982484e-2
-1.307706e0 1.9230371e0 -9.3305994e-2 -9.3305994e-2
-1.1538611e0 1.9230371e0 -1.08837436e-1 -1.08837436e-1
-1.0000162e0 1.9230371e0 -1.26911453e-1 -1.26911453e-1
-8.461713e-1 1.9230371e0 -1.4803519e-1 -1.4803519e-1
-6.923264e-1 1.9230371e0 -1.72674365e-1 -1.72674365e-1
-5.384814e-1 1.9230371e0 -2.01384396e-1 -2.01384396e-1
-3.846365e-1 1.9230371e0 -2.34889838e-1 -2.34889838e-1
-2.307916e-1 1.9230371e0 -2.73949619e-1 -2.73949619e-1
-7.69467e-2 1.9230371e0 -3.1950207e-1 -3.1950207e-1
7.68982e-2 1.9230371e0 -3.7255817e-1 -3.7255817e-1
2.307431e-1 1.9230371e0 -4.3451485e-1 -4.3451485e-1
3.84588e-1 1.9230371e0 -5.067766e-1 -5.067766e-1
5.384329e-1 1.9230371e0 -5.9106108e-1 -5.9106108e-1
6.922778e-1 1.9230371e0 -6.8934868e-1 -6.8934868e-1
8.461227e-1 1.9230371e0 -8.0398508e-1 -8.0398508e-1
9.999677e-1 1.9230371e0 -9.3769974e-1 -9.3769974e-1
1.1538126e0 1.9230371e0 -1.09365955e0 -1.09365955e0
1.3076575e0 1.9230371e0 -1.27555203e0 -1.27555203e0
1.4615024e0 1.9230371e0 -1.48767957e0 -1.48767957e0
1.6153473e0 1.9230371e0 -1.73508203e0 -1.73508203e0
1.7691922e0 1.9230371e0 -2.0237042e0 -2.0237042e0
1.9230371e0 1.9230371e0 -2.360221e0 -2.360221e0
2.076882e0 1.9230371e0 -2.75276074e0 -2.75276074e0
2.230727e0 1.9230371e0 -3.21056621e0 -3.21056621e0
2.3845718e0 1.9230371e0 -3.7445905e0 -3.7445905e0
2.5384167e0 1.9230371e0 -4.3673999e0 -4.3673999e0
2.6922617e0 1.9230371e0 -5.0936392e0 -5.0936392e0
2.8461066e0 1.9230371e0 -5.9407953e0 -5.9407953e0
2.9999515e0 1.9230371e0 -6.9286406e0 -6.9286406e0

-3.0e0 2.076882e0 -2.41332777e-2 -2.41332777e-2
-2.8461551e0 2.076882e0 -2.81465248e-2 -2.81465248e-2
-2.6923102e0 2.076882e0 -3.28278352e-2 -3.28278352e-2
-2.5384653e0 2.076882e0 -3.82873438e-2 -3.82873438e-2
-2.3846204e0 2.076882e0 -4.46554807e-2 -4.46554807e-2
-2.2307755e0 2.076882e0 -5.207079e-2 -5.207079e-2
-2.0769305e0 2.076882e0 -6.0747603e-2 -6.0747603e-2
-1.9230856e0 2.076882e0 -7.0835086e-2 -7.0835086e-2
-1.7692407e0 2.076882e0 -8.2614232e-2 -8.2614232e-2
-1.6153958e0 2.076882e0 -9.6385712e-2 -9.6385712e-2
-1.4615509e0 2.076882e0 -1.12382146e-1 -1.12382146e-1
-1.307706e0 2.076882e0 -1.31102803e-1 -1.31102803e-1
-1.1538611e0 2.076882e0 -1.52925792e-1 -1.52925792e-1
-1.0000162e0 2.076882e0 -1.78321312e-1 -1.78321312e-1
-8.461713e-1 2.076882e0 -2.08001947e-1 -2.08001947e-1
-6.923264e-1 2.076882e0 -2.42622069e-1 -2.42622069e-1
-5.384814e-1 2.076882e0 -2.82962086e-1 -2.82962086e-1
-3.846365e-1 2.076882e0 -3.30040062e-1 -3.30040062e-1
-2.307916e-1 2.076882e0 -3.84922354e-1 -3.84922354e-1
-7.69467e-2 2.076882e0 -4.48927397e-1 -4.48927397e-1
7.68982e-2 2.076882e0 -5.234757e-1 -5.234757e-1
2.307431e-1 2.076882e0 -6.1053008e-1 -6.1053008e-1
3.84588e-1 2.076882e0 -7.1206392e-1 -7.1206392e-1
5.384329e-1 2.076882e0 -8.3049075e-1 -8.3049075e-1
6.922778e-1 2.076882e0 -9.6859312e-1 -9.6859312e-1
8.461227e-1 2.076882e0 -1.12966695e0 -1.12966695e0
9.999677e-1 2.076882e0 -1.31754733e0 -1.31754733e0
1.1538126e0 2.076882e0 -1.53668405e0 -1.53668405e0
1.3076575e0 2.076882e0 -1.79225835e0 -1.79225835e0
1.4615024e0 2.076882e0 -2.09031546e0 -2.09031546e0
1.6153473e0 2.076882e0 -2.43793681e0 -2.43793681e0
1.7691922e0 2.076882e0 -2.84347534e0 -2.84347534e0
1.9230371e0 2.076882e0 -3.31630984e0 -3.31630984e0
2.076882e0 2.076882e0 -3.86786136e0 -3.86786136e0
2.230727e0 2.076882e0 -4.5111167e0 -4.5111167e0
2.3845718e0 2.076882e0 -5.2614658e0 -5.2614658e0
2.5384167e0 2.076882e0 -6.1365659e0 -6.1365659e0
2.6922617e0 2.076882e0 -7.1569933e0 -7.1569933e0
2.8461066e0 2.076882e0 -8.3473193e0 -8.3473193e0
2.9999515e0 2.076882e0 -9.7353255e0 -9.7353255e0

-3.0e0 2.230727e0 -3.05208257e-2 -3.05208257e-2
-2.8461551e0 2.230727e0 -3.5596291e-2 -3.5596291e-2
-2.6923102e0 2.230727e0 -4.15166415e-2 -4.15166415e-2
-2.5384653e0 2.230727e0 -4.84211618e-2 -4.84211618e-2
-2.3846204e0 2.230727e0 -5.64748047e-2 -5.64748047e-2
-2.2307755e0 2.230727e0 -6.5852783e-2 -6.5852783e-2
-2.0769305e0 2.230727e0 -7.6826158e-2 -7.6826158e-2
-1.9230856e0 2.230727e0 -8.9583575e-2 -8.9583575e-2
-1.7692407e0 2.230727e0 -1.04480403e-1 -1.04480403e-1
-1.6153958e0 2.230727e0 -1.2189689e-1 -1.2189689e-1
-1.4615509e0 2.230727e0 -1.4212723e-1 -1.4212723e-1
-1.307706e0 2.230727e0 -1.65802832e-1 -1.65802832e-1
-1.1538611e0 2.230727e0 -1.93401886e-1 -1.93401886e-1
-1.0000162e0 2.230727e0 -2.25519043e-1 -2.25519043e-1
-8.461713e-1 2.230727e0 -2.6305549e-1 -2.6305549e-1
-6.923264e-1 2.230727e0 -3.06838797e-1 -3.06838797e-1
-5.384814e-1 2.230727e0 -3.57855931e-1 -3.57855931e-1
-3.846365e-1 2.230727e0 -4.1739441e-1 -4.1739441e-1
-2.307916e-1 2.230727e0 -4.86802838e-1 -4.86802838e-1
-7.69467e-2 2.230727e0 -5.67748608e-1 -5.67748608e-1
7.68982e-2 2.230727e0 -6.620282e-1 -6.620282e-1
2.307431e-1 2.230727e0 -7.7212396e-1 -7.7212396e-1
3.84588e-1 2.230727e0 -9.005316e-1 -9.005316e-1
5.384329e-1 2.230727e0 -1.05030339e0 -1.05030339e0
6.922778e-1 2.230727e0 -1.22495844e0 -1.22495844e0
8.461227e-1 2.230727e0 -1.42866496e0 -1.42866496e0
9.999677e-1 2.230727e0 -1.66627316e0 -1.66627316e0
1.1538126e0 2.230727e0 -1.94341054e0 -1.94341054e0
1.3076575e0 2.230727e0 -2.26662975e0 -2.26662975e0
1.4615024e0 2.230727e0 -2.643576e0 -2.643576e0
1.6153473e0 2.230727e0 -3.0832051e0 -3.0832051e0
1.7691922e0 2.230727e0 -3.59608075e0 -3.59608075e0
1.9230371e0 2.230727e0 -4.19406416e0 -4.19406416e0
2.076882e0 2.230727e0 -4.89159921e0 -4.89159921e0
2.230727e0 2.230727e0 -5.70511012e0 -5.70511012e0
2.3845718e0 2.230727e0 -6.6540602e0 -6.6540602e0
2.5384167e0 2.230727e0 -7.76078e0 -7.76078e0
2.6922617e0 2.230727e0 -9.0512921e0 -9.0512921e0
2.8461066e0 2.230727e0 -1.05566713e1 -1.05566713e1
2.9999515e0 2.230727e0 -1.2312052e1 -1.2312052e1

-3.0e0 2.3845718e0 -3.61869717e-2 -3.61869717e-2
-2.8461551e0 2.3845718e0 -4.22046896e-2 -4.22046896e-2
-2.6923102e0 2.3845718e0 -4.92241444e-2 -4.92241444e-2
-2.5384653e0 2.3845718e0 -5.74104787e-2 -5.74104787e-2
-2.3846204e0 2.3845718e0 -6.69592683e-2 -6.69592683e-2
-2.2307755e0 2.3845718e0 -7.8078256e-2 -7.8078256e-2
-2.0769305e0 2.3845718e0 -9.1088821e-2 -9.1088821e-2
-1.9230856e0 2.3845718e0 -1.06214635e-1 -1.06214635e-1
-1.7692407e0 2.3845718e0 -1.23877036e-1 -1.23877036e-1
-1.6153958e0 2.3845718e0 -1.44526868e-1 -1.44526868e-1
-1.4615509e0 2.3845718e0 -1.6851294e-1 -1.6851294e-1
-1.307706e0 2.3845718e0 -1.96583882e-1 -1.96583882e-1
-1.1538611e0 2.3845718e0 -2.2930666e-1 -2.2930666e-1
-1.0000162e0 2.3845718e0 -2.67386319e-1 -2.67386319e-1
-8.461713e-1 2.3845718e0 -3.1189135e-1 -3.1189135e-1
-6.923264e-1 2.3845718e0 -3.63802963e-1 -3.63802963e-1
-5.384814e-1 2.3845718e0 -4.24291353e-1 -4.24291353e-1
-3.846365e-1 2.3845718e0 -4.94883063e-1 -4.94883063e-1
-2.307916e-1 2.3845718e0 -5.77177063e-1 -5.77177063e-1
-7.69467e-2 2.3845718e0 -6.73150294e-1 -6.73150294e-1
7.68982e-2 2.3845718e0 -7.8493275e-1 -7.8493275e-1
2.307431e-1 2.3845718e0 -9.1546762e-1 -9.1546762e-1
3.84588e-1 2.3845718e0 -1.06771394e0 -1.06771394e0
5.384329e-1 2.3845718e0 -1.24529066e0 -1.24529066e0
6.922778e-1 2.3845718e0 -1.45237015e0 -1.45237015e0
8.461227e-1 2.3845718e0 -1.69389449e0 -1.69389449e0
9.999677e-1 2.3845718e0 -1.97561429e0 -1.97561429e0
1.1538126e0 2.3845718e0 -2.30420181e0 -2.30420181e0
1.3076575e0 2.3845718e0 -2.68742618e0 -2.68742618e0
1.4615024e0 2.3845718e0 -3.13435197e0 -3.13435197e0
1.6153473e0 2.3845718e0 -3.65559753e0 -3.65559753e0
1.7691922e0 2.3845718e0 -4.26368779e0 -4.26368779e0
1.9230371e0 2.3845718e0 -4.97268594e0 -4.97268594e0
2.076882e0 2.3845718e0 -5.79971735e0 -5.79971735e0
2.230727e0 2.3845718e0 -6.76425534e0 -6.76425534e0
2.3845718e0 2.3845718e0 -7.8893765e0 -7.8893765e0
2.5384167e0 2.3845718e0 -9.2015573e0 -9.2015573e0
2.6922617e0 2.3845718e0 -1.0731651e1 -1.0731651e1
2.8461066e0 2.3845718e0 -1.25165016e1 -1.25165016e1
2.9999515e0 2.3845718e0 -1.45977663e1 -1.45977663e1

-3.0e0 2.5384167e0 -4.09982939e-2 -4.09982939e-2
-2.8461551e0 2.5384167e0 -4.78161116e-2 -4.78161116e-2
-2.6923102e0 2.5384167e0 -5.5768854e-2 -5.5768854e-2
-2.5384653e0 2.5384167e0 -6.50436212e-2 -6.50436212e-2
-2.3846204e0 2.5384167e0 -7.58619922e-2 -7.58619922e-2
-2.2307755e0 2.5384167e0 -8.845933e-2 -8.845933e-2
-2.0769305e0 2.5384167e0 -1.03199745e-1 -1.03199745e-1
-1.9230856e0 2.5384167e0 -1.20336646e-1 -1.20336646e-1
-1.7692407e0 2.5384167e0 -1.40347392e-1 -1.40347392e-1
-1.6153958e0 2.5384167e0 -1.6374277e-1 -1.6374277e-1
-1.4615509e0 2.5384167e0 -1.90917966e-1 -1.90917966e-1
-1.307706e0 2.5384167e0 -2.22721146e-1 -2.22721146e-1
-1.1538611e0 2.5384167e0 -2.59794655e-1 -2.59794655e-1
-1.0000162e0 2.5384167e0 -3.02937283e-1 -3.02937283e-1
-8.461713e-1 2.5384167e0 -3.53359584e-1 -3.53359584e-1
-6.923264e-1 2.5384167e0 -4.12173225e-1 -4.12173225e-1
-5.384814e-1 2.5384167e0 -4.80703987e-1 -4.80703987e-1
-3.846365e-1 2.5384167e0 -5.60681381e-1 -5.60681381e-1
-2.307916e-1 2.5384167e0 -6.5391697e-1 -6.5391697e-1
-7.69467e-2 2.5384167e0 -7.62650545e-1 -7.62650545e-1
7.68982e-2 2.5384167e0 -8.892953e-1 -8.892953e-1
2.307431e-1 2.5384167e0 -1.03718573e0 -1.03718573e0
3.84588e-1 2.5384167e0 -1.20967432e0 -1.20967432e0
5.384329e-1 2.5384167e0 -1.41086116e0 -1.41086116e0
6.922778e-1 2.5384167e0 -1.64547337e0 -1.64547337e0
8.461227e-1 2.5384167e0 -1.91911014e0 -1.91911014e0
9.999677e-1 2.5384167e0 -2.23828665e0 -2.23828665e0
1.1538126e0 2.5384167e0 -2.61056227e0 -2.61056227e0
1.3076575e0 2.5384167e0 -3.04473914e0 -3.04473914e0
1.4615024e0 2.5384167e0 -3.55108696e0 -3.55108696e0
1.6153473e0 2.5384167e0 -4.14163594e0 -4.14163594e0
1.7691922e0 2.5384167e0 -4.83057625e0 -4.83057625e0
1.9230371e0 2.5384167e0 -5.63384087e0 -5.63384087e0
2.076882e0 2.5384167e0 -6.57083214e0 -6.57083214e0
2.230727e0 2.5384167e0 -7.6636125e0 -7.6636125e0
2.3845718e0 2.5384167e0 -8.9383269e0 -8.9383269e0
2.5384167e0 2.5384167e0 -1.04249716e1 -1.04249716e1
2.6922617e0 2.5384167e0 -1.21585023e1 -1.21585023e1
2.8461066e0 2.5384167e0 -1.4180662e1 -1.4180662e1
2.9999515e0 2.5384167e0 -1.6538646e1 -1.6538646e1

-3.0e0 2.6922617e0 -4.48422772e-2 -4.48422772e-2
-2.8461551e0 2.6922617e0 -5.22993306e-2 -5.22993306e-2
-2.6923102e0 2.6922617e0 -6.0997719e-2 -6.0997719e-2
-2.5384653e0 2.6922617e0 -7.11420844e-2 -7.11420844e-2
-2.3846204e0 2.6922617e0 -8.29747815e-2 -8.29747815e-2
-2.2307755e0 2.6922617e0 -9.6753241e-2 -9.6753241e-2
-2.0769305e0 2.6922617e0 -1.12875711e-1 -1.12875711e-1
-1.9230856e0 2.6922617e0 -1.3161936e-1 -1.3161936e-1
-1.7692407e0 2.6922617e0 -1.53506306e-1 -1.53506306e-1
-1.6153958e0 2.6922617e0 -1.79095226e-1 -1.79095226e-1
-1.4615509e0 2.6922617e0 -2.08818356e-1 -2.08818356e-1
-1.307706e0 2.6922617e0 -2.43603389e-1 -2.43603389e-1
-1.1538611e0 2.6922617e0 -2.84152896e-1 -2.84152896e-1
-1.0000162e0 2.6922617e0 -3.31340558e-1 -3.31340558e-1
-8.461713e-1 2.6922617e0 -3.86490434e-1 -3.86490434e-1
-6.923264e-1 2.6922617e0 -4.50818417e-1 -4.50818417e-1
-5.384814e-1 2.6922617e0 -5.25774596e-1 -5.25774596e-1
-3.846365e-1 2.6922617e0 -6.13250638e-1 -6.13250638e-1
-2.307916e-1 2.6922617e0 -7.15227956e-1 -7.15227956e-1
-7.69467e-2 2.6922617e0 -8.34156346e-1 -8.34156346e-1
7.68982e-2 2.6922617e0 -9.7267526e-1 -9.7267526e-1
2.307431e-1 2.6922617e0 -1.13443184e0 -1.13443184e0
3.84588e-1 2.6922617e0 -1.32309288e0 -1.32309288e0
5.384329e-1 2.6922617e0 -1.54314291e0 -1.54314291e0
6.922778e-1 2.6922617e0 -1.79975229e0 -1.79975229e0
8.461227e-1 2.6922617e0 -2.09904512e0 -2.09904512e0
9.999677e-1 2.6922617e0 -2.44814749e0 -2.44814749e0
1.1538126e0 2.6922617e0 -2.85532753e0 -2.85532753e0
1.3076575e0 2.6922617e0 -3.33021262e0 -3.33021262e0
1.4615024e0 2.6922617e0 -3.88403542e0 -3.88403542e0
1.6153473e0 2.6922617e0 -4.52995403e0 -4.52995403e0
1.7691922e0 2.6922617e0 -5.28348909e0 -5.28348909e0
1.9230371e0 2.6922617e0 -6.16206747e0 -6.16206747e0
2.076882e0 2.6922617e0 -7.18691066e0 -7.18691066e0
2.230727e0 2.6922617e0 -8.38214967e0 -8.38214967e0
2.3845718e0 2.6922617e0 -9.7763808e0 -9.7763808e0
2.5384167e0 2.6922617e0 -1.14024126e1 -1.14024126e1
2.6922617e0 2.6922617e0 -1.32984785e1 -1.32984785e1
2.8461066e0 2.6922617e0 -1.5510235e1 -1.5510235e1
2.9999515e0 2.6922617e0 -1.80893025e1 -1.80893025e1

-3.0e0 2.8461066e0 -4.76268031e-2 -4.76268031e-2
-2.8461551e0 2.8461066e0 -5.55469096e-2 -5.55469096e-2
-2.6923102e0 2.8461066e0 -6.47854332e-2 -6.47854332e-2
-2.5384653e0 2.8461066e0 -7.55597232e-2 -7.55597232e-2
-2.3846204e0 2.8461066e0 -8.81271834e-2 -8.81271834e-2
-2.2307755e0 2.8461066e0 -1.0276123e-1 -1.0276123e-1
-2.0769305e0 2.8461066e0 -1.19884842e-1 -1.19884842e-1
-1.9230856e0 2.8461066e0 -1.39792397e-1 -1.39792397e-1
-1.7692407e0 2.8461066e0 -1.63038434e-1 -1.63038434e-1
-1.6153958e0 2.8461066e0 -1.90216322e-1 -1.90216322e-1
-1.4615509e0 2.8461066e0 -2.21785141e-1 -2.21785141e-1
-1.307706e0 2.8461066e0 -2.58730183e-1 -2.58730183e-1
-1.1538611e0 2.8461066e0 -3.01797653e-1 -3.01797653e-1
-1.0000162e0 2.8461066e0 -3.51915482e-1 -3.51915482e-1
-8.461713e-1 2.8461066e0 -4.10489943e-1 -4.10489943e-1
-6.923264e-1 2.8461066e0 -4.78812437e-1 -4.78812437e-1
-5.384814e-1 2.8461066e0 -5.58423094e-1 -5.58423094e-1
-3.846365e-1 2.8461066e0 -6.51331049e-1 -6.51331049e-1
-2.307916e-1 2.8461066e0 -7.5964075e-1 -7.5964075e-1
-7.69467e-2 2.8461066e0 -8.85954118e-1 -8.85954118e-1
7.68982e-2 2.8461066e0 -1.03307451e0 -1.03307451e0
2.307431e-1 2.8461066e0 -1.20487552e0 -1.20487552e0
3.84588e-1 2.8461066e0 -1.40525166e0 -1.40525166e0
5.384329e-1 2.8461066e0 -1.63896593e0 -1.63896593e0
6.922778e-1 2.8461066e0 -1.9115097e0 -1.9115097e0
8.461227e-1 2.8461066e0 -2.22938742e0 -2.22938742e0
9.999677e-1 2.8461066e0 -2.60016765e0 -2.60016765e0
1.1538126e0 2.8461066e0 -3.03263194e0 -3.03263194e0
1.3076575e0 2.8461066e0 -3.53700551e0 -3.53700551e0
1.4615024e0 2.8461066e0 -4.12521848e0 -4.12521848e0
1.6153473e0 2.8461066e0 -4.81124605e0 -4.81124605e0
1.7691922e0 2.8461066e0 -5.61157262e0 -5.61157262e0
1.9230371e0 2.8461066e0 -6.5447072e0 -6.5447072e0
2.076882e0 2.8461066e0 -7.63318906e0 -7.63318906e0
2.230727e0 2.8461066e0 -8.90264763e0 -8.90264763e0
2.3845718e0 2.8461066e0 -1.03834549e1 -1.03834549e1
2.5384167e0 2.8461066e0 -1.21104568e1 -1.21104568e1
2.6922617e0 2.8461066e0 -1.41242609e1 -1.41242609e1
2.8461066e0 2.8461066e0 -1.64733585e1 -1.64733585e1
2.9999515e0 2.8461066e0 -1.92125758e1 -1.92125758e1

-3.0e0 2.9999515e0 -4.92851802e-2 -4.92851802e-2
-2.8461551e0 2.9999515e0 -5.74810667e-2 -5.74810667e-2
-2.6923102e0 2.9999515e0 -6.70412779e-2 -6.70412779e-2
-2.5384653e0 2.9999515e0 -7.81907312e-2 -7.81907312e-2
-2.3846204e0 2.9999515e0 -9.11957935e-2 -9.11957935e-2
-2.2307755e0 2.9999515e0 -1.06339401e-1 -1.06339401e-1
-2.0769305e0 2.9999515e0 -1.2405926e-1 -1.2405926e-1
-1.9230856e0 2.9999515e0 -1.44660002e-1 -1.44660002e-1
-1.7692407e0 2.9999515e0 -1.68715472e-1 -1.68715472e-1
-1.6153958e0 2.9999515e0 -1.96839702e-1 -1.96839702e-1
-1.4615509e0 2.9999515e0 -2.29507753e-1 -2.29507753e-1
-1.307706e0 2.9999515e0 -2.67739232e-1 -2.67739232e-1
-1.1538611e0 2.9999515e0 -3.12306322e-1 -3.12306322e-1
-1.0000162e0 2.9999515e0 -3.64169264e-1 -3.64169264e-1
-8.461713e-1 2.9999515e0 -4.24783304e-1 -4.24783304e-1
-6.923264e-1 2.9999515e0 -4.95484804e-1 -4.95484804e-1
-5.384814e-1 2.9999515e0 -5.77867525e-1 -5.77867525e-1
-3.846365e-1 2.9999515e0 -6.74010556e-1 -6.74010556e-1
-2.307916e-1 2.9999515e0 -7.86091628e-1 -7.86091628e-1
-7.69467e-2 2.9999515e0 -9.16803258e-1 -9.16803258e-1
7.68982e-2 2.9999515e0 -1.0690464e0 -1.0690464e0
2.307431e-1 2.9999515e0 -1.24682959e0 -1.24682959e0
3.84588e-1 2.9999515e0 -1.45418286e0 -1.45418286e0
5.384329e-1 2.9999515e0 -1.69603511e0 -1.69603511e0
6.922778e-1 2.9999515e0 -1.97806894e0 -1.97806894e0
8.461227e-1 2.9999515e0 -2.30701524e0 -2.30701524e0
9.999677e-1 2.9999515e0 -2.69070613e0 -2.69070613e0
1.1538126e0 2.9999515e0 -3.13822893e0 -3.13822893e0
1.3076575e0 2.9999515e0 -3.6601649e0 -3.6601649e0
1.4615024e0 2.9999515e0 -4.26885959e0 -4.26885959e0
1.6153473e0 2.9999515e0 -4.97877481e0 -4.97877481e0
1.7691922e0 2.9999515e0 -5.80696895e0 -5.80696895e0
1.9230371e0 2.9999515e0 -6.77259552e0 -6.77259552e0
2.076882e0 2.9999515e0 -7.89897858e0 -7.89897858e0
2.230727e0 2.9999515e0 -9.21264e0 -9.21264e0
2.3845718e0 2.9999515e0 -1.07450093e1 -1.07450093e1
2.5384167e0 2.9999515e0 -1.25321458e1 -1.25321458e1
2.6922617e0 2.9999515e0 -1.46160712e1 -1.46160712e1
2.8461066e0 2.9999515e0 -1.70469649e1 -1.70469649e1
2.9999515e0 2.9999515e0 -1.98815625e1 -1.98815625e1
