-3.0e0 -3.0e0 4.1208e-1 4.1208e-1
-2.8461551e0 -3.0e0 7.7472e-1 7.7472e-1
-2.6923102e0 -3.0e0 9.752e-1 9.752e-1
-2.5384653e0 -3.0e0 9.7163e-1 9.7163e-1
-2.3846204e0 -3.0e0 7.6472e-1 7.6472e-1
-2.2307755e0 -3.0e0 3.9778e-1 3.9778e-1
-2.0769305e0 -3.0e0 -5.237e-2 -5.237e-2
-1.9230856e0 -3.0e0 -4.9158e-1 -4.9158e-1
-1.7692407e0 -3.0e0 -8.2794e-1 -8.2794e-1
-1.6153958e0 -3.0e0 -9.9103e-1 -9.9103e-1
-1.4615509e0 -3.0e0 -9.4673e-1 -9.4673e-1
-1.307706e0 -3.0e0 -7.0433e-1 -7.0433e-1
-1.1538611e0 -3.0e0 -3.1453e-1 -3.1453e-1
-1.0000162e0 -3.0e0 1.4105e-1 1.4105e-1
-8.461713e-1 -3.0e0 5.6715e-1 5.6715e-1
-6.923264e-1 -3.0e0 8.7459e-1 8.7459e-1
-5.384814e-1 -3.0e0 9.9895e-1 9.9895e-1
-3.846365e-1 -3.0e0 9.1432e-1 9.1432e-1
-2.307916e-1 -3.0e0 6.3832e-1 6.3832e-1
-7.69467e-2 -3.0e0 2.2876e-1 2.2876e-1
7.68982e-2 -3.0e0 -2.2862e-1 -2.2862e-1
2.307431e-1 -3.0e0 -6.3821e-1 -6.3821e-1
3.84588e-1 -3.0e0 -9.1426e-1 -9.1426e-1
5.384329e-1 -3.0e0 -9.9895e-1 -9.9895e-1
6.922778e-1 -3.0e0 -8.7465e-1 -8.7465e-1
8.461227e-1 -3.0e0 -5.6728e-1 -5.6728e-1
9.999677e-1 -3.0e0 -1.412e-1 -1.412e-1
1.1538126e0 -3.0e0 3.144e-1 3.144e-1
1.3076575e0 -3.0e0 7.0422e-1 7.0422e-1
1.4615024e0 -3.0e0 9.4669e-1 9.4669e-1
1.6153473e0 -3.0e0 9.9103e-1 9.9103e-1
1.7691922e0 -3.0e0 8.2802e-1 8.2802e-1
1.9230371e0 -3.0e0 4.917e-1 4.917e-1
2.076882e0 -3.0e0 5.25e-2 5.25e-2
2.230727e0 -3.0e0 -3.9766e-1 -3.9766e-1
2.3845718e0 -3.0e0 -7.6463e-1 -7.6463e-1
2.5384167e0 -3.0e0 -9.716e-1 -9.716e-1
2.6922617e0 -3.0e0 -9.7523e-1 -9.7523e-1
2.8461066e0 -3.0e0 -7.748e-1 -7.748e-1
2.9999515e0 -3.0e0 -4.1223e-1 -4.1223e-1

-3.0e0 -2.8461551e0 7.7472e-1 7.7472e-1
-2.8461551e0 -2.8461551e0 9.6971e-1 9.6971e-1
-2.6923102e0 -2.8461551e0 9.8175e-1 9.8175e-1
-2.5384653e0 -2.8461551e0 8.0853e-1 8.0853e-1
-2.3846204e0 -2.8461551e0 4.8276e-1 4.8276e-1
-2.2307755e0 -2.8461551e0 6.587e-2 6.587e-2
-2.0769305e0 -2.8461551e0 -3.6339e-1 -3.6339e-1
-1.9230856e0 -2.8461551e0 -7.2409e-1 -7.2409e-1
-1.7692407e0 -2.8461551e0 -9.482e-1 -9.482e-1
-1.6153958e0 -2.8461551e0 -9.9338e-1 -9.9338e-1
-1.4615509e0 -2.8461551e0 -8.5112e-1 -8.5112e-1
-1.307706e0 -2.8461551e0 -5.4828e-1 -5.4828e-1
-1.1538611e0 -2.8461551e0 -1.4197e-1 -1.4197e-1
-1.0000162e0 -2.8461551e0 2.9109e-1 2.9109e-1
-8.461713e-1 -2.8461551e0 6.6928e-1 6.6928e-1
-6.923264e-1 -2.8461551e0 9.2116e-1 9.2116e-1
-5.384814e-1 -2.8461551e0 9.9924e-1 9.9924e-1
-3.846365e-1 -2.8461551e0 8.8876e-1 8.8876e-1
-2.307916e-1 -2.8461551e0 6.1061e-1 6.1061e-1
-7.69467e-2 -2.8461551e0 2.1724e-1 2.1724e-1
7.68982e-2 -2.8461551e0 -2.171e-1 -2.171e-1
2.307431e-1 -2.8461551e0 -6.105e-1 -6.105e-1
3.84588e-1 -2.8461551e0 -8.887e-1 -8.887e-1
5.384329e-1 -2.8461551e0 -9.9922e-1 -9.9922e-1
6.922778e-1 -2.8461551e0 -9.2122e-1 -9.2122e-1
8.461227e-1 -2.8461551e0 -6.6939e-1 -6.6939e-1
9.999677e-1 -2.8461551e0 -2.9123e-1 -2.9123e-1
1.1538126e0 -2.8461551e0 1.4183e-1 1.4183e-1
1.3076575e0 -2.8461551e0 5.4817e-1 5.4817e-1
1.4615024e0 -2.8461551e0 8.5104e-1 8.5104e-1
1.6153473e0 -2.8461551e0 9.9336e-1 9.9336e-1
1.7691922e0 -2.8461551e0 9.4824e-1 9.4824e-1
1.9230371e0 -2.8461551e0 7.242e-1 7.242e-1
2.076882e0 -2.8461551e0 3.6351e-1 3.6351e-1
2.230727e0 -2.8461551e0 -6.575e-2 -6.575e-2
2.3845718e0 -2.8461551e0 -4.8264e-1 -4.8264e-1
2.5384167e0 -2.8461551e0 -8.0846e-1 -8.0846e-1
2.6922617e0 -2.8461551e0 -9.8172e-1 -9.8172e-1
2.8461066e0 -2.8461551e0 -9.6976e-1 -9.6976e-1
2.9999515e0 -2.8461551e0 -7.748e-1 -7.748e-1

-3.0e0 -2.6923102e0 9.752e-1 9.752e-1
-2.8461551e0 -2.6923102e0 9.8175e-1 9.8175e-1
-2.6923102e0 -2.6923102e0 8.222e-1 8.222e-1
-2.5384653e0 -2.6923102e0 5.2364e-1 5.2364e-1
-2.3846204e0 -2.6923102e0 1.3652e-1 1.3652e-1
-2.2307755e0 -2.6923102e0 -2.7368e-1 -2.7368e-1
-2.0769305e0 -2.6923102e0 -6.3762e-1 -6.3762e-1
-1.9230856e0 -2.6923102e0 -8.937e-1 -8.937e-1
-1.7692407e0 -2.6923102e0 -9.9867e-1 -9.9867e-1
-1.6153958e0 -2.6923102e0 -9.3471e-1 -9.3471e-1
-1.4615509e0 -2.6923102e0 -7.1268e-1 -7.1268e-1
-1.307706e0 -2.6923102e0 -3.7012e-1 -3.7012e-1
-1.1538611e0 -2.6923102e0 3.502e-2 3.502e-2
-1.0000162e0 -2.6923102e0 4.3425e-1 4.3425e-1
-8.461713e-1 -2.6923102e0 7.6004e-1 7.6004e-1
-6.923264e-1 -2.6923102e0 9.5729e-1 9.5729e-1
-5.384814e-1 -2.6923102e0 9.9266e-1 9.9266e-1
-3.846365e-1 -2.6923102e0 8.601e-1 8.601e-1
-2.307916e-1 -2.6923102e0 5.821e-1 5.821e-1
-7.69467e-2 -2.6923102e0 2.0567e-1 2.0567e-1
7.68982e-2 -2.6923102e0 -2.0554e-1 -2.0554e-1
2.307431e-1 -2.6923102e0 -5.82e-1 -5.82e-1
3.84588e-1 -2.6923102e0 -8.6005e-1 -8.6005e-1
5.384329e-1 -2.6923102e0 -9.9266e-1 -9.9266e-1
6.922778e-1 -2.6923102e0 -9.5734e-1 -9.5734e-1
8.461227e-1 -2.6923102e0 -7.6013e-1 -7.6013e-1
9.999677e-1 -2.6923102e0 -4.3437e-1 -4.3437e-1
1.1538126e0 -2.6923102e0 -3.514e-2 -3.514e-2
1.3076575e0 -2.6923102e0 3.6998e-1 3.6998e-1
1.4615024e0 -2.6923102e0 7.1257e-1 7.1257e-1
1.6153473e0 -2.6923102e0 9.3468e-1 9.3468e-1
1.7691922e0 -2.6923102e0 9.9867e-1 9.9867e-1
1.9230371e0 -2.6923102e0 8.9375e-1 8.9375e-1
2.076882e0 -2.6923102e0 6.3771e-1 6.3771e-1
2.230727e0 -2.6923102e0 2.7382e-1 2.7382e-1
2.3845718e0 -2.6923102e0 -1.3638e-1 -1.3638e-1
2.5384167e0 -2.6923102e0 -5.2353e-1 -5.2353e-1
2.6922617e0 -2.6923102e0 -8.2213e-1 -8.2213e-1
2.8461066e0 -2.6923102e0 -9.8172e-1 -9.8172e-1
2.9999515e0 -2.6923102e0 -9.7523e-1 -9.7523e-1

-3.0e0 -2.5384653e0 9.7163e-1 9.7163e-1
-2.8461551e0 -2.5384653e0 8.0853e-1 8.0853e-1
-2.6923102e0 -2.5384653e0 5.2364e-1 5.2364e-1
-2.5384653e0 -2.5384653e0 1.5991e-1 1.5991e-1
-2.3846204e0 -2.5384653e0 -2.2786e-1 -2.2786e-1
-2.2307755e0 -2.5384653e0 -5.8136e-1 -5.8136e-1
-2.0769305e0 -2.5384653e0 -8.4732e-1 -8.4732e-1
-1.9230856e0 -2.5384653e0 -9.8566e-1 -9.8566e-1
-1.7692407e0 -2.5384653e0 -9.7559e-1 -9.7559e-1
-1.6153958e0 -2.5384653e0 -8.1862e-1 -8.1862e-1
-1.4615509e0 -2.5384653e0 -5.3835e-1 -5.3835e-1
-1.307706e0 -2.5384653e0 -1.7702e-1 -1.7702e-1
-1.1538611e0 -2.5384653e0 2.1095e-1 2.1095e-1
-1.0000162e0 -2.5384653e0 5.6714e-1 5.6714e-1
-8.461713e-1 -2.5384653e0 8.3798e-1 8.3798e-1
-6.923264e-1 -2.5384653e0 9.8259e-1 9.8259e-1
-5.384814e-1 -2.5384653e0 9.7925e-1 9.7925e-1
-3.846365e-1 -2.5384653e0 8.2846e-1 8.2846e-1
-2.307916e-1 -2.5384653e0 5.5287e-1 5.5287e-1
-7.69467e-2 -2.5384653e0 1.9406e-1 1.9406e-1
7.68982e-2 -2.5384653e0 -1.9395e-1 -1.9395e-1
2.307431e-1 -2.5384653e0 -5.5278e-1 -5.5278e-1
3.84588e-1 -2.5384653e0 -8.2838e-1 -8.2838e-1
5.384329e-1 -2.5384653e0 -9.7922e-1 -9.7922e-1
6.922778e-1 -2.5384653e0 -9.826e-1 -9.826e-1
8.461227e-1 -2.5384653e0 -8.3806e-1 -8.3806e-1
9.999677e-1 -2.5384653e0 -5.6726e-1 -5.6726e-1
1.1538126e0 -2.5384653e0 -2.1106e-1 -2.1106e-1
1.3076575e0 -2.5384653e0 1.769e-1 1.769e-1
1.4615024e0 -2.5384653e0 5.3824e-1 5.3824e-1
1.6153473e0 -2.5384653e0 8.1856e-1 8.1856e-1
1.7691922e0 -2.5384653e0 9.7556e-1 9.7556e-1
1.9230371e0 -2.5384653e0 9.8569e-1 9.8569e-1
2.076882e0 -2.5384653e0 8.474e-1 8.474e-1
2.230727e0 -2.5384653e0 5.8145e-1 5.8145e-1
2.3845718e0 -2.5384653e0 2.2798e-1 2.2798e-1
2.5384167e0 -2.5384653e0 -1.5979e-1 -1.5979e-1
2.6922617e0 -2.5384653e0 -5.2353e-1 -5.2353e-1
2.8461066e0 -2.5384653e0 -8.0846e-1 -8.0846e-1
2.9999515e0 -2.5384653e0 -9.716e-1 -9.716e-1

-3.0e0 -2.3846204e0 7.6472e-1 7.6472e-1
-2.8461551e0 -2.3846204e0 4.8276e-1 4.8276e-1
-2.6923102e0 -2.3846204e0 1.3652e-1 1.3652e-1
-2.5384653e0 -2.3846204e0 -2.2786e-1 -2.2786e-1
-2.3846204e0 -2.3846204e0 -5.6195e-1 -5.6195e-1
-2.2307755e0 -2.3846204e0 -8.2123e-1 -8.2123e-1
-2.0769305e0 -2.3846204e0 -9.7124e-1 -9.7124e-1
-1.9230856e0 -2.3846204e0 -9.9196e-1 -9.9196e-1
-1.7692407e0 -2.3846204e0 -8.8068e-1 -8.8068e-1
-1.6153958e0 -2.3846204e0 -6.5219e-1 -6.5219e-1
-1.4615509e0 -2.3846204e0 -3.369e-1 -3.369e-1
-1.307706e0 -2.3846204e0 2.32e-2 2.32e-2
-1.1538611e0 -2.3846204e0 3.8022e-1 3.8022e-1
-1.0000162e0 -2.3846204e0 6.8666e-1 6.8666e-1
-8.461713e-1 -2.3846204e0 9.017e-1 9.017e-1
-6.923264e-1 -2.3846204e0 9.9673e-1 9.9673e-1
-5.384814e-1 -2.3846204e0 9.5912e-1 9.5912e-1
-3.846365e-1 -2.3846204e0 7.9387e-1 7.9387e-1
-2.307916e-1 -2.3846204e0 5.2296e-1 5.2296e-1
-7.69467e-2 -2.3846204e0 1.8243e-1 1.8243e-1
7.68982e-2 -2.3846204e0 -1.8233e-1 -1.8233e-1
2.307431e-1 -2.3846204e0 -5.2286e-1 -5.2286e-1
3.84588e-1 -2.3846204e0 -7.9381e-1 -7.9381e-1
5.384329e-1 -2.3846204e0 -9.5909e-1 -9.5909e-1
6.922778e-1 -2.3846204e0 -9.9673e-1 -9.9673e-1
8.461227e-1 -2.3846204e0 -9.0175e-1 -9.0175e-1
9.999677e-1 -2.3846204e0 -6.8674e-1 -6.8674e-1
1.1538126e0 -2.3846204e0 -3.8034e-1 -3.8034e-1
1.3076575e0 -2.3846204e0 -2.33e-2 -2.33e-2
1.4615024e0 -2.3846204e0 3.368e-1 3.368e-1
1.6153473e0 -2.3846204e0 6.5211e-1 6.5211e-1
1.7691922e0 -2.3846204e0 8.8062e-1 8.8062e-1
1.9230371e0 -2.3846204e0 9.9194e-1 9.9194e-1
2.076882e0 -2.3846204e0 9.7125e-1 9.7125e-1
2.230727e0 -2.3846204e0 8.213e-1 8.213e-1
2.3845718e0 -2.3846204e0 5.6204e-1 5.6204e-1
2.5384167e0 -2.3846204e0 2.2798e-1 2.2798e-1
2.6922617e0 -2.3846204e0 -1.364e-1 -1.364e-1
2.8461066e0 -2.3846204e0 -4.8265e-1 -4.8265e-1
2.9999515e0 -2.3846204e0 -7.6466e-1 -7.6466e-1

-3.0e0 -2.2307755e0 3.9778e-1 3.9778e-1
-2.8461551e0 -2.2307755e0 6.587e-2 6.587e-2
-2.6923102e0 -2.2307755e0 -2.7368e-1 -2.7368e-1
-2.5384653e0 -2.2307755e0 -5.8136e-1 -5.8136e-1
-2.3846204e0 -2.2307755e0 -8.2123e-1 -8.2123e-1
-2.2307755e0 -2.2307755e0 -9.6533e-1 -9.6533e-1
-2.0769305e0 -2.2307755e0 -9.9681e-1 -9.9681e-1
-1.9230856e0 -2.2307755e0 -9.1206e-1 -9.1206e-1
-1.7692407e0 -2.2307755e0 -7.2093e-1 -7.2093e-1
-1.6153958e0 -2.2307755e0 -4.4571e-1 -4.4571e-1
-1.4615509e0 -2.2307755e0 -1.185e-1 -1.185e-1
-1.307706e0 -2.2307755e0 2.225e-1 2.225e-1
-1.1538611e0 -2.2307755e0 5.3757e-1 5.3757e-1
-1.0000162e0 -2.2307755e0 7.8995e-1 7.8995e-1
-8.461713e-1 -2.2307755e0 9.5021e-1 9.5021e-1
-6.923264e-1 -2.2307755e0 9.996e-1 9.996e-1
-5.384814e-1 -2.2307755e0 9.3245e-1 9.3245e-1
-3.846365e-1 -2.2307755e0 7.5653e-1 7.5653e-1
-2.307916e-1 -2.2307755e0 4.9237e-1 4.9237e-1
-7.69467e-2 -2.2307755e0 1.7078e-1 1.7078e-1
7.68982e-2 -2.2307755e0 -1.7068e-1 -1.7068e-1
2.307431e-1 -2.2307755e0 -4.9228e-1 -4.9228e-1
3.84588e-1 -2.2307755e0 -7.5647e-1 -7.5647e-1
5.384329e-1 -2.2307755e0 -9.324e-1 -9.324e-1
6.922778e-1 -2.2307755e0 -9.996e-1 -9.996e-1
8.461227e-1 -2.2307755e0 -9.5024e-1 -9.5024e-1
9.999677e-1 -2.2307755e0 -7.9001e-1 -7.9001e-1
1.1538126e0 -2.2307755e0 -5.3767e-1 -5.3767e-1
1.3076575e0 -2.2307755e0 -2.226e-1 -2.226e-1
1.4615024e0 -2.2307755e0 1.184e-1 1.184e-1
1.6153473e0 -2.2307755e0 4.456e-1 4.456e-1
1.7691922e0 -2.2307755e0 7.2086e-1 7.2086e-1
1.9230371e0 -2.2307755e0 9.1202e-1 9.1202e-1
2.076882e0 -2.2307755e0 9.968e-1 9.968e-1
2.230727e0 -2.2307755e0 9.6536e-1 9.6536e-1
2.3845718e0 -2.2307755e0 8.213e-1 8.213e-1
2.5384167e0 -2.2307755e0 5.8145e-1 5.8145e-1
2.6922617e0 -2.2307755e0 2.7379e-1 2.7379e-1
2.8461066e0 -2.2307755e0 -6.578e-2 -6.578e-2
2.9999515e0 -2.2307755e0 -3.9769e-1 -3.9769e-1

-3.0e0 -2.0769305e0 -5.237e-2 -5.237e-2
-2.8461551e0 -2.0769305e0 -3.6339e-1 -3.6339e-1
-2.6923102e0 -2.0769305e0 -6.3762e-1 -6.3762e-1
-2.5384653e0 -2.0769305e0 -8.4732e-1 -8.4732e-1
-2.3846204e0 -2.0769305e0 -9.7124e-1 -9.7124e-1
-2.2307755e0 -2.0769305e0 -9.9681e-1 -9.9681e-1
-2.0769305e0 -2.0769305e0 -9.2151e-1 -9.2151e-1
-1.9230856e0 -2.0769305e0 -7.5291e-1 -7.5291e-1
-1.7692407e0 -2.0769305e0 -5.081e-1 -5.081e-1
-1.6153958e0 -2.0769305e0 -2.1184e-1 -2.1184e-1
-1.4615509e0 -2.0769305e0 1.0583e-1 1.0583e-1
-1.307706e0 -2.0769305e0 4.1283e-1 4.1283e-1
-1.1538611e0 -2.0769305e0 6.7802e-1 6.7802e-1
-1.0000162e0 -2.0769305e0 8.746e-1 8.746e-1
-8.461713e-1 -2.0769305e0 9.8259e-1 9.8259e-1
-6.923264e-1 -2.0769305e0 9.9113e-1 9.9113e-1
-5.384814e-1 -2.0769305e0 8.9937e-1 8.9937e-1
-3.846365e-1 -2.0769305e0 7.1654e-1 7.1654e-1
-2.307916e-1 -2.0769305e0 4.6117e-1 4.6117e-1
-7.69467e-2 -2.0769305e0 1.5912e-1 1.5912e-1
7.68982e-2 -2.0769305e0 -1.5901e-1 -1.5901e-1
2.307431e-1 -2.0769305e0 -4.6106e-1 -4.6106e-1
3.84588e-1 -2.0769305e0 -7.1646e-1 -7.1646e-1
5.384329e-1 -2.0769305e0 -8.9932e-1 -8.9932e-1
6.922778e-1 -2.0769305e0 -9.9112e-1 -9.9112e-1
8.461227e-1 -2.0769305e0 -9.826e-1 -9.826e-1
9.999677e-1 -2.0769305e0 -8.7465e-1 -8.7465e-1
1.1538126e0 -2.0769305e0 -6.7809e-1 -6.7809e-1
1.3076575e0 -2.0769305e0 -4.1292e-1 -4.1292e-1
1.4615024e0 -2.0769305e0 -1.0593e-1 -1.0593e-1
1.6153473e0 -2.0769305e0 2.1173e-1 2.1173e-1
1.7691922e0 -2.0769305e0 5.0801e-1 5.0801e-1
1.9230371e0 -2.0769305e0 7.5285e-1 7.5285e-1
2.076882e0 -2.0769305e0 9.2148e-1 9.2148e-1
2.230727e0 -2.0769305e0 9.968e-1 9.968e-1
2.3845718e0 -2.0769305e0 9.7125e-1 9.7125e-1
2.5384167e0 -2.0769305e0 8.4738e-1 8.4738e-1
2.6922617e0 -2.0769305e0 6.377e-1 6.377e-1
2.8461066e0 -2.0769305e0 3.6346e-1 3.6346e-1
2.9999515e0 -2.0769305e0 5.244e-2 5.244e-2

-3.0e0 -1.9230856e0 -4.9158e-1 -4.9158e-1
-2.8461551e0 -1.9230856e0 -7.2409e-1 -7.2409e-1
-2.6923102e0 -1.9230856e0 -8.937e-1 -8.937e-1
-2.5384653e0 -1.9230856e0 -9.8566e-1 -9.8566e-1
-2.3846204e0 -1.9230856e0 -9.9196e-1 -9.9196e-1
-2.2307755e0 -1.9230856e0 -9.1206e-1 -9.1206e-1
-2.0769305e0 -1.9230856e0 -7.5291e-1 -7.5291e-1
-1.9230856e0 -1.9230856e0 -5.2834e-1 -5.2834e-1
-1.7692407e0 -1.9230856e0 -2.5784e-1 -2.5784e-1
-1.6153958e0 -1.9230856e0 3.502e-2 3.502e-2
-1.4615509e0 -1.9230856e0 3.2489e-1 3.2489e-1
-1.307706e0 -1.9230856e0 5.865e-1 5.865e-1
-1.1538611e0 -1.9230856e0 7.9716e-1 7.9716e-1
-1.0000162e0 -1.9230856e0 9.3854e-1 9.3854e-1
-8.461713e-1 -1.9230856e0 9.9837e-1 9.9837e-1
-6.923264e-1 -1.9230856e0 9.7145e-1 9.7145e-1
-5.384814e-1 -1.9230856e0 8.6009e-1 8.6009e-1
-3.846365e-1 -1.9230856e0 6.7403e-1 6.7403e-1
-2.307916e-1 -1.9230856e0 4.2937e-1 4.2937e-1
-7.69467e-2 -1.9230856e0 1.4742e-1 1.4742e-1
7.68982e-2 -1.9230856e0 -1.4732e-1 -1.4732e-1
2.307431e-1 -1.9230856e0 -4.2929e-1 -4.2929e-1
3.84588e-1 -1.9230856e0 -6.7395e-1 -6.7395e-1
5.384329e-1 -1.9230856e0 -8.6005e-1 -8.6005e-1
6.922778e-1 -1.9230856e0 -9.7142e-1 -9.7142e-1
8.461227e-1 -1.9230856e0 -9.9837e-1 -9.9837e-1
9.999677e-1 -1.9230856e0 -9.3857e-1 -9.3857e-1
1.1538126e0 -1.9230856e0 -7.9721e-1 -7.9721e-1
1.3076575e0 -1.9230856e0 -5.8658e-1 -5.8658e-1
1.4615024e0 -1.9230856e0 -3.2498e-1 -3.2498e-1
1.6153473e0 -1.9230856e0 -3.513e-2 -3.513e-2
1.7691922e0 -1.9230856e0 2.5775e-1 2.5775e-1
1.9230371e0 -1.9230856e0 5.2826e-1 5.2826e-1
2.076882e0 -1.9230856e0 7.5285e-1 7.5285e-1
2.230727e0 -1.9230856e0 9.1202e-1 9.1202e-1
2.3845718e0 -1.9230856e0 9.9196e-1 9.9196e-1
2.5384167e0 -1.9230856e0 9.8567e-1 9.8567e-1
2.6922617e0 -1.9230856e0 8.9374e-1 8.9374e-1
2.8461066e0 -1.9230856e0 7.2417e-1 7.2417e-1
2.9999515e0 -1.9230856e0 4.9167e-1 4.9167e-1

-3.0e0 -1.7692407e0 -8.2794e-1 -8.2794e-1
-2.8461551e0 -1.7692407e0 -9.482e-1 -9.482e-1
-2.6923102e0 -1.7692407e0 -9.9867e-1 -9.9867e-1
-2.5384653e0 -1.7692407e0 -9.7559e-1 -9.7559e-1
-2.3846204e0 -1.7692407e0 -8.8068e-1 -8.8068e-1
-2.2307755e0 -1.7692407e0 -7.2093e-1 -7.2093e-1
-2.0769305e0 -1.7692407e0 -5.081e-1 -5.081e-1
-1.9230856e0 -1.7692407e0 -2.5784e-1 -2.5784e-1
-1.7692407e0 -1.7692407e0 1.137e-2 1.137e-2
-1.6153958e0 -1.7692407e0 2.7975e-1 2.7975e-1
-1.4615509e0 -1.7692407e0 5.2757e-1 5.2757e-1
-1.307706e0 -1.7692407e0 7.365e-1 7.365e-1
-1.1538611e0 -1.7692407e0 8.9125e-1 8.9125e-1
-1.0000162e0 -1.7692407e0 9.8032e-1 9.8032e-1
-8.461713e-1 -1.7692407e0 9.9724e-1 9.9724e-1
-6.923264e-1 -1.7692407e0 9.4073e-1 9.4073e-1
-5.384814e-1 -1.7692407e0 8.1496e-1 8.1496e-1
-3.846365e-1 -1.7692407e0 6.2918e-1 6.2918e-1
-2.307916e-1 -1.7692407e0 3.9705e-1 3.9705e-1
-7.69467e-2 -1.7692407e0 1.357e-1 1.357e-1
7.68982e-2 -1.7692407e0 -1.356e-1 -1.356e-1
2.307431e-1 -1.7692407e0 -3.9696e-1 -3.9696e-1
3.84588e-1 -1.7692407e0 -6.291e-1 -6.291e-1
5.384329e-1 -1.7692407e0 -8.149e-1 -8.149e-1
6.922778e-1 -1.7692407e0 -9.407e-1 -9.407e-1
8.461227e-1 -1.7692407e0 -9.9722e-1 -9.9722e-1
9.999677e-1 -1.7692407e0 -9.8033e-1 -9.8033e-1
1.1538126e0 -1.7692407e0 -8.9128e-1 -8.9128e-1
1.3076575e0 -1.7692407e0 -7.3656e-1 -7.3656e-1
1.4615024e0 -1.7692407e0 -5.2763e-1 -5.2763e-1
1.6153473e0 -1.7692407e0 -2.7985e-1 -2.7985e-1
1.7691922e0 -1.7692407e0 -1.146e-2 -1.146e-2
1.9230371e0 -1.7692407e0 2.5775e-1 2.5775e-1
2.076882e0 -1.7692407e0 5.0803e-1 5.0803e-1
2.230727e0 -1.7692407e0 7.2089e-1 7.2089e-1
2.3845718e0 -1.7692407e0 8.8063e-1 8.8063e-1
2.5384167e0 -1.7692407e0 9.7556e-1 9.7556e-1
2.6922617e0 -1.7692407e0 9.9867e-1 9.9867e-1
2.8461066e0 -1.7692407e0 9.4823e-1 9.4823e-1
2.9999515e0 -1.7692407e0 8.2799e-1 8.2799e-1

-3.0e0 -1.6153958e0 -9.9103e-1 -9.9103e-1
-2.8461551e0 -1.6153958e0 -9.9338e-1 -9.9338e-1
-2.6923102e0 -1.6153958e0 -9.3471e-1 -9.3471e-1
-2.5384653e0 -1.6153958e0 -8.1862e-1 -8.1862e-1
-2.3846204e0 -1.6153958e0 -6.5219e-1 -6.5219e-1
-2.2307755e0 -1.6153958e0 -4.4571e-1 -4.4571e-1
-2.0769305e0 -1.6153958e0 -2.1184e-1 -2.1184e-1
-1.9230856e0 -1.6153958e0 3.502e-2 3.502e-2
-1.7692407e0 -1.6153958e0 2.7975e-1 2.7975e-1
-1.6153958e0 -1.6153958e0 5.0731e-1 5.0731e-1
-1.4615509e0 -1.6153958e0 7.0367e-1 7.0367e-1
-1.307706e0 -1.6153958e0 8.5683e-1 8.5683e-1
-1.1538611e0 -1.6153958e0 9.573e-1 9.573e-1
-1.0000162e0 -1.6153958e0 9.9895e-1 9.9895e-1
-8.461713e-1 -1.6153958e0 9.7923e-1 9.7923e-1
-6.923264e-1 -1.6153958e0 8.9937e-1 8.9937e-1
-5.384814e-1 -1.6153958e0 7.642e-1 7.642e-1
-3.846365e-1 -1.6153958e0 5.8209e-1 5.8209e-1
-2.307916e-1 -1.6153958e0 3.6421e-1 3.6421e-1
-7.69467e-2 -1.6153958e0 1.2396e-1 1.2396e-1
7.68982e-2 -1.6153958e0 -1.2389e-1 -1.2389e-1
2.307431e-1 -1.6153958e0 -3.6414e-1 -3.6414e-1
3.84588e-1 -1.6153958e0 -5.8203e-1 -5.8203e-1
5.384329e-1 -1.6153958e0 -7.6416e-1 -7.6416e-1
6.922778e-1 -1.6153958e0 -8.9934e-1 -8.9934e-1
8.461227e-1 -1.6153958e0 -9.7922e-1 -9.7922e-1
9.999677e-1 -1.6153958e0 -9.9896e-1 -9.9896e-1
1.1538126e0 -1.6153958e0 -9.573e-1 -9.573e-1
1.3076575e0 -1.6153958e0 -8.5687e-1 -8.5687e-1
1.4615024e0 -1.6153958e0 -7.0372e-1 -7.0372e-1
1.6153473e0 -1.6153958e0 -5.0737e-1 -5.0737e-1
1.7691922e0 -1.6153958e0 -2.7983e-1 -2.7983e-1
1.9230371e0 -1.6153958e0 -3.51e-2 -3.51e-2
2.076882e0 -1.6153958e0 2.1175e-1 2.1175e-1
2.230727e0 -1.6153958e0 4.4562e-1 4.4562e-1
2.3845718e0 -1.6153958e0 6.5213e-1 6.5213e-1
2.5384167e0 -1.6153958e0 8.1857e-1 8.1857e-1
2.6922617e0 -1.6153958e0 9.347e-1 9.347e-1
2.8461066e0 -1.6153958e0 9.9338e-1 9.9338e-1
2.9999515e0 -1.6153958e0 9.9101e-1 9.9101e-1

-3.0e0 -1.4615509e0 -9.4673e-1 -9.4673e-1
-2.8461551e0 -1.4615509e0 -8.5112e-1 -8.5112e-1
-2.6923102e0 -1.4615509e0 -7.1268e-1 -7.1268e-1
-2.5384653e0 -1.4615509e0 -5.3835e-1 -5.3835e-1
-2.3846204e0 -1.4615509e0 -3.369e-1 -3.369e-1
-2.2307755e0 -1.4615509e0 -1.185e-1 -1.185e-1
-2.0769305e0 -1.4615509e0 1.0583e-1 1.0583e-1
-1.9230856e0 -1.4615509e0 3.2489e-1 3.2489e-1
-1.7692407e0 -1.4615509e0 5.2757e-1 5.2757e-1
-1.6153958e0 -1.4615509e0 7.0367e-1 7.0367e-1
-1.4615509e0 -1.4615509e0 8.4436e-1 8.4436e-1
-1.307706e0 -1.4615509e0 9.4255e-1 9.4255e-1
-1.1538611e0 -1.4615509e0 9.9327e-1 9.9327e-1
-1.0000162e0 -1.4615509e0 9.94e-1 9.94e-1
-8.461713e-1 -1.4615509e0 9.4469e-1 9.4469e-1
-6.923264e-1 -1.4615509e0 8.4781e-1 8.4781e-1
-5.384814e-1 -1.4615509e0 7.0824e-1 7.0824e-1
-3.846365e-1 -1.4615509e0 5.33e-1 5.33e-1
-2.307916e-1 -1.4615509e0 3.3093e-1 3.3093e-1
-7.69467e-2 -1.4615509e0 1.122e-1 1.122e-1
7.68982e-2 -1.4615509e0 -1.1214e-1 -1.1214e-1
2.307431e-1 -1.4615509e0 -3.3086e-1 -3.3086e-1
3.84588e-1 -1.4615509e0 -5.3294e-1 -5.3294e-1
5.384329e-1 -1.4615509e0 -7.0818e-1 -7.0818e-1
6.922778e-1 -1.4615509e0 -8.4778e-1 -8.4778e-1
8.461227e-1 -1.4615509e0 -9.4466e-1 -9.4466e-1
9.999677e-1 -1.4615509e0 -9.94e-1 -9.94e-1
1.1538126e0 -1.4615509e0 -9.9327e-1 -9.9327e-1
1.3076575e0 -1.4615509e0 -9.4257e-1 -9.4257e-1
1.4615024e0 -1.4615509e0 -8.444e-1 -8.444e-1
1.6153473e0 -1.4615509e0 -7.0372e-1 -7.0372e-1
1.7691922e0 -1.4615509e0 -5.2763e-1 -5.2763e-1
1.9230371e0 -1.4615509e0 -3.2495e-1 -3.2495e-1
2.076882e0 -1.4615509e0 -1.0591e-1 -1.0591e-1
2.230727e0 -1.4615509e0 1.1844e-1 1.1844e-1
2.3845718e0 -1.4615509e0 3.3684e-1 3.3684e-1
2.5384167e0 -1.4615509e0 5.3828e-1 5.3828e-1
2.6922617e0 -1.4615509e0 7.1262e-1 7.1262e-1
2.8461066e0 -1.4615509e0 8.5109e-1 8.5109e-1
2.9999515e0 -1.4615509e0 9.4672e-1 9.4672e-1

-3.0e0 -1.307706e0 -7.0433e-1 -7.0433e-1
-2.8461551e0 -1.307706e0 -5.4828e-1 -5.4828e-1
-2.6923102e0 -1.307706e0 -3.7012e-1 -3.7012e-1
-2.5384653e0 -1.307706e0 -1.7702e-1 -1.7702e-1
-2.3846204e0 -1.307706e0 2.32e-2 2.32e-2
-2.2307755e0 -1.307706e0 2.225e-1 2.225e-1
-2.0769305e0 -1.307706e0 4.1283e-1 4.1283e-1
-1.9230856e0 -1.307706e0 5.865e-1 5.865e-1
-1.7692407e0 -1.307706e0 7.365e-1 7.365e-1
-1.6153958e0 -1.307706e0 8.5683e-1 8.5683e-1
-1.4615509e0 -1.307706e0 9.4255e-1 9.4255e-1
-1.307706e0 -1.307706e0 9.903e-1 9.903e-1
-1.1538611e0 -1.307706e0 9.9803e-1 9.9803e-1
-1.0000162e0 -1.307706e0 9.6558e-1 9.6558e-1
-8.461713e-1 -1.307706e0 8.941e-1 8.941e-1
-6.923264e-1 -1.307706e0 7.8662e-1 7.8662e-1
-5.384814e-1 -1.307706e0 6.4738e-1 6.4738e-1
-3.846365e-1 -1.307706e0 4.8203e-1 4.8203e-1
-2.307916e-1 -1.307706e0 2.9723e-1 2.9723e-1
-7.69467e-2 -1.307706e0 1.0043e-1 1.0043e-1
7.68982e-2 -1.307706e0 -1.0037e-1 -1.0037e-1
2.307431e-1 -1.307706e0 -2.9716e-1 -2.9716e-1
3.84588e-1 -1.307706e0 -4.8198e-1 -4.8198e-1
5.384329e-1 -1.307706e0 -6.4732e-1 -6.4732e-1
6.922778e-1 -1.307706e0 -7.8658e-1 -7.8658e-1
8.461227e-1 -1.307706e0 -8.9407e-1 -8.9407e-1
9.999677e-1 -1.307706e0 -9.6555e-1 -9.6555e-1
1.1538126e0 -1.307706e0 -9.9803e-1 -9.9803e-1
1.3076575e0 -1.307706e0 -9.9031e-1 -9.9031e-1
1.4615024e0 -1.307706e0 -9.4257e-1 -9.4257e-1
1.6153473e0 -1.307706e0 -8.5686e-1 -8.5686e-1
1.7691922e0 -1.307706e0 -7.3653e-1 -7.3653e-1
1.9230371e0 -1.307706e0 -5.8656e-1 -5.8656e-1
2.076882e0 -1.307706e0 -4.1287e-1 -4.1287e-1
2.230727e0 -1.307706e0 -2.2256e-1 -2.2256e-1
2.3845718e0 -1.307706e0 -2.325e-2 -2.325e-2
2.5384167e0 -1.307706e0 1.7696e-1 1.7696e-1
2.6922617e0 -1.307706e0 3.7006e-1 3.7006e-1
2.8461066e0 -1.307706e0 5.4823e-1 5.4823e-1
2.9999515e0 -1.307706e0 7.0428e-1 7.0428e-1

-3.0e0 -1.1538611e0 -3.1453e-1 -3.1453e-1
-2.8461551e0 -1.1538611e0 -1.4197e-1 -1.4197e-1
-2.6923102e0 -1.1538611e0 3.502e-2 3.502e-2
-2.5384653e0 -1.1538611e0 2.1095e-1 2.1095e-1
-2.3846204e0 -1.1538611e0 3.8022e-1 3.8022e-1
-2.2307755e0 -1.1538611e0 5.3757e-1 5.3757e-1
-2.0769305e0 -1.1538611e0 6.7802e-1 6.7802e-1
-1.9230856e0 -1.1538611e0 7.9716e-1 7.9716e-1
-1.7692407e0 -1.1538611e0 8.9125e-1 8.9125e-1
-1.6153958e0 -1.1538611e0 9.573e-1 9.573e-1
-1.4615509e0 -1.1538611e0 9.9327e-1 9.9327e-1
-1.307706e0 -1.1538611e0 9.9803e-1 9.9803e-1
-1.1538611e0 -1.1538611e0 9.7145e-1 9.7145e-1
-1.0000162e0 -1.1538611e0 9.1432e-1 9.1432e-1
-8.461713e-1 -1.1538611e0 8.2845e-1 8.2845e-1
-6.923264e-1 -1.1538611e0 7.1652e-1 7.1652e-1
-5.384814e-1 -1.1538611e0 5.8208e-1 5.8208e-1
-3.846365e-1 -1.1538611e0 4.2935e-1 4.2935e-1
-2.307916e-1 -1.1538611e0 2.6314e-1 2.6314e-1
-7.69467e-2 -1.1538611e0 8.865e-2 8.865e-2
7.68982e-2 -1.1538611e0 -8.861e-2 -8.861e-2
2.307431e-1 -1.1538611e0 -2.6309e-1 -2.6309e-1
3.84588e-1 -1.1538611e0 -4.293e-1 -4.293e-1
5.384329e-1 -1.1538611e0 -5.8205e-1 -5.8205e-1
6.922778e-1 -1.1538611e0 -7.1649e-1 -7.1649e-1
8.461227e-1 -1.1538611e0 -8.2841e-1 -8.2841e-1
9.999677e-1 -1.1538611e0 -9.1428e-1 -9.1428e-1
1.1538126e0 -1.1538611e0 -9.7144e-1 -9.7144e-1
1.3076575e0 -1.1538611e0 -9.9803e-1 -9.9803e-1
1.4615024e0 -1.1538611e0 -9.9329e-1 -9.9329e-1
1.6153473e0 -1.1538611e0 -9.573e-1 -9.573e-1
1.7691922e0 -1.1538611e0 -8.9128e-1 -8.9128e-1
1.9230371e0 -1.1538611e0 -7.972e-1 -7.972e-1
2.076882e0 -1.1538611e0 -6.7805e-1 -6.7805e-1
2.230727e0 -1.1538611e0 -5.3761e-1 -5.3761e-1
2.3845718e0 -1.1538611e0 -3.8028e-1 -3.8028e-1
2.5384167e0 -1.1538611e0 -2.11e-1 -2.11e-1
2.6922617e0 -1.1538611e0 -3.506e-2 -3.506e-2
2.8461066e0 -1.1538611e0 1.4192e-1 1.4192e-1
2.9999515e0 -1.1538611e0 3.1448e-1 3.1448e-1

-3.0e0 -1.0000162e0 1.4105e-1 1.4105e-1
-2.8461551e0 -1.0000162e0 2.9109e-1 2.9109e-1
-2.6923102e0 -1.0000162e0 4.3425e-1 4.3425e-1
-2.5384653e0 -1.0000162e0 5.6714e-1 5.6714e-1
-2.3846204e0 -1.0000162e0 6.8666e-1 6.8666e-1
-2.2307755e0 -1.0000162e0 7.8995e-1 7.8995e-1
-2.0769305e0 -1.0000162e0 8.746e-1 8.746e-1
-1.9230856e0 -1.0000162e0 9.3854e-1 9.3854e-1
-1.7692407e0 -1.0000162e0 9.8032e-1 9.8032e-1
-1.6153958e0 -1.0000162e0 9.9895e-1 9.9895e-1
-1.4615509e0 -1.0000162e0 9.94e-1 9.94e-1
-1.307706e0 -1.0000162e0 9.6558e-1 9.6558e-1
-1.1538611e0 -1.0000162e0 9.1432e-1 9.1432e-1
-1.0000162e0 -1.0000162e0 8.4145e-1 8.4145e-1
-8.461713e-1 -1.0000162e0 7.4872e-1 7.4872e-1
-6.923264e-1 -1.0000162e0 6.383e-1 6.383e-1
-5.384814e-1 -1.0000162e0 5.1282e-1 5.1282e-1
-3.846365e-1 -1.0000162e0 3.752e-1 3.752e-1
-2.307916e-1 -1.0000162e0 2.2871e-1 2.2871e-1
-7.69467e-2 -1.0000162e0 7.686e-2 7.686e-2
7.68982e-2 -1.0000162e0 -7.681e-2 -7.681e-2
2.307431e-1 -1.0000162e0 -2.2867e-1 -2.2867e-1
3.84588e-1 -1.0000162e0 -3.7517e-1 -3.7517e-1
5.384329e-1 -1.0000162e0 -5.1279e-1 -5.1279e-1
6.922778e-1 -1.0000162e0 -6.3826e-1 -6.3826e-1
8.461227e-1 -1.0000162e0 -7.4867e-1 -7.4867e-1
9.999677e-1 -1.0000162e0 -8.4142e-1 -8.4142e-1
1.1538126e0 -1.0000162e0 -9.1429e-1 -9.1429e-1
1.3076575e0 -1.0000162e0 -9.6556e-1 -9.6556e-1
1.4615024e0 -1.0000162e0 -9.9399e-1 -9.9399e-1
1.6153473e0 -1.0000162e0 -9.9896e-1 -9.9896e-1
1.7691922e0 -1.0000162e0 -9.8033e-1 -9.8033e-1
1.9230371e0 -1.0000162e0 -9.3857e-1 -9.3857e-1
2.076882e0 -1.0000162e0 -8.746e-1 -8.746e-1
2.230727e0 -1.0000162e0 -7.8998e-1 -7.8998e-1
2.3845718e0 -1.0000162e0 -6.8669e-1 -6.8669e-1
2.5384167e0 -1.0000162e0 -5.6718e-1 -5.6718e-1
2.6922617e0 -1.0000162e0 -4.343e-1 -4.343e-1
2.8461066e0 -1.0000162e0 -2.9114e-1 -2.9114e-1
2.9999515e0 -1.0000162e0 -1.4111e-1 -1.4111e-1

-3.0e0 -8.461713e-1 5.6715e-1 5.6715e-1
-2.8461551e0 -8.461713e-1 6.6928e-1 6.6928e-1
-2.6923102e0 -8.461713e-1 7.6004e-1 7.6004e-1
-2.5384653e0 -8.461713e-1 8.3798e-1 8.3798e-1
-2.3846204e0 -8.461713e-1 9.017e-1 9.017e-1
-2.2307755e0 -8.461713e-1 9.5021e-1 9.5021e-1
-2.0769305e0 -8.461713e-1 9.8259e-1 9.8259e-1
-1.9230856e0 -8.461713e-1 9.9837e-1 9.9837e-1
-1.7692407e0 -8.461713e-1 9.9724e-1 9.9724e-1
-1.6153958e0 -8.461713e-1 9.7923e-1 9.7923e-1
-1.4615509e0 -8.461713e-1 9.4469e-1 9.4469e-1
-1.307706e0 -8.461713e-1 8.941e-1 8.941e-1
-1.1538611e0 -8.461713e-1 8.2845e-1 8.2845e-1
-1.0000162e0 -8.461713e-1 7.4872e-1 7.4872e-1
-8.461713e-1 -8.461713e-1 6.5637e-1 6.5637e-1
-6.923264e-1 -8.461713e-1 5.5286e-1 5.5286e-1
-5.384814e-1 -8.461713e-1 4.4002e-1 4.4002e-1
-3.846365e-1 -8.461713e-1 3.1973e-1 3.1973e-1
-2.307916e-1 -8.461713e-1 1.9403e-1 1.9403e-1
-7.69467e-2 -8.461713e-1 6.505e-2 6.505e-2
7.68982e-2 -8.461713e-1 -6.502e-2 -6.502e-2
2.307431e-1 -8.461713e-1 -1.9398e-1 -1.9398e-1
3.84588e-1 -8.461713e-1 -3.197e-1 -3.197e-1
5.384329e-1 -8.461713e-1 -4.3997e-1 -4.3997e-1
6.922778e-1 -8.461713e-1 -5.5283e-1 -5.5283e-1
8.461227e-1 -8.461713e-1 -6.5634e-1 -6.5634e-1
9.999677e-1 -8.461713e-1 -7.4869e-1 -7.4869e-1
1.1538126e0 -8.461713e-1 -8.2843e-1 -8.2843e-1
1.3076575e0 -8.461713e-1 -8.9409e-1 -8.9409e-1
1.4615024e0 -8.461713e-1 -9.4469e-1 -9.4469e-1
1.6153473e0 -8.461713e-1 -9.7923e-1 -9.7923e-1
1.7691922e0 -8.461713e-1 -9.9724e-1 -9.9724e-1
1.9230371e0 -8.461713e-1 -9.9835e-1 -9.9835e-1
2.076882e0 -8.461713e-1 -9.8259e-1 -9.8259e-1
2.230727e0 -8.461713e-1 -9.5021e-1 -9.5021e-1
2.3845718e0 -8.461713e-1 -9.017e-1 -9.017e-1
2.5384167e0 -8.461713e-1 -8.3801e-1 -8.3801e-1
2.6922617e0 -8.461713e-1 -7.6007e-1 -7.6007e-1
2.8461066e0 -8.461713e-1 -6.6931e-1 -6.6931e-1
2.9999515e0 -8.461713e-1 -5.6718e-1 -5.6718e-1

-3.0e0 -6.923264e-1 8.7459e-1 8.7459e-1
-2.8461551e0 -6.923264e-1 9.2116e-1 9.2116e-1
-2.6923102e0 -6.923264e-1 9.5729e-1 9.5729e-1
-2.5384653e0 -6.923264e-1 9.8259e-1 9.8259e-1
-2.3846204e0 -6.923264e-1 9.9673e-1 9.9673e-1
-2.2307755e0 -6.923264e-1 9.996e-1 9.996e-1
-2.0769305e0 -6.923264e-1 9.9113e-1 9.9113e-1
-1.9230856e0 -6.923264e-1 9.7145e-1 9.7145e-1
-1.7692407e0 -6.923264e-1 9.4073e-1 9.4073e-1
-1.6153958e0 -6.923264e-1 8.9937e-1 8.9937e-1
-1.4615509e0 -6.923264e-1 8.4781e-1 8.4781e-1
-1.307706e0 -6.923264e-1 7.8662e-1 7.8662e-1
-1.1538611e0 -6.923264e-1 7.1652e-1 7.1652e-1
-1.0000162e0 -6.923264e-1 6.383e-1 6.383e-1
-8.461713e-1 -6.923264e-1 5.5286e-1 5.5286e-1
-6.923264e-1 -6.923264e-1 4.6115e-1 4.6115e-1
-5.384814e-1 -6.923264e-1 3.642e-1 3.642e-1
-3.846365e-1 -6.923264e-1 2.6312e-1 2.6312e-1
-2.307916e-1 -6.923264e-1 1.5907e-1 1.5907e-1
-7.69467e-2 -6.923264e-1 5.324e-2 5.324e-2
7.68982e-2 -6.923264e-1 -5.32e-2 -5.32e-2
2.307431e-1 -6.923264e-1 -1.5904e-1 -1.5904e-1
3.84588e-1 -6.923264e-1 -2.631e-1 -2.631e-1
5.384329e-1 -6.923264e-1 -3.6417e-1 -3.6417e-1
6.922778e-1 -6.923264e-1 -4.611e-1 -4.611e-1
8.461227e-1 -6.923264e-1 -5.5283e-1 -5.5283e-1
9.999677e-1 -6.923264e-1 -6.3828e-1 -6.3828e-1
1.1538126e0 -6.923264e-1 -7.1649e-1 -7.1649e-1
1.3076575e0 -6.923264e-1 -7.8659e-1 -7.8659e-1
1.4615024e0 -6.923264e-1 -8.478e-1 -8.478e-1
1.6153473e0 -6.923264e-1 -8.9934e-1 -8.9934e-1
1.7691922e0 -6.923264e-1 -9.4073e-1 -9.4073e-1
1.9230371e0 -6.923264e-1 -9.7144e-1 -9.7144e-1
2.076882e0 -6.923264e-1 -9.9113e-1 -9.9113e-1
2.230727e0 -6.923264e-1 -9.996e-1 -9.996e-1
2.3845718e0 -6.923264e-1 -9.9673e-1 -9.9673e-1
2.5384167e0 -6.923264e-1 -9.8259e-1 -9.8259e-1
2.6922617e0 -6.923264e-1 -9.573e-1 -9.573e-1
2.8461066e0 -6.923264e-1 -9.2117e-1 -9.2117e-1
2.9999515e0 -6.923264e-1 -8.746e-1 -8.746e-1

-3.0e0 -5.384814e-1 9.9895e-1 9.9895e-1
-2.8461551e0 -5.384814e-1 9.9924e-1 9.9924e-1
-2.6923102e0 -5.384814e-1 9.9266e-1 9.9266e-1
-2.5384653e0 -5.384814e-1 9.7925e-1 9.7925e-1
-2.3846204e0 -5.384814e-1 9.5912e-1 9.5912e-1
-2.2307755e0 -5.384814e-1 9.3245e-1 9.3245e-1
-2.0769305e0 -5.384814e-1 8.9937e-1 8.9937e-1
-1.9230856e0 -5.384814e-1 8.6009e-1 8.6009e-1
-1.7692407e0 -5.384814e-1 8.1496e-1 8.1496e-1
-1.6153958e0 -5.384814e-1 7.642e-1 7.642e-1
-1.4615509e0 -5.384814e-1 7.0824e-1 7.0824e-1
-1.307706e0 -5.384814e-1 6.4738e-1 6.4738e-1
-1.1538611e0 -5.384814e-1 5.8208e-1 5.8208e-1
-1.0000162e0 -5.384814e-1 5.1282e-1 5.1282e-1
-8.461713e-1 -5.384814e-1 4.4002e-1 4.4002e-1
-6.923264e-1 -5.384814e-1 3.642e-1 3.642e-1
-5.384814e-1 -5.384814e-1 2.8589e-1 2.8589e-1
-3.846365e-1 -5.384814e-1 2.0563e-1 2.0563e-1
-2.307916e-1 -5.384814e-1 1.2395e-1 1.2395e-1
-7.69467e-2 -5.384814e-1 4.14e-2 4.14e-2
7.68982e-2 -5.384814e-1 -4.138e-2 -4.138e-2
2.307431e-1 -5.384814e-1 -1.2392e-1 -1.2392e-1
3.84588e-1 -5.384814e-1 -2.056e-1 -2.056e-1
5.384329e-1 -5.384814e-1 -2.8586e-1 -2.8586e-1
6.922778e-1 -5.384814e-1 -3.6417e-1 -3.6417e-1
8.461227e-1 -5.384814e-1 -4.4e-1 -4.4e-1
9.999677e-1 -5.384814e-1 -5.128e-1 -5.128e-1
1.1538126e0 -5.384814e-1 -5.8206e-1 -5.8206e-1
1.3076575e0 -5.384814e-1 -6.4735e-1 -6.4735e-1
1.4615024e0 -5.384814e-1 -7.082e-1 -7.082e-1
1.6153473e0 -5.384814e-1 -7.6419e-1 -7.6419e-1
1.7691922e0 -5.384814e-1 -8.1493e-1 -8.1493e-1
1.9230371e0 -5.384814e-1 -8.6008e-1 -8.6008e-1
2.076882e0 -5.384814e-1 -8.9935e-1 -8.9935e-1
2.230727e0 -5.384814e-1 -9.3245e-1 -9.3245e-1
2.3845718e0 -5.384814e-1 -9.591e-1 -9.591e-1
2.5384167e0 -5.384814e-1 -9.7923e-1 -9.7923e-1
2.6922617e0 -5.384814e-1 -9.9268e-1 -9.9268e-1
2.8461066e0 -5.384814e-1 -9.9922e-1 -9.9922e-1
2.9999515e0 -5.384814e-1 -9.9895e-1 -9.9895e-1

-3.0e0 -3.846365e-1 9.1432e-1 9.1432e-1
-2.8461551e0 -3.846365e-1 8.8876e-1 8.8876e-1
-2.6923102e0 -3.846365e-1 8.601e-1 8.601e-1
-2.5384653e0 -3.846365e-1 8.2846e-1 8.2846e-1
-2.3846204e0 -3.846365e-1 7.9387e-1 7.9387e-1
-2.2307755e0 -3.846365e-1 7.5653e-1 7.5653e-1
-2.0769305e0 -3.846365e-1 7.1654e-1 7.1654e-1
-1.9230856e0 -3.846365e-1 6.7403e-1 6.7403e-1
-1.7692407e0 -3.846365e-1 6.2918e-1 6.2918e-1
-1.6153958e0 -3.846365e-1 5.8209e-1 5.8209e-1
-1.4615509e0 -3.846365e-1 5.33e-1 5.33e-1
-1.307706e0 -3.846365e-1 4.8203e-1 4.8203e-1
-1.1538611e0 -3.846365e-1 4.2935e-1 4.2935e-1
-1.0000162e0 -3.846365e-1 3.752e-1 3.752e-1
-8.461713e-1 -3.846365e-1 3.1973e-1 3.1973e-1
-6.923264e-1 -3.846365e-1 2.6312e-1 2.6312e-1
-5.384814e-1 -3.846365e-1 2.0563e-1 2.0563e-1
-3.846365e-1 -3.846365e-1 1.4738e-1 1.4738e-1
-2.307916e-1 -3.846365e-1 8.864e-2 8.864e-2
-7.69467e-2 -3.846365e-1 2.959e-2 2.959e-2
7.68982e-2 -3.846365e-1 -2.956e-2 -2.956e-2
2.307431e-1 -3.846365e-1 -8.862e-2 -8.862e-2
3.84588e-1 -3.846365e-1 -1.4737e-1 -1.4737e-1
5.384329e-1 -3.846365e-1 -2.0561e-1 -2.0561e-1
6.922778e-1 -3.846365e-1 -2.6312e-1 -2.6312e-1
8.461227e-1 -3.846365e-1 -3.1972e-1 -3.1972e-1
9.999677e-1 -3.846365e-1 -3.752e-1 -3.752e-1
1.1538126e0 -3.846365e-1 -4.2935e-1 -4.2935e-1
1.3076575e0 -3.846365e-1 -4.8201e-1 -4.8201e-1
1.4615024e0 -3.846365e-1 -5.3297e-1 -5.3297e-1
1.6153473e0 -3.846365e-1 -5.8208e-1 -5.8208e-1
1.7691922e0 -3.846365e-1 -6.2915e-1 -6.2915e-1
1.9230371e0 -3.846365e-1 -6.7401e-1 -6.7401e-1
2.076882e0 -3.846365e-1 -7.1652e-1 -7.1652e-1
2.230727e0 -3.846365e-1 -7.5652e-1 -7.5652e-1
2.3845718e0 -3.846365e-1 -7.9385e-1 -7.9385e-1
2.5384167e0 -3.846365e-1 -8.2845e-1 -8.2845e-1
2.6922617e0 -3.846365e-1 -8.6009e-1 -8.6009e-1
2.8461066e0 -3.846365e-1 -8.8876e-1 -8.8876e-1
2.9999515e0 -3.846365e-1 -9.143e-1 -9.143e-1

-3.0e0 -2.307916e-1 6.3832e-1 6.3832e-1
-2.8461551e0 -2.307916e-1 6.1061e-1 6.1061e-1
-2.6923102e0 -2.307916e-1 5.821e-1 5.821e-1
-2.5384653e0 -2.307916e-1 5.5287e-1 5.5287e-1
-2.3846204e0 -2.307916e-1 5.2296e-1 5.2296e-1
-2.2307755e0 -2.307916e-1 4.9237e-1 4.9237e-1
-2.0769305e0 -2.307916e-1 4.6117e-1 4.6117e-1
-1.9230856e0 -2.307916e-1 4.2937e-1 4.2937e-1
-1.7692407e0 -2.307916e-1 3.9705e-1 3.9705e-1
-1.6153958e0 -2.307916e-1 3.6421e-1 3.6421e-1
-1.4615509e0 -2.307916e-1 3.3093e-1 3.3093e-1
-1.307706e0 -2.307916e-1 2.9723e-1 2.9723e-1
-1.1538611e0 -2.307916e-1 2.6314e-1 2.6314e-1
-1.0000162e0 -2.307916e-1 2.2871e-1 2.2871e-1
-8.461713e-1 -2.307916e-1 1.9403e-1 1.9403e-1
-6.923264e-1 -2.307916e-1 1.5907e-1 1.5907e-1
-5.384814e-1 -2.307916e-1 1.2395e-1 1.2395e-1
-3.846365e-1 -2.307916e-1 8.864e-2 8.864e-2
-2.307916e-1 -2.307916e-1 5.324e-2 5.324e-2
-7.69467e-2 -2.307916e-1 1.775e-2 1.775e-2
7.68982e-2 -2.307916e-1 -1.773e-2 -1.773e-2
2.307431e-1 -2.307916e-1 -5.322e-2 -5.322e-2
3.84588e-1 -2.307916e-1 -8.864e-2 -8.864e-2
5.384329e-1 -2.307916e-1 -1.2393e-1 -1.2393e-1
6.922778e-1 -2.307916e-1 -1.5907e-1 -1.5907e-1
8.461227e-1 -2.307916e-1 -1.9402e-1 -1.9402e-1
9.999677e-1 -2.307916e-1 -2.2871e-1 -2.2871e-1
1.1538126e0 -2.307916e-1 -2.6314e-1 -2.6314e-1
1.3076575e0 -2.307916e-1 -2.9721e-1 -2.9721e-1
1.4615024e0 -2.307916e-1 -3.3093e-1 -3.3093e-1
1.6153473e0 -2.307916e-1 -3.6421e-1 -3.6421e-1
1.7691922e0 -2.307916e-1 -3.9703e-1 -3.9703e-1
1.9230371e0 -2.307916e-1 -4.2937e-1 -4.2937e-1
2.076882e0 -2.307916e-1 -4.6115e-1 -4.6115e-1
2.230727e0 -2.307916e-1 -4.9236e-1 -4.9236e-1
2.3845718e0 -2.307916e-1 -5.2295e-1 -5.2295e-1
2.5384167e0 -2.307916e-1 -5.5287e-1 -5.5287e-1
2.6922617e0 -2.307916e-1 -5.8209e-1 -5.8209e-1
2.8461066e0 -2.307916e-1 -6.106e-1 -6.106e-1
2.9999515e0 -2.307916e-1 -6.3832e-1 -6.3832e-1

-3.0e0 -7.69467e-2 2.2876e-1 2.2876e-1
-2.8461551e0 -7.69467e-2 2.1724e-1 2.1724e-1
-2.6923102e0 -7.69467e-2 2.0567e-1 2.0567e-1
-2.5384653e0 -7.69467e-2 1.9406e-1 1.9406e-1
-2.3846204e0 -7.69467e-2 1.8243e-1 1.8243e-1
-2.2307755e0 -7.69467e-2 1.7078e-1 1.7078e-1
-2.0769305e0 -7.69467e-2 1.5912e-1 1.5912e-1
-1.9230856e0 -7.69467e-2 1.4742e-1 1.4742e-1
-1.7692407e0 -7.69467e-2 1.357e-1 1.357e-1
-1.6153958e0 -7.69467e-2 1.2396e-1 1.2396e-1
-1.4615509e0 -7.69467e-2 1.122e-1 1.122e-1
-1.307706e0 -7.69467e-2 1.0043e-1 1.0043e-1
-1.1538611e0 -7.69467e-2 8.865e-2 8.865e-2
-1.0000162e0 -7.69467e-2 7.686e-2 7.686e-2
-8.461713e-1 -7.69467e-2 6.505e-2 6.505e-2
-6.923264e-1 -7.69467e-2 5.324e-2 5.324e-2
-5.384814e-1 -7.69467e-2 4.14e-2 4.14e-2
-3.846365e-1 -7.69467e-2 2.959e-2 2.959e-2
-2.307916e-1 -7.69467e-2 1.775e-2 1.775e-2
-7.69467e-2 -7.69467e-2 5.92e-3 5.92e-3
7.68982e-2 -7.69467e-2 -5.9e-3 -5.9e-3
2.307431e-1 -7.69467e-2 -1.775e-2 -1.775e-2
3.84588e-1 -7.69467e-2 -2.957e-2 -2.957e-2
5.384329e-1 -7.69467e-2 -4.141e-2 -4.141e-2
6.922778e-1 -7.69467e-2 -5.324e-2 -5.324e-2
8.461227e-1 -7.69467e-2 -6.506e-2 -6.506e-2
9.999677e-1 -7.69467e-2 -7.684e-2 -7.684e-2
1.1538126e0 -7.69467e-2 -8.864e-2 -8.864e-2
1.3076575e0 -7.69467e-2 -1.0042e-1 -1.0042e-1
1.4615024e0 -7.69467e-2 -1.122e-1 -1.122e-1
1.6153473e0 -7.69467e-2 -1.2396e-1 -1.2396e-1
1.7691922e0 -7.69467e-2 -1.357e-1 -1.357e-1
1.9230371e0 -7.69467e-2 -1.474e-1 -1.474e-1
2.076882e0 -7.69467e-2 -1.591e-1 -1.591e-1
2.230727e0 -7.69467e-2 -1.7079e-1 -1.7079e-1
2.3845718e0 -7.69467e-2 -1.8243e-1 -1.8243e-1
2.5384167e0 -7.69467e-2 -1.9406e-1 -1.9406e-1
2.6922617e0 -7.69467e-2 -2.0566e-1 -2.0566e-1
2.8461066e0 -7.69467e-2 -2.1722e-1 -2.1722e-1
2.9999515e0 -7.69467e-2 -2.2878e-1 -2.2878e-1

-3.0e0 7.68982e-2 -2.2862e-1 -2.2862e-1
-2.8461551e0 7.68982e-2 -2.171e-1 -2.171e-1
-2.6923102e0 7.68982e-2 -2.0554e-1 -2.0554e-1
-2.5384653e0 7.68982e-2 -1.9395e-1 -1.9395e-1
-2.3846204e0 7.68982e-2 -1.8233e-1 -1.8233e-1
-2.2307755e0 7.68982e-2 -1.7068e-1 -1.7068e-1
-2.0769305e0 7.68982e-2 -1.5901e-1 -1.5901e-1
-1.9230856e0 7.68982e-2 -1.4732e-1 -1.4732e-1
-1.7692407e0 7.68982e-2 -1.356e-1 -1.356e-1
-1.6153958e0 7.68982e-2 -1.2389e-1 -1.2389e-1
-1.4615509e0 7.68982e-2 -1.1214e-1 -1.1214e-1
-1.307706e0 7.68982e-2 -1.0037e-1 -1.0037e-1
-1.1538611e0 7.68982e-2 -8.861e-2 -8.861e-2
-1.0000162e0 7.68982e-2 -7.681e-2 -7.681e-2
-8.461713e-1 7.68982e-2 -6.502e-2 -6.502e-2
-6.923264e-1 7.68982e-2 -5.32e-2 -5.32e-2
-5.384814e-1 7.68982e-2 -4.138e-2 -4.138e-2
-3.846365e-1 7.68982e-2 -2.956e-2 -2.956e-2
-2.307916e-1 7.68982e-2 -1.773e-2 -1.773e-2
-7.69467e-2 7.68982e-2 -5.9e-3 -5.9e-3
7.68982e-2 7.68982e-2 5.9e-3 5.9e-3
2.307431e-1 7.68982e-2 1.773e-2 1.773e-2
3.84588e-1 7.68982e-2 2.956e-2 2.956e-2
5.384329e-1 7.68982e-2 4.137e-2 4.137e-2
6.922778e-1 7.68982e-2 5.32e-2 5.32e-2
8.461227e-1 7.68982e-2 6.502e-2 6.502e-2
9.999677e-1 7.68982e-2 7.68e-2 7.68e-2
1.1538126e0 7.68982e-2 8.86e-2 8.86e-2
1.3076575e0 7.68982e-2 1.0036e-1 1.0036e-1
1.4615024e0 7.68982e-2 1.1212e-1 1.1212e-1
1.6153473e0 7.68982e-2 1.2389e-1 1.2389e-1
1.7691922e0 7.68982e-2 1.356e-1 1.356e-1
1.9230371e0 7.68982e-2 1.4732e-1 1.4732e-1
2.076882e0 7.68982e-2 1.5901e-1 1.5901e-1
2.230727e0 7.68982e-2 1.7067e-1 1.7067e-1
2.3845718e0 7.68982e-2 1.8233e-1 1.8233e-1
2.5384167e0 7.68982e-2 1.9394e-1 1.9394e-1
2.6922617e0 7.68982e-2 2.0554e-1 2.0554e-1
2.8461066e0 7.68982e-2 2.1709e-1 2.1709e-1
2.9999515e0 7.68982e-2 2.2862e-1 2.2862e-1

-3.0e0 2.307431e-1 -6.3821e-1 -6.3821e-1
-2.8461551e0 2.307431e-1 -6.105e-1 -6.105e-1
-2.6923102e0 2.307431e-1 -5.82e-1 -5.82e-1
-2.5384653e0 2.307431e-1 -5.5278e-1 -5.5278e-1
-2.3846204e0 2.307431e-1 -5.2286e-1 -5.2286e-1
-2.2307755e0 2.307431e-1 -4.9228e-1 -4.9228e-1
-2.0769305e0 2.307431e-1 -4.6106e-1 -4.6106e-1
-1.9230856e0 2.307431e-1 -4.2929e-1 -4.2929e-1
-1.7692407e0 2.307431e-1 -3.9696e-1 -3.9696e-1
-1.6153958e0 2.307431e-1 -3.6414e-1 -3.6414e-1
-1.4615509e0 2.307431e-1 -3.3086e-1 -3.3086e-1
-1.307706e0 2.307431e-1 -2.9716e-1 -2.9716e-1
-1.1538611e0 2.307431e-1 -2.6309e-1 -2.6309e-1
-1.0000162e0 2.307431e-1 -2.2867e-1 -2.2867e-1
-8.461713e-1 2.307431e-1 -1.9398e-1 -1.9398e-1
-6.923264e-1 2.307431e-1 -1.5904e-1 -1.5904e-1
-5.384814e-1 2.307431e-1 -1.2392e-1 -1.2392e-1
-3.846365e-1 2.307431e-1 -8.862e-2 -8.862e-2
-2.307916e-1 2.307431e-1 -5.322e-2 -5.322e-2
-7.69467e-2 2.307431e-1 -1.775e-2 -1.775e-2
7.68982e-2 2.307431e-1 1.773e-2 1.773e-2
2.307431e-1 2.307431e-1 5.32e-2 5.32e-2
3.84588e-1 2.307431e-1 8.861e-2 8.861e-2
5.384329e-1 2.307431e-1 1.2392e-1 1.2392e-1
6.922778e-1 2.307431e-1 1.5904e-1 1.5904e-1
8.461227e-1 2.307431e-1 1.9397e-1 1.9397e-1
9.999677e-1 2.307431e-1 2.2867e-1 2.2867e-1
1.1538126e0 2.307431e-1 2.6308e-1 2.6308e-1
1.3076575e0 2.307431e-1 2.9715e-1 2.9715e-1
1.4615024e0 2.307431e-1 3.3086e-1 3.3086e-1
1.6153473e0 2.307431e-1 3.6414e-1 3.6414e-1
1.7691922e0 2.307431e-1 3.9696e-1 3.9696e-1
1.9230371e0 2.307431e-1 4.2929e-1 4.2929e-1
2.076882e0 2.307431e-1 4.6106e-1 4.6106e-1
2.230727e0 2.307431e-1 4.9228e-1 4.9228e-1
2.3845718e0 2.307431e-1 5.2284e-1 5.2284e-1
2.5384167e0 2.307431e-1 5.5276e-1 5.5276e-1
2.6922617e0 2.307431e-1 5.8199e-1 5.8199e-1
2.8461066e0 2.307431e-1 6.1049e-1 6.1049e-1
2.9999515e0 2.307431e-1 6.3821e-1 6.3821e-1

-3.0e0 3.84588e-1 -9.1426e-1 -9.1426e-1
-2.8461551e0 3.84588e-1 -8.887e-1 -8.887e-1
-2.6923102e0 3.84588e-1 -8.6005e-1 -8.6005e-1
-2.5384653e0 3.84588e-1 -8.2838e-1 -8.2838e-1
-2.3846204e0 3.84588e-1 -7.9381e-1 -7.9381e-1
-2.2307755e0 3.84588e-1 -7.5647e-1 -7.5647e-1
-2.0769305e0 3.84588e-1 -7.1646e-1 -7.1646e-1
-1.9230856e0 3.84588e-1 -6.7395e-1 -6.7395e-1
-1.7692407e0 3.84588e-1 -6.291e-1 -6.291e-1
-1.6153958e0 3.84588e-1 -5.8203e-1 -5.8203e-1
-1.4615509e0 3.84588e-1 -5.3294e-1 -5.3294e-1
-1.307706e0 3.84588e-1 -4.8198e-1 -4.8198e-1
-1.1538611e0 3.84588e-1 -4.293e-1 -4.293e-1
-1.0000162e0 3.84588e-1 -3.7517e-1 -3.7517e-1
-8.461713e-1 3.84588e-1 -3.197e-1 -3.197e-1
-6.923264e-1 3.84588e-1 -2.631e-1 -2.631e-1
-5.384814e-1 3.84588e-1 -2.056e-1 -2.056e-1
-3.846365e-1 3.84588e-1 -1.4737e-1 -1.4737e-1
-2.307916e-1 3.84588e-1 -8.864e-2 -8.864e-2
-7.69467e-2 3.84588e-1 -2.957e-2 -2.957e-2
7.68982e-2 3.84588e-1 2.956e-2 2.956e-2
2.307431e-1 3.84588e-1 8.861e-2 8.861e-2
3.84588e-1 3.84588e-1 1.4735e-1 1.4735e-1
5.384329e-1 3.84588e-1 2.0558e-1 2.0558e-1
6.922778e-1 3.84588e-1 2.6308e-1 2.6308e-1
8.461227e-1 3.84588e-1 3.1967e-1 3.1967e-1
9.999677e-1 3.84588e-1 3.7514e-1 3.7514e-1
1.1538126e0 3.84588e-1 4.2929e-1 4.2929e-1
1.3076575e0 3.84588e-1 4.8196e-1 4.8196e-1
1.4615024e0 3.84588e-1 5.3291e-1 5.3291e-1
1.6153473e0 3.84588e-1 5.82e-1 5.82e-1
1.7691922e0 3.84588e-1 6.2909e-1 6.2909e-1
1.9230371e0 3.84588e-1 6.7393e-1 6.7393e-1
2.076882e0 3.84588e-1 7.1645e-1 7.1645e-1
2.230727e0 3.84588e-1 7.5645e-1 7.5645e-1
2.3845718e0 3.84588e-1 7.938e-1 7.938e-1
2.5384167e0 3.84588e-1 8.2838e-1 8.2838e-1
2.6922617e0 3.84588e-1 8.6003e-1 8.6003e-1
2.8461066e0 3.84588e-1 8.8869e-1 8.8869e-1
2.9999515e0 3.84588e-1 9.1426e-1 9.1426e-1

-3.0e0 5.384329e-1 -9.9895e-1 -9.9895e-1
-2.8461551e0 5.384329e-1 -9.9922e-1 -9.9922e-1
-2.6923102e0 5.384329e-1 -9.9266e-1 -9.9266e-1
-2.5384653e0 5.384329e-1 -9.7922e-1 -9.7922e-1
-2.3846204e0 5.384329e-1 -9.5909e-1 -9.5909e-1
-2.2307755e0 5.384329e-1 -9.324e-1 -9.324e-1
-2.0769305e0 5.384329e-1 -8.9932e-1 -8.9932e-1
-1.9230856e0 5.384329e-1 -8.6005e-1 -8.6005e-1
-1.7692407e0 5.384329e-1 -8.149e-1 -8.149e-1
-1.6153958e0 5.384329e-1 -7.6416e-1 -7.6416e-1
-1.4615509e0 5.384329e-1 -7.0818e-1 -7.0818e-1
-1.307706e0 5.384329e-1 -6.4732e-1 -6.4732e-1
-1.1538611e0 5.384329e-1 -5.8205e-1 -5.8205e-1
-1.0000162e0 5.384329e-1 -5.1279e-1 -5.1279e-1
-8.461713e-1 5.384329e-1 -4.3997e-1 -4.3997e-1
-6.923264e-1 5.384329e-1 -3.6417e-1 -3.6417e-1
-5.384814e-1 5.384329e-1 -2.8586e-1 -2.8586e-1
-3.846365e-1 5.384329e-1 -2.0561e-1 -2.0561e-1
-2.307916e-1 5.384329e-1 -1.2393e-1 -1.2393e-1
-7.69467e-2 5.384329e-1 -4.141e-2 -4.141e-2
7.68982e-2 5.384329e-1 4.137e-2 4.137e-2
2.307431e-1 5.384329e-1 1.2392e-1 1.2392e-1
3.84588e-1 5.384329e-1 2.0558e-1 2.0558e-1
5.384329e-1 5.384329e-1 2.8583e-1 2.8583e-1
6.922778e-1 5.384329e-1 3.6415e-1 3.6415e-1
8.461227e-1 5.384329e-1 4.3996e-1 4.3996e-1
9.999677e-1 5.384329e-1 5.1277e-1 5.1277e-1
1.1538126e0 5.384329e-1 5.8202e-1 5.8202e-1
1.3076575e0 5.384329e-1 6.4731e-1 6.4731e-1
1.4615024e0 5.384329e-1 7.0816e-1 7.0816e-1
1.6153473e0 5.384329e-1 7.6414e-1 7.6414e-1
1.7691922e0 5.384329e-1 8.1488e-1 8.1488e-1
1.9230371e0 5.384329e-1 8.6003e-1 8.6003e-1
2.076882e0 5.384329e-1 8.993e-1 8.993e-1
2.230727e0 5.384329e-1 9.324e-1 9.324e-1
2.3845718e0 5.384329e-1 9.5909e-1 9.5909e-1
2.5384167e0 5.384329e-1 9.792e-1 9.792e-1
2.6922617e0 5.384329e-1 9.9265e-1 9.9265e-1
2.8461066e0 5.384329e-1 9.9922e-1 9.9922e-1
2.9999515e0 5.384329e-1 9.9895e-1 9.9895e-1

-3.0e0 6.922778e-1 -8.7465e-1 -8.7465e-1
-2.8461551e0 6.922778e-1 -9.2122e-1 -9.2122e-1
-2.6923102e0 6.922778e-1 -9.5734e-1 -9.5734e-1
-2.5384653e0 6.922778e-1 -9.826e-1 -9.826e-1
-2.3846204e0 6.922778e-1 -9.9673e-1 -9.9673e-1
-2.2307755e0 6.922778e-1 -9.996e-1 -9.996e-1
-2.0769305e0 6.922778e-1 -9.9112e-1 -9.9112e-1
-1.9230856e0 6.922778e-1 -9.7142e-1 -9.7142e-1
-1.7692407e0 6.922778e-1 -9.407e-1 -9.407e-1
-1.6153958e0 6.922778e-1 -8.9934e-1 -8.9934e-1
-1.4615509e0 6.922778e-1 -8.4778e-1 -8.4778e-1
-1.307706e0 6.922778e-1 -7.8658e-1 -7.8658e-1
-1.1538611e0 6.922778e-1 -7.1649e-1 -7.1649e-1
-1.0000162e0 6.922778e-1 -6.3826e-1 -6.3826e-1
-8.461713e-1 6.922778e-1 -5.5283e-1 -5.5283e-1
-6.923264e-1 6.922778e-1 -4.611e-1 -4.611e-1
-5.384814e-1 6.922778e-1 -3.6417e-1 -3.6417e-1
-3.846365e-1 6.922778e-1 -2.6312e-1 -2.6312e-1
-2.307916e-1 6.922778e-1 -1.5907e-1 -1.5907e-1
-7.69467e-2 6.922778e-1 -5.324e-2 -5.324e-2
7.68982e-2 6.922778e-1 5.32e-2 5.32e-2
2.307431e-1 6.922778e-1 1.5904e-1 1.5904e-1
3.84588e-1 6.922778e-1 2.6308e-1 2.6308e-1
5.384329e-1 6.922778e-1 3.6415e-1 3.6415e-1
6.922778e-1 6.922778e-1 4.6107e-1 4.6107e-1
8.461227e-1 6.922778e-1 5.528e-1 5.528e-1
9.999677e-1 6.922778e-1 6.3823e-1 6.3823e-1
1.1538126e0 6.922778e-1 7.1646e-1 7.1646e-1
1.3076575e0 6.922778e-1 7.8656e-1 7.8656e-1
1.4615024e0 6.922778e-1 8.4776e-1 8.4776e-1
1.6153473e0 6.922778e-1 8.9932e-1 8.9932e-1
1.7691922e0 6.922778e-1 9.4069e-1 9.4069e-1
1.9230371e0 6.922778e-1 9.7142e-1 9.7142e-1
2.076882e0 6.922778e-1 9.9112e-1 9.9112e-1
2.230727e0 6.922778e-1 9.996e-1 9.996e-1
2.3845718e0 6.922778e-1 9.9675e-1 9.9675e-1
2.5384167e0 6.922778e-1 9.826e-1 9.826e-1
2.6922617e0 6.922778e-1 9.5734e-1 9.5734e-1
2.8461066e0 6.922778e-1 9.2123e-1 9.2123e-1
2.9999515e0 6.922778e-1 8.7468e-1 8.7468e-1

-3.0e0 8.461227e-1 -5.6728e-1 -5.6728e-1
-2.8461551e0 8.461227e-1 -6.6939e-1 -6.6939e-1
-2.6923102e0 8.461227e-1 -7.6013e-1 -7.6013e-1
-2.5384653e0 8.461227e-1 -8.3806e-1 -8.3806e-1
-2.3846204e0 8.461227e-1 -9.0175e-1 -9.0175e-1
-2.2307755e0 8.461227e-1 -9.5024e-1 -9.5024e-1
-2.0769305e0 8.461227e-1 -9.826e-1 -9.826e-1
-1.9230856e0 8.461227e-1 -9.9837e-1 -9.9837e-1
-1.7692407e0 8.461227e-1 -9.9722e-1 -9.9722e-1
-1.6153958e0 8.461227e-1 -9.7922e-1 -9.7922e-1
-1.4615509e0 8.461227e-1 -9.4466e-1 -9.4466e-1
-1.307706e0 8.461227e-1 -8.9407e-1 -8.9407e-1
-1.1538611e0 8.461227e-1 -8.2841e-1 -8.2841e-1
-1.0000162e0 8.461227e-1 -7.4867e-1 -7.4867e-1
-8.461713e-1 8.461227e-1 -6.5634e-1 -6.5634e-1
-6.923264e-1 8.461227e-1 -5.5283e-1 -5.5283e-1
-5.384814e-1 8.461227e-1 -4.4e-1 -4.4e-1
-3.846365e-1 8.461227e-1 -3.1972e-1 -3.1972e-1
-2.307916e-1 8.461227e-1 -1.9402e-1 -1.9402e-1
-7.69467e-2 8.461227e-1 -6.506e-2 -6.506e-2
7.68982e-2 8.461227e-1 6.502e-2 6.502e-2
2.307431e-1 8.461227e-1 1.9397e-1 1.9397e-1
3.84588e-1 8.461227e-1 3.1967e-1 3.1967e-1
5.384329e-1 8.461227e-1 4.3996e-1 4.3996e-1
6.922778e-1 8.461227e-1 5.528e-1 5.528e-1
8.461227e-1 8.461227e-1 6.5631e-1 6.5631e-1
9.999677e-1 8.461227e-1 7.4866e-1 7.4866e-1
1.1538126e0 8.461227e-1 8.284e-1 8.284e-1
1.3076575e0 8.461227e-1 8.9406e-1 8.9406e-1
1.4615024e0 8.461227e-1 9.4466e-1 9.4466e-1
1.6153473e0 8.461227e-1 9.7922e-1 9.7922e-1
1.7691922e0 8.461227e-1 9.9722e-1 9.9722e-1
1.9230371e0 8.461227e-1 9.9837e-1 9.9837e-1
2.076882e0 8.461227e-1 9.8262e-1 9.8262e-1
2.230727e0 8.461227e-1 9.5026e-1 9.5026e-1
2.3845718e0 8.461227e-1 9.0176e-1 9.0176e-1
2.5384167e0 8.461227e-1 8.3807e-1 8.3807e-1
2.6922617e0 8.461227e-1 7.6015e-1 7.6015e-1
2.8461066e0 8.461227e-1 6.6942e-1 6.6942e-1
2.9999515e0 8.461227e-1 5.6729e-1 5.6729e-1

-3.0e0 9.999677e-1 -1.412e-1 -1.412e-1
-2.8461551e0 9.999677e-1 -2.9123e-1 -2.9123e-1
-2.6923102e0 9.999677e-1 -4.3437e-1 -4.3437e-1
-2.5384653e0 9.999677e-1 -5.6726e-1 -5.6726e-1
-2.3846204e0 9.999677e-1 -6.8674e-1 -6.8674e-1
-2.2307755e0 9.999677e-1 -7.9001e-1 -7.9001e-1
-2.0769305e0 9.999677e-1 -8.7465e-1 -8.7465e-1
-1.9230856e0 9.999677e-1 -9.3857e-1 -9.3857e-1
-1.7692407e0 9.999677e-1 -9.8033e-1 -9.8033e-1
-1.6153958e0 9.999677e-1 -9.9896e-1 -9.9896e-1
-1.4615509e0 9.999677e-1 -9.94e-1 -9.94e-1
-1.307706e0 9.999677e-1 -9.6555e-1 -9.6555e-1
-1.1538611e0 9.999677e-1 -9.1428e-1 -9.1428e-1
-1.0000162e0 9.999677e-1 -8.4142e-1 -8.4142e-1
-8.461713e-1 9.999677e-1 -7.4869e-1 -7.4869e-1
-6.923264e-1 9.999677e-1 -6.3828e-1 -6.3828e-1
-5.384814e-1 9.999677e-1 -5.128e-1 -5.128e-1
-3.846365e-1 9.999677e-1 -3.752e-1 -3.752e-1
-2.307916e-1 9.999677e-1 -2.2871e-1 -2.2871e-1
-7.69467e-2 9.999677e-1 -7.684e-2 -7.684e-2
7.68982e-2 9.999677e-1 7.68e-2 7.68e-2
2.307431e-1 9.999677e-1 2.2867e-1 2.2867e-1
3.84588e-1 9.999677e-1 3.7514e-1 3.7514e-1
5.384329e-1 9.999677e-1 5.1277e-1 5.1277e-1
6.922778e-1 9.999677e-1 6.3823e-1 6.3823e-1
8.461227e-1 9.999677e-1 7.4866e-1 7.4866e-1
9.999677e-1 9.999677e-1 8.414e-1 8.414e-1
1.1538126e0 9.999677e-1 9.1428e-1 9.1428e-1
1.3076575e0 9.999677e-1 9.6553e-1 9.6553e-1
1.4615024e0 9.999677e-1 9.9399e-1 9.9399e-1
1.6153473e0 9.999677e-1 9.9895e-1 9.9895e-1
1.7691922e0 9.999677e-1 9.8035e-1 9.8035e-1
1.9230371e0 9.999677e-1 9.3858e-1 9.3858e-1
2.076882e0 9.999677e-1 8.7466e-1 8.7466e-1
2.230727e0 9.999677e-1 7.9004e-1 7.9004e-1
2.3845718e0 9.999677e-1 6.8678e-1 6.8678e-1
2.5384167e0 9.999677e-1 5.6729e-1 5.6729e-1
2.6922617e0 9.999677e-1 4.344e-1 4.344e-1
2.8461066e0 9.999677e-1 2.9129e-1 2.9129e-1
2.9999515e0 9.999677e-1 1.4125e-1 1.4125e-1

-3.0e0 1.1538126e0 3.144e-1 3.144e-1
-2.8461551e0 1.1538126e0 1.4183e-1 1.4183e-1
-2.6923102e0 1.1538126e0 -3.514e-2 -3.514e-2
-2.5384653e0 1.1538126e0 -2.1106e-1 -2.1106e-1
-2.3846204e0 1.1538126e0 -3.8034e-1 -3.8034e-1
-2.2307755e0 1.1538126e0 -5.3767e-1 -5.3767e-1
-2.0769305e0 1.1538126e0 -6.7809e-1 -6.7809e-1
-1.9230856e0 1.1538126e0 -7.9721e-1 -7.9721e-1
-1.7692407e0 1.1538126e0 -8.9128e-1 -8.9128e-1
-1.6153958e0 1.1538126e0 -9.573e-1 -9.573e-1
-1.4615509e0 1.1538126e0 -9.9327e-1 -9.9327e-1
-1.307706e0 1.1538126e0 -9.9803e-1 -9.9803e-1
-1.1538611e0 1.1538126e0 -9.7144e-1 -9.7144e-1
-1.0000162e0 1.1538126e0 -9.1429e-1 -9.1429e-1
-8.461713e-1 1.1538126e0 -8.2843e-1 -8.2843e-1
-6.923264e-1 1.1538126e0 -7.1649e-1 -7.1649e-1
-5.384814e-1 1.1538126e0 -5.8206e-1 -5.8206e-1
-3.846365e-1 1.1538126e0 -4.2935e-1 -4.2935e-1
-2.307916e-1 1.1538126e0 -2.6314e-1 -2.6314e-1
-7.69467e-2 1.1538126e0 -8.864e-2 -8.864e-2
7.68982e-2 1.1538126e0 8.86e-2 8.86e-2
2.307431e-1 1.1538126e0 2.6308e-1 2.6308e-1
3.84588e-1 1.1538126e0 4.2929e-1 4.2929e-1
5.384329e-1 1.1538126e0 5.8202e-1 5.8202e-1
6.922778e-1 1.1538126e0 7.1646e-1 7.1646e-1
8.461227e-1 1.1538126e0 8.284e-1 8.284e-1
9.999677e-1 1.1538126e0 9.1428e-1 9.1428e-1
1.1538126e0 1.1538126e0 9.7142e-1 9.7142e-1
1.3076575e0 1.1538126e0 9.9802e-1 9.9802e-1
1.4615024e0 1.1538126e0 9.9329e-1 9.9329e-1
1.6153473e0 1.1538126e0 9.5734e-1 9.5734e-1
1.7691922e0 1.1538126e0 8.9131e-1 8.9131e-1
1.9230371e0 1.1538126e0 7.9726e-1 7.9726e-1
2.076882e0 1.1538126e0 6.7813e-1 6.7813e-1
2.230727e0 1.1538126e0 5.377e-1 5.377e-1
2.3845718e0 1.1538126e0 3.8037e-1 3.8037e-1
2.5384167e0 1.1538126e0 2.1112e-1 2.1112e-1
2.6922617e0 1.1538126e0 3.52e-2 3.52e-2
2.8461066e0 1.1538126e0 -1.4178e-1 -1.4178e-1
2.9999515e0 1.1538126e0 -3.1435e-1 -3.1435e-1

-3.0e0 1.3076575e0 7.0422e-1 7.0422e-1
-2.8461551e0 1.3076575e0 5.4817e-1 5.4817e-1
-2.6923102e0 1.3076575e0 3.6998e-1 3.6998e-1
-2.5384653e0 1.3076575e0 1.769e-1 1.769e-1
-2.3846204e0 1.3076575e0 -2.33e-2 -2.33e-2
-2.2307755e0 1.3076575e0 -2.226e-1 -2.226e-1
-2.0769305e0 1.3076575e0 -4.1292e-1 -4.1292e-1
-1.9230856e0 1.3076575e0 -5.8658e-1 -5.8658e-1
-1.7692407e0 1.3076575e0 -7.3656e-1 -7.3656e-1
-1.6153958e0 1.3076575e0 -8.5687e-1 -8.5687e-1
-1.4615509e0 1.3076575e0 -9.4257e-1 -9.4257e-1
-1.307706e0 1.3076575e0 -9.9031e-1 -9.9031e-1
-1.1538611e0 1.3076575e0 -9.9803e-1 -9.9803e-1
-1.0000162e0 1.3076575e0 -9.6556e-1 -9.6556e-1
-8.461713e-1 1.3076575e0 -8.9409e-1 -8.9409e-1
-6.923264e-1 1.3076575e0 -7.8659e-1 -7.8659e-1
-5.384814e-1 1.3076575e0 -6.4735e-1 -6.4735e-1
-3.846365e-1 1.3076575e0 -4.8201e-1 -4.8201e-1
-2.307916e-1 1.3076575e0 -2.9721e-1 -2.9721e-1
-7.69467e-2 1.3076575e0 -1.0042e-1 -1.0042e-1
7.68982e-2 1.3076575e0 1.0036e-1 1.0036e-1
2.307431e-1 1.3076575e0 2.9715e-1 2.9715e-1
3.84588e-1 1.3076575e0 4.8196e-1 4.8196e-1
5.384329e-1 1.3076575e0 6.4731e-1 6.4731e-1
6.922778e-1 1.3076575e0 7.8656e-1 7.8656e-1
8.461227e-1 1.3076575e0 8.9406e-1 8.9406e-1
9.999677e-1 1.3076575e0 9.6553e-1 9.6553e-1
1.1538126e0 1.3076575e0 9.9802e-1 9.9802e-1
1.3076575e0 1.3076575e0 9.9031e-1 9.9031e-1
1.4615024e0 1.3076575e0 9.426e-1 9.426e-1
1.6153473e0 1.3076575e0 8.569e-1 8.569e-1
1.7691922e0 1.3076575e0 7.3659e-1 7.3659e-1
1.9230371e0 1.3076575e0 5.8662e-1 5.8662e-1
2.076882e0 1.3076575e0 4.1296e-1 4.1296e-1
2.230727e0 1.3076575e0 2.2266e-1 2.2266e-1
2.3845718e0 1.3076575e0 2.336e-2 2.336e-2
2.5384167e0 1.3076575e0 -1.7683e-1 -1.7683e-1
2.6922617e0 1.3076575e0 -3.6992e-1 -3.6992e-1
2.8461066e0 1.3076575e0 -5.4811e-1 -5.4811e-1
2.9999515e0 1.3076575e0 -7.0418e-1 -7.0418e-1

-3.0e0 1.4615024e0 9.4669e-1 9.4669e-1
-2.8461551e0 1.4615024e0 8.5104e-1 8.5104e-1
-2.6923102e0 1.4615024e0 7.1257e-1 7.1257e-1
-2.5384653e0 1.4615024e0 5.3824e-1 5.3824e-1
-2.3846204e0 1.4615024e0 3.368e-1 3.368e-1
-2.2307755e0 1.4615024e0 1.184e-1 1.184e-1
-2.0769305e0 1.4615024e0 -1.0593e-1 -1.0593e-1
-1.9230856e0 1.4615024e0 -3.2498e-1 -3.2498e-1
-1.7692407e0 1.4615024e0 -5.2763e-1 -5.2763e-1
-1.6153958e0 1.4615024e0 -7.0372e-1 -7.0372e-1
-1.4615509e0 1.4615024e0 -8.444e-1 -8.444e-1
-1.307706e0 1.4615024e0 -9.4257e-1 -9.4257e-1
-1.1538611e0 1.4615024e0 -9.9329e-1 -9.9329e-1
-1.0000162e0 1.4615024e0 -9.9399e-1 -9.9399e-1
-8.461713e-1 1.4615024e0 -9.4469e-1 -9.4469e-1
-6.923264e-1 1.4615024e0 -8.478e-1 -8.478e-1
-5.384814e-1 1.4615024e0 -7.082e-1 -7.082e-1
-3.846365e-1 1.4615024e0 -5.3297e-1 -5.3297e-1
-2.307916e-1 1.4615024e0 -3.3093e-1 -3.3093e-1
-7.69467e-2 1.4615024e0 -1.122e-1 -1.122e-1
7.68982e-2 1.4615024e0 1.1212e-1 1.1212e-1
2.307431e-1 1.4615024e0 3.3086e-1 3.3086e-1
3.84588e-1 1.4615024e0 5.3291e-1 5.3291e-1
5.384329e-1 1.4615024e0 7.0816e-1 7.0816e-1
6.922778e-1 1.4615024e0 8.4776e-1 8.4776e-1
8.461227e-1 1.4615024e0 9.4466e-1 9.4466e-1
9.999677e-1 1.4615024e0 9.9399e-1 9.9399e-1
1.1538126e0 1.4615024e0 9.9329e-1 9.9329e-1
1.3076575e0 1.4615024e0 9.426e-1 9.426e-1
1.4615024e0 1.4615024e0 8.4444e-1 8.4444e-1
1.6153473e0 1.4615024e0 7.0378e-1 7.0378e-1
1.7691922e0 1.4615024e0 5.277e-1 5.277e-1
1.9230371e0 1.4615024e0 3.2506e-1 3.2506e-1
2.076882e0 1.4615024e0 1.06e-1 1.06e-1
2.230727e0 1.4615024e0 -1.1833e-1 -1.1833e-1
2.3845718e0 1.4615024e0 -3.3673e-1 -3.3673e-1
2.5384167e0 1.4615024e0 -5.3818e-1 -5.3818e-1
2.6922617e0 1.4615024e0 -7.1254e-1 -7.1254e-1
2.8461066e0 1.4615024e0 -8.5101e-1 -8.5101e-1
2.9999515e0 1.4615024e0 -9.4667e-1 -9.4667e-1

-3.0e0 1.6153473e0 9.9103e-1 9.9103e-1
-2.8461551e0 1.6153473e0 9.9336e-1 9.9336e-1
-2.6923102e0 1.6153473e0 9.3468e-1 9.3468e-1
-2.5384653e0 1.6153473e0 8.1856e-1 8.1856e-1
-2.3846204e0 1.6153473e0 6.5211e-1 6.5211e-1
-2.2307755e0 1.6153473e0 4.456e-1 4.456e-1
-2.0769305e0 1.6153473e0 2.1173e-1 2.1173e-1
-1.9230856e0 1.6153473e0 -3.513e-2 -3.513e-2
-1.7692407e0 1.6153473e0 -2.7985e-1 -2.7985e-1
-1.6153958e0 1.6153473e0 -5.0737e-1 -5.0737e-1
-1.4615509e0 1.6153473e0 -7.0372e-1 -7.0372e-1
-1.307706e0 1.6153473e0 -8.5686e-1 -8.5686e-1
-1.1538611e0 1.6153473e0 -9.573e-1 -9.573e-1
-1.0000162e0 1.6153473e0 -9.9896e-1 -9.9896e-1
-8.461713e-1 1.6153473e0 -9.7923e-1 -9.7923e-1
-6.923264e-1 1.6153473e0 -8.9934e-1 -8.9934e-1
-5.384814e-1 1.6153473e0 -7.6419e-1 -7.6419e-1
-3.846365e-1 1.6153473e0 -5.8208e-1 -5.8208e-1
-2.307916e-1 1.6153473e0 -3.6421e-1 -3.6421e-1
-7.69467e-2 1.6153473e0 -1.2396e-1 -1.2396e-1
7.68982e-2 1.6153473e0 1.2389e-1 1.2389e-1
2.307431e-1 1.6153473e0 3.6414e-1 3.6414e-1
3.84588e-1 1.6153473e0 5.82e-1 5.82e-1
5.384329e-1 1.6153473e0 7.6414e-1 7.6414e-1
6.922778e-1 1.6153473e0 8.9932e-1 8.9932e-1
8.461227e-1 1.6153473e0 9.7922e-1 9.7922e-1
9.999677e-1 1.6153473e0 9.9895e-1 9.9895e-1
1.1538126e0 1.6153473e0 9.5734e-1 9.5734e-1
1.3076575e0 1.6153473e0 8.569e-1 8.569e-1
1.4615024e0 1.6153473e0 7.0378e-1 7.0378e-1
1.6153473e0 1.6153473e0 5.0743e-1 5.0743e-1
1.7691922e0 1.6153473e0 2.799e-1 2.799e-1
1.9230371e0 1.6153473e0 3.52e-2 3.52e-2
2.076882e0 1.6153473e0 -2.1165e-1 -2.1165e-1
2.230727e0 1.6153473e0 -4.4554e-1 -4.4554e-1
2.3845718e0 1.6153473e0 -6.5204e-1 -6.5204e-1
2.5384167e0 1.6153473e0 -8.185e-1 -8.185e-1
2.6922617e0 1.6153473e0 -9.3465e-1 -9.3465e-1
2.8461066e0 1.6153473e0 -9.9336e-1 -9.9336e-1
2.9999515e0 1.6153473e0 -9.9104e-1 -9.9104e-1

-3.0e0 1.7691922e0 8.2802e-1 8.2802e-1
-2.8461551e0 1.7691922e0 9.4824e-1 9.4824e-1
-2.6923102e0 1.7691922e0 9.9867e-1 9.9867e-1
-2.5384653e0 1.7691922e0 9.7556e-1 9.7556e-1
-2.3846204e0 1.7691922e0 8.8062e-1 8.8062e-1
-2.2307755e0 1.7691922e0 7.2086e-1 7.2086e-1
-2.0769305e0 1.7691922e0 5.0801e-1 5.0801e-1
-1.9230856e0 1.7691922e0 2.5775e-1 2.5775e-1
-1.7692407e0 1.7691922e0 -1.146e-2 -1.146e-2
-1.6153958e0 1.7691922e0 -2.7983e-1 -2.7983e-1
-1.4615509e0 1.7691922e0 -5.2763e-1 -5.2763e-1
-1.307706e0 1.7691922e0 -7.3653e-1 -7.3653e-1
-1.1538611e0 1.7691922e0 -8.9128e-1 -8.9128e-1
-1.0000162e0 1.7691922e0 -9.8033e-1 -9.8033e-1
-8.461713e-1 1.7691922e0 -9.9724e-1 -9.9724e-1
-6.923264e-1 1.7691922e0 -9.4073e-1 -9.4073e-1
-5.384814e-1 1.7691922e0 -8.1493e-1 -8.1493e-1
-3.846365e-1 1.7691922e0 -6.2915e-1 -6.2915e-1
-2.307916e-1 1.7691922e0 -3.9703e-1 -3.9703e-1
-7.69467e-2 1.7691922e0 -1.357e-1 -1.357e-1
7.68982e-2 1.7691922e0 1.356e-1 1.356e-1
2.307431e-1 1.7691922e0 3.9696e-1 3.9696e-1
3.84588e-1 1.7691922e0 6.2909e-1 6.2909e-1
5.384329e-1 1.7691922e0 8.1488e-1 8.1488e-1
6.922778e-1 1.7691922e0 9.4069e-1 9.4069e-1
8.461227e-1 1.7691922e0 9.9722e-1 9.9722e-1
9.999677e-1 1.7691922e0 9.8035e-1 9.8035e-1
1.1538126e0 1.7691922e0 8.9131e-1 8.9131e-1
1.3076575e0 1.7691922e0 7.3659e-1 7.3659e-1
1.4615024e0 1.7691922e0 5.277e-1 5.277e-1
1.6153473e0 1.7691922e0 2.799e-1 2.799e-1
1.7691922e0 1.7691922e0 1.155e-2 1.155e-2
1.9230371e0 1.7691922e0 -2.5766e-1 -2.5766e-1
2.076882e0 1.7691922e0 -5.0793e-1 -5.0793e-1
2.230727e0 1.7691922e0 -7.208e-1 -7.208e-1
2.3845718e0 1.7691922e0 -8.8057e-1 -8.8057e-1
2.5384167e0 1.7691922e0 -9.7552e-1 -9.7552e-1
2.6922617e0 1.7691922e0 -9.9869e-1 -9.9869e-1
2.8461066e0 1.7691922e0 -9.4827e-1 -9.4827e-1
2.9999515e0 1.7691922e0 -8.2806e-1 -8.2806e-1

-3.0e0 1.9230371e0 4.917e-1 4.917e-1
-2.8461551e0 1.9230371e0 7.242e-1 7.242e-1
-2.6923102e0 1.9230371e0 8.9375e-1 8.9375e-1
-2.5384653e0 1.9230371e0 9.8569e-1 9.8569e-1
-2.3846204e0 1.9230371e0 9.9194e-1 9.9194e-1
-2.2307755e0 1.9230371e0 9.1202e-1 9.1202e-1
-2.0769305e0 1.9230371e0 7.5285e-1 7.5285e-1
-1.9230856e0 1.9230371e0 5.2826e-1 5.2826e-1
-1.7692407e0 1.9230371e0 2.5775e-1 2.5775e-1
-1.6153958e0 1.9230371e0 -3.51e-2 -3.51e-2
-1.4615509e0 1.9230371e0 -3.2495e-1 -3.2495e-1
-1.307706e0 1.9230371e0 -5.8656e-1 -5.8656e-1
-1.1538611e0 1.9230371e0 -7.972e-1 -7.972e-1
-1.0000162e0 1.9230371e0 -9.3857e-1 -9.3857e-1
-8.461713e-1 1.9230371e0 -9.9835e-1 -9.9835e-1
-6.923264e-1 1.9230371e0 -9.7144e-1 -9.7144e-1
-5.384814e-1 1.9230371e0 -8.6008e-1 -8.6008e-1
-3.846365e-1 1.9230371e0 -6.7401e-1 -6.7401e-1
-2.307916e-1 1.9230371e0 -4.2937e-1 -4.2937e-1
-7.69467e-2 1.9230371e0 -1.474e-1 -1.474e-1
7.68982e-2 1.9230371e0 1.4732e-1 1.4732e-1
2.307431e-1 1.9230371e0 4.2929e-1 4.2929e-1
3.84588e-1 1.9230371e0 6.7393e-1 6.7393e-1
5.384329e-1 1.9230371e0 8.6003e-1 8.6003e-1
6.922778e-1 1.9230371e0 9.7142e-1 9.7142e-1
8.461227e-1 1.9230371e0 9.9837e-1 9.9837e-1
9.999677e-1 1.9230371e0 9.3858e-1 9.3858e-1
1.1538126e0 1.9230371e0 7.9726e-1 7.9726e-1
1.3076575e0 1.9230371e0 5.8662e-1 5.8662e-1
1.4615024e0 1.9230371e0 3.2506e-1 3.2506e-1
1.6153473e0 1.9230371e0 3.52e-2 3.52e-2
1.7691922e0 1.9230371e0 -2.5766e-1 -2.5766e-1
1.9230371e0 1.9230371e0 -5.2818e-1 -5.2818e-1
2.076882e0 1.9230371e0 -7.5278e-1 -7.5278e-1
2.230727e0 1.9230371e0 -9.1197e-1 -9.1197e-1
2.3845718e0 1.9230371e0 -9.9194e-1 -9.9194e-1
2.5384167e0 1.9230371e0 -9.8569e-1 -9.8569e-1
2.6922617e0 1.9230371e0 -8.938e-1 -8.938e-1
2.8461066e0 1.9230371e0 -7.2427e-1 -7.2427e-1
2.9999515e0 1.9230371e0 -4.9178e-1 -4.9178e-1

-3.0e0 2.076882e0 5.25e-2 5.25e-2
-2.8461551e0 2.076882e0 3.6351e-1 3.6351e-1
-2.6923102e0 2.076882e0 6.3771e-1 6.3771e-1
-2.5384653e0 2.076882e0 8.474e-1 8.474e-1
-2.3846204e0 2.076882e0 9.7125e-1 9.7125e-1
-2.2307755e0 2.076882e0 9.968e-1 9.968e-1
-2.0769305e0 2.076882e0 9.2148e-1 9.2148e-1
-1.9230856e0 2.076882e0 7.5285e-1 7.5285e-1
-1.7692407e0 2.076882e0 5.0803e-1 5.0803e-1
-1.6153958e0 2.076882e0 2.1175e-1 2.1175e-1
-1.4615509e0 2.076882e0 -1.0591e-1 -1.0591e-1
-1.307706e0 2.076882e0 -4.1287e-1 -4.1287e-1
-1.1538611e0 2.076882e0 -6.7805e-1 -6.7805e-1
-1.0000162e0 2.076882e0 -8.746e-1 -8.746e-1
-8.461713e-1 2.076882e0 -9.8259e-1 -9.8259e-1
-6.923264e-1 2.076882e0 -9.9113e-1 -9.9113e-1
-5.384814e-1 2.076882e0 -8.9935e-1 -8.9935e-1
-3.846365e-1 2.076882e0 -7.1652e-1 -7.1652e-1
-2.307916e-1 2.076882e0 -4.6115e-1 -4.6115e-1
-7.69467e-2 2.076882e0 -1.591e-1 -1.591e-1
7.68982e-2 2.076882e0 1.5901e-1 1.5901e-1
2.307431e-1 2.076882e0 4.6106e-1 4.6106e-1
3.84588e-1 2.076882e0 7.1645e-1 7.1645e-1
5.384329e-1 2.076882e0 8.993e-1 8.993e-1
6.922778e-1 2.076882e0 9.9112e-1 9.9112e-1
8.461227e-1 2.076882e0 9.8262e-1 9.8262e-1
9.999677e-1 2.076882e0 8.7466e-1 8.7466e-1
1.1538126e0 2.076882e0 6.7813e-1 6.7813e-1
1.3076575e0 2.076882e0 4.1296e-1 4.1296e-1
1.4615024e0 2.076882e0 1.06e-1 1.06e-1
1.6153473e0 2.076882e0 -2.1165e-1 -2.1165e-1
1.7691922e0 2.076882e0 -5.0793e-1 -5.0793e-1
1.9230371e0 2.076882e0 -7.5278e-1 -7.5278e-1
2.076882e0 2.076882e0 -9.2143e-1 -9.2143e-1
2.230727e0 2.076882e0 -9.968e-1 -9.968e-1
2.3845718e0 2.076882e0 -9.7128e-1 -9.7128e-1
2.5384167e0 2.076882e0 -8.4744e-1 -8.4744e-1
2.6922617e0 2.076882e0 -6.3779e-1 -6.3779e-1
2.8461066e0 2.076882e0 -3.6359e-1 -3.6359e-1
2.9999515e0 2.076882e0 -5.26e-2 -5.26e-2

-3.0e0 2.230727e0 -3.9766e-1 -3.9766e-1
-2.8461551e0 2.230727e0 -6.575e-2 -6.575e-2
-2.6923102e0 2.230727e0 2.7382e-1 2.7382e-1
-2.5384653e0 2.230727e0 5.8145e-1 5.8145e-1
-2.3846204e0 2.230727e0 8.213e-1 8.213e-1
-2.2307755e0 2.230727e0 9.6536e-1 9.6536e-1
-2.0769305e0 2.230727e0 9.968e-1 9.968e-1
-1.9230856e0 2.230727e0 9.1202e-1 9.1202e-1
-1.7692407e0 2.230727e0 7.2089e-1 7.2089e-1
-1.6153958e0 2.230727e0 4.4562e-1 4.4562e-1
-1.4615509e0 2.230727e0 1.1844e-1 1.1844e-1
-1.307706e0 2.230727e0 -2.2256e-1 -2.2256e-1
-1.1538611e0 2.230727e0 -5.3761e-1 -5.3761e-1
-1.0000162e0 2.230727e0 -7.8998e-1 -7.8998e-1
-8.461713e-1 2.230727e0 -9.5021e-1 -9.5021e-1
-6.923264e-1 2.230727e0 -9.996e-1 -9.996e-1
-5.384814e-1 2.230727e0 -9.3245e-1 -9.3245e-1
-3.846365e-1 2.230727e0 -7.5652e-1 -7.5652e-1
-2.307916e-1 2.230727e0 -4.9236e-1 -4.9236e-1
-7.69467e-2 2.230727e0 -1.7079e-1 -1.7079e-1
7.68982e-2 2.230727e0 1.7067e-1 1.7067e-1
2.307431e-1 2.230727e0 4.9228e-1 4.9228e-1
3.84588e-1 2.230727e0 7.5645e-1 7.5645e-1
5.384329e-1 2.230727e0 9.324e-1 9.324e-1
6.922778e-1 2.230727e0 9.996e-1 9.996e-1
8.461227e-1 2.230727e0 9.5026e-1 9.5026e-1
9.999677e-1 2.230727e0 7.9004e-1 7.9004e-1
1.1538126e0 2.230727e0 5.377e-1 5.377e-1
1.3076575e0 2.230727e0 2.2266e-1 2.2266e-1
1.4615024e0 2.230727e0 -1.1833e-1 -1.1833e-1
1.6153473e0 2.230727e0 -4.4554e-1 -4.4554e-1
1.7691922e0 2.230727e0 -7.208e-1 -7.208e-1
1.9230371e0 2.230727e0 -9.1197e-1 -9.1197e-1
2.076882e0 2.230727e0 -9.968e-1 -9.968e-1
2.230727e0 2.230727e0 -9.6538e-1 -9.6538e-1
2.3845718e0 2.230727e0 -8.2137e-1 -8.2137e-1
2.5384167e0 2.230727e0 -5.8156e-1 -5.8156e-1
2.6922617e0 2.230727e0 -2.7393e-1 -2.7393e-1
2.8461066e0 2.230727e0 6.564e-2 6.564e-2
2.9999515e0 2.230727e0 3.9755e-1 3.9755e-1

-3.0e0 2.3845718e0 -7.6463e-1 -7.6463e-1
-2.8461551e0 2.3845718e0 -4.8264e-1 -4.8264e-1
-2.6923102e0 2.3845718e0 -1.3638e-1 -1.3638e-1
-2.5384653e0 2.3845718e0 2.2798e-1 2.2798e-1
-2.3846204e0 2.3845718e0 5.6204e-1 5.6204e-1
-2.2307755e0 2.3845718e0 8.213e-1 8.213e-1
-2.0769305e0 2.3845718e0 9.7125e-1 9.7125e-1
-1.9230856e0 2.3845718e0 9.9196e-1 9.9196e-1
-1.7692407e0 2.3845718e0 8.8063e-1 8.8063e-1
-1.6153958e0 2.3845718e0 6.5213e-1 6.5213e-1
-1.4615509e0 2.3845718e0 3.3684e-1 3.3684e-1
-1.307706e0 2.3845718e0 -2.325e-2 -2.325e-2
-1.1538611e0 2.3845718e0 -3.8028e-1 -3.8028e-1
-1.0000162e0 2.3845718e0 -6.8669e-1 -6.8669e-1
-8.461713e-1 2.3845718e0 -9.017e-1 -9.017e-1
-6.923264e-1 2.3845718e0 -9.9673e-1 -9.9673e-1
-5.384814e-1 2.3845718e0 -9.591e-1 -9.591e-1
-3.846365e-1 2.3845718e0 -7.9385e-1 -7.9385e-1
-2.307916e-1 2.3845718e0 -5.2295e-1 -5.2295e-1
-7.69467e-2 2.3845718e0 -1.8243e-1 -1.8243e-1
7.68982e-2 2.3845718e0 1.8233e-1 1.8233e-1
2.307431e-1 2.3845718e0 5.2284e-1 5.2284e-1
3.84588e-1 2.3845718e0 7.938e-1 7.938e-1
5.384329e-1 2.3845718e0 9.5909e-1 9.5909e-1
6.922778e-1 2.3845718e0 9.9675e-1 9.9675e-1
8.461227e-1 2.3845718e0 9.0176e-1 9.0176e-1
9.999677e-1 2.3845718e0 6.8678e-1 6.8678e-1
1.1538126e0 2.3845718e0 3.8037e-1 3.8037e-1
1.3076575e0 2.3845718e0 2.336e-2 2.336e-2
1.4615024e0 2.3845718e0 -3.3673e-1 -3.3673e-1
1.6153473e0 2.3845718e0 -6.5204e-1 -6.5204e-1
1.7691922e0 2.3845718e0 -8.8057e-1 -8.8057e-1
1.9230371e0 2.3845718e0 -9.9194e-1 -9.9194e-1
2.076882e0 2.3845718e0 -9.7128e-1 -9.7128e-1
2.230727e0 2.3845718e0 -8.2137e-1 -8.2137e-1
2.3845718e0 2.3845718e0 -5.6213e-1 -5.6213e-1
2.5384167e0 2.3845718e0 -2.2809e-1 -2.2809e-1
2.6922617e0 2.3845718e0 1.3626e-1 1.3626e-1
2.8461066e0 2.3845718e0 4.8253e-1 4.8253e-1
2.9999515e0 2.3845718e0 7.6456e-1 7.6456e-1

-3.0e0 2.5384167e0 -9.716e-1 -9.716e-1
-2.8461551e0 2.5384167e0 -8.0846e-1 -8.0846e-1
-2.6923102e0 2.5384167e0 -5.2353e-1 -5.2353e-1
-2.5384653e0 2.5384167e0 -1.5979e-1 -1.5979e-1
-2.3846204e0 2.5384167e0 2.2798e-1 2.2798e-1
-2.2307755e0 2.5384167e0 5.8145e-1 5.8145e-1
-2.0769305e0 2.5384167e0 8.4738e-1 8.4738e-1
-1.9230856e0 2.5384167e0 9.8567e-1 9.8567e-1
-1.7692407e0 2.5384167e0 9.7556e-1 9.7556e-1
-1.6153958e0 2.5384167e0 8.1857e-1 8.1857e-1
-1.4615509e0 2.5384167e0 5.3828e-1 5.3828e-1
-1.307706e0 2.5384167e0 1.7696e-1 1.7696e-1
-1.1538611e0 2.5384167e0 -2.11e-1 -2.11e-1
-1.0000162e0 2.5384167e0 -5.6718e-1 -5.6718e-1
-8.461713e-1 2.5384167e0 -8.3801e-1 -8.3801e-1
-6.923264e-1 2.5384167e0 -9.8259e-1 -9.8259e-1
-5.384814e-1 2.5384167e0 -9.7923e-1 -9.7923e-1
-3.846365e-1 2.5384167e0 -8.2845e-1 -8.2845e-1
-2.307916e-1 2.5384167e0 -5.5287e-1 -5.5287e-1
-7.69467e-2 2.5384167e0 -1.9406e-1 -1.9406e-1
7.68982e-2 2.5384167e0 1.9394e-1 1.9394e-1
2.307431e-1 2.5384167e0 5.5276e-1 5.5276e-1
3.84588e-1 2.5384167e0 8.2838e-1 8.2838e-1
5.384329e-1 2.5384167e0 9.792e-1 9.792e-1
6.922778e-1 2.5384167e0 9.826e-1 9.826e-1
8.461227e-1 2.5384167e0 8.3807e-1 8.3807e-1
9.999677e-1 2.5384167e0 5.6729e-1 5.6729e-1
1.1538126e0 2.5384167e0 2.1112e-1 2.1112e-1
1.3076575e0 2.5384167e0 -1.7683e-1 -1.7683e-1
1.4615024e0 2.5384167e0 -5.3818e-1 -5.3818e-1
1.6153473e0 2.5384167e0 -8.185e-1 -8.185e-1
1.7691922e0 2.5384167e0 -9.7552e-1 -9.7552e-1
1.9230371e0 2.5384167e0 -9.8569e-1 -9.8569e-1
2.076882e0 2.5384167e0 -8.4744e-1 -8.4744e-1
2.230727e0 2.5384167e0 -5.8156e-1 -5.8156e-1
2.3845718e0 2.5384167e0 -2.2809e-1 -2.2809e-1
2.5384167e0 2.5384167e0 1.5967e-1 1.5967e-1
2.6922617e0 2.5384167e0 5.2342e-1 5.2342e-1
2.8461066e0 2.5384167e0 8.0838e-1 8.0838e-1
2.9999515e0 2.5384167e0 9.7157e-1 9.7157e-1

-3.0e0 2.6922617e0 -9.7523e-1 -9.7523e-1
-2.8461551e0 2.6922617e0 -9.8172e-1 -9.8172e-1
-2.6923102e0 2.6922617e0 -8.2213e-1 -8.2213e-1
-2.5384653e0 2.6922617e0 -5.2353e-1 -5.2353e-1
-2.3846204e0 2.6922617e0 -1.364e-1 -1.364e-1
-2.2307755e0 2.6922617e0 2.7379e-1 2.7379e-1
-2.0769305e0 2.6922617e0 6.377e-1 6.377e-1
-1.9230856e0 2.6922617e0 8.9374e-1 8.9374e-1
-1.7692407e0 2.6922617e0 9.9867e-1 9.9867e-1
-1.6153958e0 2.6922617e0 9.347e-1 9.347e-1
-1.4615509e0 2.6922617e0 7.1262e-1 7.1262e-1
-1.307706e0 2.6922617e0 3.7006e-1 3.7006e-1
-1.1538611e0 2.6922617e0 -3.506e-2 -3.506e-2
-1.0000162e0 2.6922617e0 -4.343e-1 -4.343e-1
-8.461713e-1 2.6922617e0 -7.6007e-1 -7.6007e-1
-6.923264e-1 2.6922617e0 -9.573e-1 -9.573e-1
-5.384814e-1 2.6922617e0 -9.9268e-1 -9.9268e-1
-3.846365e-1 2.6922617e0 -8.6009e-1 -8.6009e-1
-2.307916e-1 2.6922617e0 -5.8209e-1 -5.8209e-1
-7.69467e-2 2.6922617e0 -2.0566e-1 -2.0566e-1
7.68982e-2 2.6922617e0 2.0554e-1 2.0554e-1
2.307431e-1 2.6922617e0 5.8199e-1 5.8199e-1
3.84588e-1 2.6922617e0 8.6003e-1 8.6003e-1
5.384329e-1 2.6922617e0 9.9265e-1 9.9265e-1
6.922778e-1 2.6922617e0 9.5734e-1 9.5734e-1
8.461227e-1 2.6922617e0 7.6015e-1 7.6015e-1
9.999677e-1 2.6922617e0 4.344e-1 4.344e-1
1.1538126e0 2.6922617e0 3.52e-2 3.52e-2
1.3076575e0 2.6922617e0 -3.6992e-1 -3.6992e-1
1.4615024e0 2.6922617e0 -7.1254e-1 -7.1254e-1
1.6153473e0 2.6922617e0 -9.3465e-1 -9.3465e-1
1.7691922e0 2.6922617e0 -9.9869e-1 -9.9869e-1
1.9230371e0 2.6922617e0 -8.938e-1 -8.938e-1
2.076882e0 2.6922617e0 -6.3779e-1 -6.3779e-1
2.230727e0 2.6922617e0 -2.7393e-1 -2.7393e-1
2.3845718e0 2.6922617e0 1.3626e-1 1.3626e-1
2.5384167e0 2.6922617e0 5.2342e-1 5.2342e-1
2.6922617e0 2.6922617e0 8.2207e-1 8.2207e-1
2.8461066e0 2.6922617e0 9.817e-1 9.817e-1
2.9999515e0 2.6922617e0 9.7527e-1 9.7527e-1

-3.0e0 2.8461066e0 -7.748e-1 -7.748e-1
-2.8461551e0 2.8461066e0 -9.6976e-1 -9.6976e-1
-2.6923102e0 2.8461066e0 -9.8172e-1 -9.8172e-1
-2.5384653e0 2.8461066e0 -8.0846e-1 -8.0846e-1
-2.3846204e0 2.8461066e0 -4.8265e-1 -4.8265e-1
-2.2307755e0 2.8461066e0 -6.578e-2 -6.578e-2
-2.0769305e0 2.8461066e0 3.6346e-1 3.6346e-1
-1.9230856e0 2.8461066e0 7.2417e-1 7.2417e-1
-1.7692407e0 2.8461066e0 9.4823e-1 9.4823e-1
-1.6153958e0 2.8461066e0 9.9338e-1 9.9338e-1
-1.4615509e0 2.8461066e0 8.5109e-1 8.5109e-1
-1.307706e0 2.8461066e0 5.4823e-1 5.4823e-1
-1.1538611e0 2.8461066e0 1.4192e-1 1.4192e-1
-1.0000162e0 2.8461066e0 -2.9114e-1 -2.9114e-1
-8.461713e-1 2.8461066e0 -6.6931e-1 -6.6931e-1
-6.923264e-1 2.8461066e0 -9.2117e-1 -9.2117e-1
-5.384814e-1 2.8461066e0 -9.9922e-1 -9.9922e-1
-3.846365e-1 2.8461066e0 -8.8876e-1 -8.8876e-1
-2.307916e-1 2.8461066e0 -6.106e-1 -6.106e-1
-7.69467e-2 2.8461066e0 -2.1722e-1 -2.1722e-1
7.68982e-2 2.8461066e0 2.1709e-1 2.1709e-1
2.307431e-1 2.8461066e0 6.1049e-1 6.1049e-1
3.84588e-1 2.8461066e0 8.8869e-1 8.8869e-1
5.384329e-1 2.8461066e0 9.9922e-1 9.9922e-1
6.922778e-1 2.8461066e0 9.2123e-1 9.2123e-1
8.461227e-1 2.8461066e0 6.6942e-1 6.6942e-1
9.999677e-1 2.8461066e0 2.9129e-1 2.9129e-1
1.1538126e0 2.8461066e0 -1.4178e-1 -1.4178e-1
1.3076575e0 2.8461066e0 -5.4811e-1 -5.4811e-1
1.4615024e0 2.8461066e0 -8.5101e-1 -8.5101e-1
1.6153473e0 2.8461066e0 -9.9336e-1 -9.9336e-1
1.7691922e0 2.8461066e0 -9.4827e-1 -9.4827e-1
1.9230371e0 2.8461066e0 -7.2427e-1 -7.2427e-1
2.076882e0 2.8461066e0 -3.6359e-1 -3.6359e-1
2.230727e0 2.8461066e0 6.564e-2 6.564e-2
2.3845718e0 2.8461066e0 4.8253e-1 4.8253e-1
2.5384167e0 2.8461066e0 8.0838e-1 8.0838e-1
2.6922617e0 2.8461066e0 9.817e-1 9.817e-1
2.8461066e0 2.8461066e0 9.6979e-1 9.6979e-1
2.9999515e0 2.8461066e0 7.7489e-1 7.7489e-1

-3.0e0 2.9999515e0 -4.1223e-1 -4.1223e-1
-2.8461551e0 2.9999515e0 -7.748e-1 -7.748e-1
-2.6923102e0 2.9999515e0 -9.7523e-1 -9.7523e-1
-2.5384653e0 2.9999515e0 -9.716e-1 -9.716e-1
-2.3846204e0 2.9999515e0 -7.6466e-1 -7.6466e-1
-2.2307755e0 2.9999515e0 -3.9769e-1 -3.9769e-1
-2.0769305e0 2.9999515e0 5.244e-2 5.244e-2
-1.9230856e0 2.9999515e0 4.9167e-1 4.9167e-1
-1.7692407e0 2.9999515e0 8.2799e-1 8.2799e-1
-1.6153958e0 2.9999515e0 9.9101e-1 9.9101e-1
-1.4615509e0 2.9999515e0 9.4672e-1 9.4672e-1
-1.307706e0 2.9999515e0 7.0428e-1 7.0428e-1
-1.1538611e0 2.9999515e0 3.1448e-1 3.1448e-1
-1.0000162e0 2.9999515e0 -1.4111e-1 -1.4111e-1
-8.461713e-1 2.9999515e0 -5.6718e-1 -5.6718e-1
-6.923264e-1 2.9999515e0 -8.746e-1 -8.746e-1
-5.384814e-1 2.9999515e0 -9.9895e-1 -9.9895e-1
-3.846365e-1 2.9999515e0 -9.143e-1 -9.143e-1
-2.307916e-1 2.9999515e0 -6.3832e-1 -6.3832e-1
-7.69467e-2 2.9999515e0 -2.2878e-1 -2.2878e-1
7.68982e-2 2.9999515e0 2.2862e-1 2.2862e-1
2.307431e-1 2.9999515e0 6.3821e-1 6.3821e-1
3.84588e-1 2.9999515e0 9.1426e-1 9.1426e-1
5.384329e-1 2.9999515e0 9.9895e-1 9.9895e-1
6.922778e-1 2.9999515e0 8.7468e-1 8.7468e-1
8.461227e-1 2.9999515e0 5.6729e-1 5.6729e-1
9.999677e-1 2.9999515e0 1.4125e-1 1.4125e-1
1.1538126e0 2.9999515e0 -3.1435e-1 -3.1435e-1
1.3076575e0 2.9999515e0 -7.0418e-1 -7.0418e-1
1.4615024e0 2.9999515e0 -9.4667e-1 -9.4667e-1
1.6153473e0 2.9999515e0 -9.9104e-1 -9.9104e-1
1.7691922e0 2.9999515e0 -8.2806e-1 -8.2806e-1
1.9230371e0 2.9999515e0 -4.9178e-1 -4.9178e-1
2.076882e0 2.9999515e0 -5.26e-2 -5.26e-2
2.230727e0 2.9999515e0 3.9755e-1 3.9755e-1
2.3845718e0 2.9999515e0 7.6456e-1 7.6456e-1
2.5384167e0 2.9999515e0 9.7157e-1 9.7157e-1
2.6922617e0 2.9999515e0 9.7527e-1 9.7527e-1
2.8461066e0 2.9999515e0 7.7489e-1 7.7489e-1
2.9999515e0 2.9999515e0 4.1235e-1 4.1235e-1
