-3.0e0 -3.0e0 6.4e1 6.4e1
-2.8461551e0 -3.0e0 5.6804773e1 5.6804773e1
-2.6923102e0 -3.0e0 4.99882446e1 4.99882446e1
-2.5384653e0 -3.0e0 4.3550476e1 4.3550476e1
-2.3846204e0 -3.0e0 3.74913208e1 3.74913208e1
-2.2307755e0 -3.0e0 3.18108765e1 3.18108765e1
-2.0769305e0 -3.0e0 2.65091064e1 2.65091064e1
-1.9230856e0 -3.0e0 2.15860474e1 2.15860474e1
-1.7692407e0 -3.0e0 1.70417236e1 1.70417236e1
-1.6153958e0 -3.0e0 1.28760376e1 1.28760376e1
-1.4615509e0 -3.0e0 9.0890503e0 9.0890503e0
-1.307706e0 -3.0e0 5.68074951e0 5.68074951e0
-1.1538611e0 -3.0e0 2.65114746e0 2.65114746e0
-1.0000162e0 -3.0e0 2.68800049e-4 2.68800049e-4
-8.461713e-1 -3.0e0 -2.27195313e0 -2.27195313e0
-6.923264e-1 -3.0e0 -4.16547363e0 -4.16547363e0
-5.384814e-1 -3.0e0 -5.68030151e0 -5.68030151e0
-3.846365e-1 -3.0e0 -6.81643799e0 -6.81643799e0
-2.307916e-1 -3.0e0 -7.57388184e0 -7.57388184e0
-7.69467e-2 -3.0e0 -7.95263428e0 -7.95263428e0
7.68982e-2 -3.0e0 -7.95269409e0 -7.95269409e0
2.307431e-1 -3.0e0 -7.57406128e0 -7.57406128e0
3.84588e-1 -3.0e0 -6.81673706e0 -6.81673706e0
5.384329e-1 -3.0e0 -5.68072021e0 -5.68072021e0
6.922778e-1 -3.0e0 -4.16601074e0 -4.16601074e0
8.461227e-1 -3.0e0 -2.27260986e0 -2.27260986e0
9.999677e-1 -3.0e0 -5.17599976e-4 -5.17599976e-4
1.1538126e0 -3.0e0 2.65028076e0 2.65028076e0
1.3076575e0 -3.0e0 5.67973633e0 5.67973633e0
1.4615024e0 -3.0e0 9.0879028e0 9.0879028e0
1.6153473e0 -3.0e0 1.28747803e1 1.28747803e1
1.7691922e0 -3.0e0 1.7040332e1 1.7040332e1
1.9230371e0 -3.0e0 2.15845947e1 2.15845947e1
2.076882e0 -3.0e0 2.65074951e1 2.65074951e1
2.230727e0 -3.0e0 3.18091309e1 3.18091309e1
2.3845718e0 -3.0e0 3.74894653e1 3.74894653e1
2.5384167e0 -3.0e0 4.35484863e1 4.35484863e1
2.6922617e0 -3.0e0 4.9986206e1 4.9986206e1
2.8461066e0 -3.0e0 5.68025513e1 5.68025513e1
2.9999515e0 -3.0e0 6.39976563e1 6.39976563e1

-3.0e0 -2.8461551e0 5.6804773e1 5.6804773e1
-2.8461551e0 -2.8461551e0 5.04184723e1 5.04184723e1
-2.6923102e0 -2.8461551e0 4.4368295e1 4.4368295e1
-2.5384653e0 -2.8461551e0 3.86542953e1 3.86542953e1
-2.3846204e0 -2.8461551e0 3.32763431e1 3.32763431e1
-2.2307755e0 -2.8461551e0 2.82345251e1 2.82345251e1
-2.0769305e0 -2.8461551e0 2.35288089e1 2.35288089e1
-1.9230856e0 -2.8461551e0 1.91592268e1 1.91592268e1
-1.7692407e0 -2.8461551e0 1.51258006e1 1.51258006e1
-1.6153958e0 -2.8461551e0 1.14284436e1 1.14284436e1
-1.4615509e0 -2.8461551e0 8.06721e0 8.06721e0
-1.307706e0 -2.8461551e0 5.04208884e0 5.04208884e0
-1.1538611e0 -2.8461551e0 2.35309108e0 2.35309108e0
-1.0000162e0 -2.8461551e0 2.38580089e-4 2.38580089e-4
-8.461713e-1 -2.8461551e0 -2.01652783e0 -2.01652783e0
-6.923264e-1 -2.8461551e0 -3.69716849e0 -3.69716849e0
-5.384814e-1 -2.8461551e0 -5.04169121e0 -5.04169121e0
-3.846365e-1 -2.8461551e0 -6.05009706e0 -6.05009706e0
-2.307916e-1 -2.8461551e0 -6.72238496e0 -6.72238496e0
-7.69467e-2 -2.8461551e0 -7.058556e0 -7.058556e0
7.68982e-2 -2.8461551e0 -7.05860909e0 -7.05860909e0
2.307431e-1 -2.8461551e0 -6.72254424e0 -6.72254424e0
3.84588e-1 -2.8461551e0 -6.0503625e0 -6.0503625e0
5.384329e-1 -2.8461551e0 -5.04206284e0 -5.04206284e0
6.922778e-1 -2.8461551e0 -3.69764522e0 -3.69764522e0
8.461227e-1 -2.8461551e0 -2.01711073e0 -2.01711073e0
9.999677e-1 -2.8461551e0 -4.59408578e-4 -4.59408578e-4
1.1538126e0 -2.8461551e0 2.35232182e0 2.35232182e0
1.3076575e0 -2.8461551e0 5.04118956e0 5.04118956e0
1.4615024e0 -2.8461551e0 8.0661914e0 8.0661914e0
1.6153473e0 -2.8461551e0 1.14273276e1 1.14273276e1
1.7691922e0 -2.8461551e0 1.51245654e1 1.51245654e1
1.9230371e0 -2.8461551e0 1.91579375e1 1.91579375e1
2.076882e0 -2.8461551e0 2.35273787e1 2.35273787e1
2.230727e0 -2.8461551e0 2.82329758e1 2.82329758e1
2.3845718e0 -2.8461551e0 3.32746962e1 3.32746962e1
2.5384167e0 -2.8461551e0 3.86525293e1 3.86525293e1
2.6922617e0 -2.8461551e0 4.43664856e1 4.43664856e1
2.8461066e0 -2.8461551e0 5.04165004e1 5.04165004e1
2.9999515e0 -2.8461551e0 5.68026926e1 5.68026926e1

-3.0e0 -2.6923102e0 4.99882446e1 4.99882446e1
-2.8461551e0 -2.6923102e0 4.4368295e1 4.4368295e1
-2.6923102e0 -2.6923102e0 3.90441344e1 3.90441344e1
-2.5384653e0 -2.6923102e0 3.40158101e1 3.40158101e1
-2.3846204e0 -2.6923102e0 2.9283208e1 2.9283208e1
-2.2307755e0 -2.6923102e0 2.48464043e1 2.48464043e1
-2.0769305e0 -2.6923102e0 2.07053702e1 2.07053702e1
-1.9230856e0 -2.6923102e0 1.68601346e1 1.68601346e1
-1.7692407e0 -2.6923102e0 1.33107164e1 1.33107164e1
-1.6153958e0 -2.6923102e0 1.00570392e1 1.00570392e1
-1.4615509e0 -2.6923102e0 7.099151e0 7.099151e0
-1.307706e0 -2.6923102e0 4.43704211e0 4.43704211e0
-1.1538611e0 -2.6923102e0 2.07072198e0 2.07072198e0
-1.0000162e0 -2.6923102e0 2.09950665e-4 2.09950665e-4
-8.461713e-1 -2.6923102e0 -1.77454607e0 -1.77454607e0
-6.923264e-1 -2.6923102e0 -3.25351117e0 -3.25351117e0
-5.384814e-1 -2.6923102e0 -4.4366922e0 -4.4366922e0
-3.846365e-1 -2.6923102e0 -5.32409015e0 -5.32409015e0
-2.307916e-1 -2.6923102e0 -5.91570403e0 -5.91570403e0
-7.69467e-2 -2.6923102e0 -6.2115348e0 -6.2115348e0
7.68982e-2 -2.6923102e0 -6.21158151e0 -6.21158151e0
2.307431e-1 -2.6923102e0 -5.91584418e0 -5.91584418e0
3.84588e-1 -2.6923102e0 -5.32432375e0 -5.32432375e0
5.384329e-1 -2.6923102e0 -4.43701924e0 -4.43701924e0
6.922778e-1 -2.6923102e0 -3.25393068e0 -3.25393068e0
8.461227e-1 -2.6923102e0 -1.77505902e0 -1.77505902e0
9.999677e-1 -2.6923102e0 -4.04279909e-4 -4.04279909e-4
1.1538126e0 -2.6923102e0 2.07004504e0 2.07004504e0
1.3076575e0 -2.6923102e0 4.43625076e0 4.43625076e0
1.4615024e0 -2.6923102e0 7.0982547e0 7.0982547e0
1.6153473e0 -2.6923102e0 1.00560571e1 1.00560571e1
1.7691922e0 -2.6923102e0 1.33096294e1 1.33096294e1
1.9230371e0 -2.6923102e0 1.6859e1 1.6859e1
2.076882e0 -2.6923102e0 2.07041116e1 2.07041116e1
2.230727e0 -2.6923102e0 2.48450407e1 2.48450407e1
2.3845718e0 -2.6923102e0 2.92817587e1 2.92817587e1
2.5384167e0 -2.6923102e0 3.4014256e1 3.4014256e1
2.6922617e0 -2.6923102e0 3.90425421e1 3.90425421e1
2.8461066e0 -2.6923102e0 4.43665598e1 4.43665598e1
2.9999515e0 -2.6923102e0 4.99864139e1 4.99864139e1

-3.0e0 -2.5384653e0 4.3550476e1 4.3550476e1
-2.8461551e0 -2.5384653e0 3.86542953e1 3.86542953e1
-2.6923102e0 -2.5384653e0 3.40158101e1 3.40158101e1
-2.5384653e0 -2.5384653e0 2.9635062e1 2.9635062e1
-2.3846204e0 -2.5384653e0 2.5511951e1 2.5511951e1
-2.2307755e0 -2.5384653e0 2.16465439e1 2.16465439e1
-2.0769305e0 -2.5384653e0 1.80388156e1 1.80388156e1
-1.9230856e0 -2.5384653e0 1.46887912e1 1.46887912e1
-1.7692407e0 -2.5384653e0 1.15964871e1 1.15964871e1
-1.6153958e0 -2.5384653e0 8.7618369e0 8.7618369e0
-1.4615509e0 -2.5384653e0 6.1848822e0 6.1848822e0
-1.307706e0 -2.5384653e0 3.86561476e0 3.86561476e0
-1.1538611e0 -2.5384653e0 1.80404271e0 1.80404271e0
-1.0000162e0 -2.5384653e0 1.82912032e-4 1.82912032e-4
-8.461713e-1 -2.5384653e0 -1.54601e0 -1.54601e0
-6.923264e-1 -2.5384653e0 -2.83450562e0 -2.83450562e0
-5.384814e-1 -2.5384653e0 -3.86530992e0 -3.86530992e0
-3.846365e-1 -2.5384653e0 -4.63842374e0 -4.63842374e0
-2.307916e-1 -2.5384653e0 -5.15384624e0 -5.15384624e0
-7.69467e-2 -2.5384653e0 -5.41157826e0 -5.41157826e0
7.68982e-2 -2.5384653e0 -5.41161896e0 -5.41161896e0
2.307431e-1 -2.5384653e0 -5.15396834e0 -5.15396834e0
3.84588e-1 -2.5384653e0 -4.63862724e0 -4.63862724e0
5.384329e-1 -2.5384653e0 -3.86559483e0 -3.86559483e0
6.922778e-1 -2.5384653e0 -2.83487111e0 -2.83487111e0
8.461227e-1 -2.5384653e0 -1.5464569e0 -1.5464569e0
9.999677e-1 -2.5384653e0 -3.52214458e-4 -3.52214458e-4
1.1538126e0 -2.5384653e0 1.80345294e0 1.80345294e0
1.3076575e0 -2.5384653e0 3.86492532e0 3.86492532e0
1.4615024e0 -2.5384653e0 6.1841014e0 6.1841014e0
1.6153473e0 -2.5384653e0 8.7609813e0 8.7609813e0
1.7691922e0 -2.5384653e0 1.15955402e1 1.15955402e1
1.9230371e0 -2.5384653e0 1.46878027e1 1.46878027e1
2.076882e0 -2.5384653e0 1.80377191e1 1.80377191e1
2.230727e0 -2.5384653e0 2.1645356e1 2.1645356e1
2.3845718e0 -2.5384653e0 2.55106885e1 2.55106885e1
2.5384167e0 -2.5384653e0 2.96337079e1 2.96337079e1
2.6922617e0 -2.5384653e0 3.40144229e1 3.40144229e1
2.8461066e0 -2.5384653e0 3.86527835e1 3.86527835e1
2.9999515e0 -2.5384653e0 4.3548881e1 4.3548881e1

-3.0e0 -2.3846204e0 3.74913208e1 3.74913208e1
-2.8461551e0 -2.3846204e0 3.32763431e1 3.32763431e1
-2.6923102e0 -2.3846204e0 2.9283208e1 2.9283208e1
-2.5384653e0 -2.3846204e0 2.5511951e1 2.5511951e1
-2.3846204e0 -2.3846204e0 2.19624864e1 2.19624864e1
-2.2307755e0 -2.3846204e0 1.86348714e1 1.86348714e1
-2.0769305e0 -2.3846204e0 1.55290845e1 1.55290845e1
-1.9230856e0 -2.3846204e0 1.26451472e1 1.26451472e1
-1.7692407e0 -2.3846204e0 9.9830737e0 9.9830737e0
-1.6153958e0 -2.3846204e0 7.542807e0 7.542807e0
-1.4615509e0 -2.3846204e0 5.3243828e0 5.3243828e0
-1.307706e0 -2.3846204e0 3.32779378e0 3.32779378e0
-1.1538611e0 -2.3846204e0 1.55304718e0 1.55304718e0
-1.0000162e0 -2.3846204e0 1.57463576e-4 1.57463576e-4
-8.461713e-1 -2.3846204e0 -1.33091443e0 -1.33091443e0
-6.923264e-1 -2.3846204e0 -2.4401423e0 -2.4401423e0
-5.384814e-1 -2.3846204e0 -3.32753134e0 -3.32753134e0
-3.846365e-1 -2.3846204e0 -3.99308223e0 -3.99308223e0
-2.307916e-1 -2.3846204e0 -4.43679427e0 -4.43679427e0
-7.69467e-2 -2.3846204e0 -4.65866817e0 -4.65866817e0
7.68982e-2 -2.3846204e0 -4.6587032e0 -4.6587032e0
2.307431e-1 -2.3846204e0 -4.43689938e0 -4.43689938e0
3.84588e-1 -2.3846204e0 -3.99325743e0 -3.99325743e0
5.384329e-1 -2.3846204e0 -3.32777661e0 -3.32777661e0
6.922778e-1 -2.3846204e0 -2.44045695e0 -2.44045695e0
8.461227e-1 -2.3846204e0 -1.33129913e0 -1.33129913e0
9.999677e-1 -2.3846204e0 -3.03211041e-4 -3.03211041e-4
1.1538126e0 -2.3846204e0 1.55253946e0 1.55253946e0
1.3076575e0 -2.3846204e0 3.32720026e0 3.32720026e0
1.4615024e0 -2.3846204e0 5.3237106e0 5.3237106e0
1.6153473e0 -2.3846204e0 7.5420705e0 7.5420705e0
1.7691922e0 -2.3846204e0 9.9822586e0 9.9822586e0
1.9230371e0 -2.3846204e0 1.26442963e1 1.26442963e1
2.076882e0 -2.3846204e0 1.55281406e1 1.55281406e1
2.230727e0 -2.3846204e0 1.86338489e1 1.86338489e1
2.3845718e0 -2.3846204e0 2.19613995e1 2.19613995e1
2.5384167e0 -2.3846204e0 2.55107854e1 2.55107854e1
2.6922617e0 -2.3846204e0 2.92820139e1 2.92820139e1
2.8461066e0 -2.3846204e0 3.32750417e1 3.32750417e1
2.9999515e0 -2.3846204e0 3.74899478e1 3.74899478e1

-3.0e0 -2.2307755e0 3.18108765e1 3.18108765e1
-2.8461551e0 -2.2307755e0 2.82345251e1 2.82345251e1
-2.6923102e0 -2.2307755e0 2.48464043e1 2.48464043e1
-2.5384653e0 -2.2307755e0 2.16465439e1 2.16465439e1
-2.3846204e0 -2.2307755e0 1.86348714e1 1.86348714e1
-2.2307755e0 -2.2307755e0 1.58114352e1 1.58114352e1
-2.0769305e0 -2.2307755e0 1.31762173e1 1.31762173e1
-1.9230856e0 -2.2307755e0 1.07292357e1 1.07292357e1
-1.7692407e0 -2.2307755e0 8.4705025e0 8.4705025e0
-1.6153958e0 -2.2307755e0 6.3999693e0 6.3999693e0
-1.4615509e0 -2.2307755e0 4.5176665e0 4.5176665e0
-1.307706e0 -2.2307755e0 2.82358781e0 2.82358781e0
-1.1538611e0 -2.2307755e0 1.31773944e0 1.31773944e0
-1.0000162e0 -2.2307755e0 1.33605705e-4 1.33605705e-4
-8.461713e-1 -2.2307755e0 -1.1292628e0 -1.1292628e0
-6.923264e-1 -2.2307755e0 -2.0704276e0 -2.0704276e0
-5.384814e-1 -2.2307755e0 -2.82336514e0 -2.82336514e0
-3.846365e-1 -2.2307755e0 -3.38807603e0 -3.38807603e0
-2.307916e-1 -2.2307755e0 -3.76455968e0 -3.76455968e0
-7.69467e-2 -2.2307755e0 -3.95281665e0 -3.95281665e0
7.68982e-2 -2.2307755e0 -3.95284639e0 -3.95284639e0
2.307431e-1 -2.2307755e0 -3.76464886e0 -3.76464886e0
3.84588e-1 -2.2307755e0 -3.38822469e0 -3.38822469e0
5.384329e-1 -2.2307755e0 -2.82357326e0 -2.82357326e0
6.922778e-1 -2.2307755e0 -2.07069456e0 -2.07069456e0
8.461227e-1 -2.2307755e0 -1.12958923e0 -1.12958923e0
9.999677e-1 -2.2307755e0 -2.5727045e-4 -2.5727045e-4
1.1538126e0 -2.2307755e0 1.31730865e0 1.31730865e0
1.3076575e0 -2.2307755e0 2.82308423e0 2.82308423e0
1.4615024e0 -2.2307755e0 4.5170961e0 4.5170961e0
1.6153473e0 -2.2307755e0 6.3993443e0 6.3993443e0
1.7691922e0 -2.2307755e0 8.4698108e0 8.4698108e0
1.9230371e0 -2.2307755e0 1.07285136e1 1.07285136e1
2.076882e0 -2.2307755e0 1.31754164e1 1.31754164e1
2.230727e0 -2.2307755e0 1.58105676e1 1.58105676e1
2.3845718e0 -2.2307755e0 1.86339491e1 1.86339491e1
2.5384167e0 -2.2307755e0 2.1645555e1 2.1645555e1
2.6922617e0 -2.2307755e0 2.4845391e1 2.4845391e1
2.8461066e0 -2.2307755e0 2.82334209e1 2.82334209e1
2.9999515e0 -2.2307755e0 3.18097115e1 3.18097115e1

-3.0e0 -2.0769305e0 2.65091064e1 2.65091064e1
-2.8461551e0 -2.0769305e0 2.35288089e1 2.35288089e1
-2.6923102e0 -2.0769305e0 2.07053702e1 2.07053702e1
-2.5384653e0 -2.0769305e0 1.80388156e1 1.80388156e1
-2.3846204e0 -2.0769305e0 1.55290845e1 1.55290845e1
-2.2307755e0 -2.0769305e0 1.31762173e1 1.31762173e1
-2.0769305e0 -2.0769305e0 1.09801987e1 1.09801987e1
-1.9230856e0 -2.0769305e0 8.9410442e0 8.9410442e0
-1.7692407e0 -2.0769305e0 7.0587634e0 7.0587634e0
-1.6153958e0 -2.0769305e0 5.3333163e0 5.3333163e0
-1.4615509e0 -2.0769305e0 3.7647281e0 3.7647281e0
-1.307706e0 -2.0769305e0 2.35299364e0 2.35299364e0
-1.1538611e0 -2.0769305e0 1.09811797e0 1.09811797e0
-1.0000162e0 -2.0769305e0 1.11338266e-4 1.11338266e-4
-8.461713e-1 -2.0769305e0 -9.4105385e-1 -9.4105385e-1
-6.923264e-1 -2.0769305e0 -1.72535912e0 -1.72535912e0
-5.384814e-1 -2.0769305e0 -2.35280807e0 -2.35280807e0
-3.846365e-1 -2.0769305e0 -2.82340125e0 -2.82340125e0
-2.307916e-1 -2.0769305e0 -3.1371381e0 -3.1371381e0
-7.69467e-2 -2.0769305e0 -3.2940192e0 -3.2940192e0
7.68982e-2 -2.0769305e0 -3.29404396e0 -3.29404396e0
2.307431e-1 -2.0769305e0 -3.13721243e0 -3.13721243e0
3.84588e-1 -2.0769305e0 -2.82352512e0 -2.82352512e0
5.384329e-1 -2.0769305e0 -2.3529815e0 -2.3529815e0
6.922778e-1 -2.0769305e0 -1.72558159e0 -1.72558159e0
8.461227e-1 -2.0769305e0 -9.4132588e-1 -9.4132588e-1
9.999677e-1 -2.0769305e0 -2.14392387e-4 -2.14392387e-4
1.1538126e0 -2.0769305e0 1.09775897e0 1.09775897e0
1.3076575e0 -2.0769305e0 2.35257397e0 2.35257397e0
1.4615024e0 -2.0769305e0 3.7642528e0 3.7642528e0
1.6153473e0 -2.0769305e0 5.3327956e0 5.3327956e0
1.7691922e0 -2.0769305e0 7.0581871e0 7.0581871e0
1.9230371e0 -2.0769305e0 8.9404424e0 8.9404424e0
2.076882e0 -2.0769305e0 1.09795313e1 1.09795313e1
2.230727e0 -2.0769305e0 1.31754942e1 1.31754942e1
2.3845718e0 -2.0769305e0 1.5528316e1 1.5528316e1
2.5384167e0 -2.0769305e0 1.80379915e1 1.80379915e1
2.6922617e0 -2.0769305e0 2.07045258e1 2.07045258e1
2.8461066e0 -2.0769305e0 2.35278886e1 2.35278886e1
2.9999515e0 -2.0769305e0 2.65081355e1 2.65081355e1

-3.0e0 -1.9230856e0 2.15860474e1 2.15860474e1
-2.8461551e0 -1.9230856e0 1.91592268e1 1.91592268e1
-2.6923102e0 -1.9230856e0 1.68601346e1 1.68601346e1
-2.5384653e0 -1.9230856e0 1.46887912e1 1.46887912e1
-2.3846204e0 -1.9230856e0 1.26451472e1 1.26451472e1
-2.2307755e0 -1.9230856e0 1.07292357e1 1.07292357e1
-2.0769305e0 -1.9230856e0 8.9410442e0 8.9410442e0
-1.9230856e0 -1.9230856e0 7.2805849e0 7.2805849e0
-1.7692407e0 -1.9230856e0 5.7478664e0 5.7478664e0
-1.6153958e0 -1.9230856e0 4.3428555e0 4.3428555e0
-1.4615509e0 -1.9230856e0 3.065573e0 3.065573e0
-1.307706e0 -1.9230856e0 1.9160145e0 1.9160145e0
-1.1538611e0 -1.9230856e0 8.9418428e-1 8.9418428e-1
-1.0000162e0 -1.9230856e0 9.0661415e-5 9.0661415e-5
-8.461713e-1 -1.9230856e0 -7.6628886e-1 -7.6628886e-1
-6.923264e-1 -1.9230856e0 -1.40493922e0 -1.40493922e0
-5.384814e-1 -1.9230856e0 -1.91586339e0 -1.91586339e0
-3.846365e-1 -1.9230856e0 -2.29906177e0 -2.29906177e0
-2.307916e-1 -1.9230856e0 -2.55453394e0 -2.55453394e0
-7.69467e-2 -1.9230856e0 -2.6822803e0 -2.6822803e0
7.68982e-2 -1.9230856e0 -2.68230048e0 -2.68230048e0
2.307431e-1 -1.9230856e0 -2.55459445e0 -2.55459445e0
3.84588e-1 -1.9230856e0 -2.29916263e0 -2.29916263e0
5.384329e-1 -1.9230856e0 -1.91600461e0 -1.91600461e0
6.922778e-1 -1.9230856e0 -1.40512039e0 -1.40512039e0
8.461227e-1 -1.9230856e0 -7.6651038e-1 -7.6651038e-1
9.999677e-1 -1.9230856e0 -1.74577148e-4 -1.74577148e-4
1.1538126e0 -1.9230856e0 8.9389197e-1 8.9389197e-1
1.3076575e0 -1.9230856e0 1.91567276e0 1.91567276e0
1.4615024e0 -1.9230856e0 3.0651859e0 3.0651859e0
1.6153473e0 -1.9230856e0 4.3424315e0 4.3424315e0
1.7691922e0 -1.9230856e0 5.747397e0 5.747397e0
1.9230371e0 -1.9230856e0 7.280095e0 7.280095e0
2.076882e0 -1.9230856e0 8.9405006e0 8.9405006e0
2.230727e0 -1.9230856e0 1.07286469e1 1.07286469e1
2.3845718e0 -1.9230856e0 1.26445213e1 1.26445213e1
2.5384167e0 -1.9230856e0 1.46881201e1 1.46881201e1
2.6922617e0 -1.9230856e0 1.6859447e1 1.6859447e1
2.8461066e0 -1.9230856e0 1.91584775e1 1.91584775e1
2.9999515e0 -1.9230856e0 2.15852568e1 2.15852568e1

-3.0e0 -1.7692407e0 1.70417236e1 1.70417236e1
-2.8461551e0 -1.7692407e0 1.51258006e1 1.51258006e1
-2.6923102e0 -1.7692407e0 1.33107164e1 1.33107164e1
-2.5384653e0 -1.7692407e0 1.15964871e1 1.15964871e1
-2.3846204e0 -1.7692407e0 9.9830737e0 9.9830737e0
-2.2307755e0 -1.7692407e0 8.4705025e0 8.4705025e0
-2.0769305e0 -1.7692407e0 7.0587634e0 7.0587634e0
-1.9230856e0 -1.7692407e0 5.7478664e0 5.7478664e0
-1.7692407e0 -1.7692407e0 4.5378178e0 4.5378178e0
-1.6153958e0 -1.7692407e0 3.4285918e0 3.4285918e0
-1.4615509e0 -1.7692407e0 2.4202043e0 2.4202043e0
-1.307706e0 -1.7692407e0 1.51265254e0 1.51265254e0
-1.1538611e0 -1.7692407e0 7.059394e-1 7.059394e-1
-1.0000162e0 -1.7692407e0 7.1575252e-5 7.1575252e-5
-8.461713e-1 -1.7692407e0 -6.049687e-1 -6.049687e-1
-6.923264e-1 -1.7692407e0 -1.10916953e0 -1.10916953e0
-5.384814e-1 -1.7692407e0 -1.51253325e0 -1.51253325e0
-3.846365e-1 -1.7692407e0 -1.81506018e0 -1.81506018e0
-2.307916e-1 -1.7692407e0 -2.01675002e0 -2.01675002e0
-7.69467e-2 -1.7692407e0 -2.11760304e0 -2.11760304e0
7.68982e-2 -1.7692407e0 -2.11761897e0 -2.11761897e0
2.307431e-1 -1.7692407e0 -2.01679779e0 -2.01679779e0
3.84588e-1 -1.7692407e0 -1.81513982e0 -1.81513982e0
5.384329e-1 -1.7692407e0 -1.51264474e0 -1.51264474e0
6.922778e-1 -1.7692407e0 -1.10931255e0 -1.10931255e0
8.461227e-1 -1.7692407e0 -6.0514357e-1 -6.0514357e-1
9.999677e-1 -1.7692407e0 -1.37824933e-4 -1.37824933e-4
1.1538126e0 -1.7692407e0 7.0570862e-1 7.0570862e-1
1.3076575e0 -1.7692407e0 1.51238275e0 1.51238275e0
1.4615024e0 -1.7692407e0 2.4198988e0 2.4198988e0
1.6153473e0 -1.7692407e0 3.4282568e0 3.4282568e0
1.7691922e0 -1.7692407e0 4.5374472e0 4.5374472e0
1.9230371e0 -1.7692407e0 5.7474796e0 5.7474796e0
2.076882e0 -1.7692407e0 7.0583344e0 7.0583344e0
2.230727e0 -1.7692407e0 8.4700377e0 8.4700377e0
2.3845718e0 -1.7692407e0 9.9825797e0 9.9825797e0
2.5384167e0 -1.7692407e0 1.15959572e1 1.15959572e1
2.6922617e0 -1.7692407e0 1.33101735e1 1.33101735e1
2.8461066e0 -1.7692407e0 1.5125209e1 1.5125209e1
2.9999515e0 -1.7692407e0 1.70410994e1 1.70410994e1

-3.0e0 -1.6153958e0 1.28760376e1 1.28760376e1
-2.8461551e0 -1.6153958e0 1.14284436e1 1.14284436e1
-2.6923102e0 -1.6153958e0 1.00570392e1 1.00570392e1
-2.5384653e0 -1.6153958e0 8.7618369e0 8.7618369e0
-2.3846204e0 -1.6153958e0 7.542807e0 7.542807e0
-2.2307755e0 -1.6153958e0 6.3999693e0 6.3999693e0
-2.0769305e0 -1.6153958e0 5.3333163e0 5.3333163e0
-1.9230856e0 -1.6153958e0 4.3428555e0 4.3428555e0
-1.7692407e0 -1.6153958e0 3.4285918e0 3.4285918e0
-1.6153958e0 -1.6153958e0 2.5905054e0 2.5905054e0
-1.4615509e0 -1.6153958e0 1.8286086e0 1.8286086e0
-1.307706e0 -1.6153958e0 1.14289912e0 1.14289912e0
-1.1538611e0 -1.6153958e0 5.3337927e-1 5.3337927e-1
-1.0000162e0 -1.6153958e0 5.4079367e-5 5.4079367e-5
-8.461713e-1 -1.6153958e0 -4.5708989e-1 -4.5708989e-1
-6.923264e-1 -1.6153958e0 -8.3804367e-1 -8.3804367e-1
-5.384814e-1 -1.6153958e0 -1.14280899e0 -1.14280899e0
-3.846365e-1 -1.6153958e0 -1.37138611e0 -1.37138611e0
-2.307916e-1 -1.6153958e0 -1.5237748e0 -1.5237748e0
-7.69467e-2 -1.6153958e0 -1.59997527e0 -1.59997527e0
7.68982e-2 -1.6153958e0 -1.5999873e0 -1.5999873e0
2.307431e-1 -1.6153958e0 -1.5238109e0 -1.5238109e0
3.84588e-1 -1.6153958e0 -1.37144629e0 -1.37144629e0
5.384329e-1 -1.6153958e0 -1.14289323e0 -1.14289323e0
6.922778e-1 -1.6153958e0 -8.3815173e-1 -8.3815173e-1
8.461227e-1 -1.6153958e0 -4.5722203e-1 -4.5722203e-1
9.999677e-1 -1.6153958e0 -1.04134949e-4 -1.04134949e-4
1.1538126e0 -1.6153958e0 5.3320491e-1 5.3320491e-1
1.3076575e0 -1.6153958e0 1.14269528e0 1.14269528e0
1.4615024e0 -1.6153958e0 1.8283777e0 1.8283777e0
1.6153473e0 -1.6153958e0 2.5902524e0 2.5902524e0
1.7691922e0 -1.6153958e0 3.4283118e0 3.4283118e0
1.9230371e0 -1.6153958e0 4.3425633e0 4.3425633e0
2.076882e0 -1.6153958e0 5.3329921e0 5.3329921e0
2.230727e0 -1.6153958e0 6.399618e0 6.399618e0
2.3845718e0 -1.6153958e0 7.5424338e0 7.5424338e0
2.5384167e0 -1.6153958e0 8.7614366e0 8.7614366e0
2.6922617e0 -1.6153958e0 1.00566292e1 1.00566292e1
2.8461066e0 -1.6153958e0 1.14279965e1 1.14279965e1
2.9999515e0 -1.6153958e0 1.2875566e1 1.2875566e1

-3.0e0 -1.4615509e0 9.0890503e0 9.0890503e0
-2.8461551e0 -1.4615509e0 8.06721e0 8.06721e0
-2.6923102e0 -1.4615509e0 7.099151e0 7.099151e0
-2.5384653e0 -1.4615509e0 6.1848822e0 6.1848822e0
-2.3846204e0 -1.4615509e0 5.3243828e0 5.3243828e0
-2.2307755e0 -1.4615509e0 4.5176665e0 4.5176665e0
-2.0769305e0 -1.4615509e0 3.7647281e0 3.7647281e0
-1.9230856e0 -1.4615509e0 3.065573e0 3.065573e0
-1.7692407e0 -1.4615509e0 2.4202043e0 2.4202043e0
-1.6153958e0 -1.4615509e0 1.8286086e0 1.8286086e0
-1.4615509e0 -1.4615509e0 1.2907942e0 1.2907942e0
-1.307706e0 -1.4615509e0 8.0675964e-1 8.0675964e-1
-1.1538611e0 -1.4615509e0 3.7650644e-1 3.7650644e-1
-1.0000162e0 -1.4615509e0 3.8174017e-5 3.8174017e-5
-8.461713e-1 -1.4615509e0 -3.2265462e-1 -3.2265462e-1
-6.923264e-1 -1.4615509e0 -5.9156561e-1 -5.9156561e-1
-5.384814e-1 -1.4615509e0 -8.0669603e-1 -8.0669603e-1
-3.846365e-1 -1.4615509e0 -9.6804605e-1 -9.6804605e-1
-2.307916e-1 -1.4615509e0 -1.07561551e0 -1.07561551e0
-7.69467e-2 -1.4615509e0 -1.12940457e0 -1.12940457e0
7.68982e-2 -1.4615509e0 -1.12941307e0 -1.12941307e0
2.307431e-1 -1.4615509e0 -1.07564099e0 -1.07564099e0
3.84588e-1 -1.4615509e0 -9.6808852e-1 -9.6808852e-1
5.384329e-1 -1.4615509e0 -8.067555e-1 -8.067555e-1
6.922778e-1 -1.4615509e0 -5.9164189e-1 -5.9164189e-1
8.461227e-1 -1.4615509e0 -3.227479e-1 -3.227479e-1
9.999677e-1 -1.4615509e0 -7.350769e-5 -7.350769e-5
1.1538126e0 -1.4615509e0 3.7638335e-1 3.7638335e-1
1.3076575e0 -1.4615509e0 8.0661575e-1 8.0661575e-1
1.4615024e0 -1.4615509e0 1.2906313e0 1.2906313e0
1.6153473e0 -1.4615509e0 1.82843e0 1.82843e0
1.7691922e0 -1.4615509e0 2.4200067e0 2.4200067e0
1.9230371e0 -1.4615509e0 3.0653667e0 3.0653667e0
2.076882e0 -1.4615509e0 3.7644992e0 3.7644992e0
2.230727e0 -1.4615509e0 4.5174185e0 4.5174185e0
2.3845718e0 -1.4615509e0 5.3241193e0 5.3241193e0
2.5384167e0 -1.4615509e0 6.1845996e0 6.1845996e0
2.6922617e0 -1.4615509e0 7.0988615e0 7.0988615e0
2.8461066e0 -1.4615509e0 8.0668944e0 8.0668944e0
2.9999515e0 -1.4615509e0 9.0887173e0 9.0887173e0

-3.0e0 -1.307706e0 5.68074951e0 5.68074951e0
-2.8461551e0 -1.307706e0 5.04208884e0 5.04208884e0
-2.6923102e0 -1.307706e0 4.43704211e0 4.43704211e0
-2.5384653e0 -1.307706e0 3.86561476e0 3.86561476e0
-2.3846204e0 -1.307706e0 3.32779378e0 3.32779378e0
-2.2307755e0 -1.307706e0 2.82358781e0 2.82358781e0
-2.0769305e0 -1.307706e0 2.35299364e0 2.35299364e0
-1.9230856e0 -1.307706e0 1.9160145e0 1.9160145e0
-1.7692407e0 -1.307706e0 1.51265254e0 1.51265254e0
-1.6153958e0 -1.307706e0 1.14289912e0 1.14289912e0
-1.4615509e0 -1.307706e0 8.0675964e-1 8.0675964e-1
-1.307706e0 -1.307706e0 5.04233046e-1 5.04233046e-1
-1.1538611e0 -1.307706e0 2.35320384e-1 2.35320384e-1
-1.0000162e0 -1.307706e0 2.38591522e-5 2.38591522e-5
-8.461713e-1 -1.307706e0 -2.01662447e-1 -2.01662447e-1
-6.923264e-1 -1.307706e0 -3.69734567e-1 -3.69734567e-1
-5.384814e-1 -1.307706e0 -5.04193282e-1 -5.04193282e-1
-3.846365e-1 -1.307706e0 -6.050387e-1 -6.050387e-1
-2.307916e-1 -1.307706e0 -6.7227071e-1 -6.7227071e-1
-7.69467e-2 -1.307706e0 -7.05889426e-1 -7.05889426e-1
7.68982e-2 -1.307706e0 -7.05894734e-1 -7.05894734e-1
2.307431e-1 -1.307706e0 -6.72286638e-1 -6.72286638e-1
3.84588e-1 -1.307706e0 -6.05065245e-1 -6.05065245e-1
5.384329e-1 -1.307706e0 -5.04230446e-1 -5.04230446e-1
6.922778e-1 -1.307706e0 -3.69782242e-1 -3.69782242e-1
8.461227e-1 -1.307706e0 -2.0172074e-1 -2.0172074e-1
9.999677e-1 -1.307706e0 -4.59430594e-5 -4.59430594e-5
1.1538126e0 -1.307706e0 2.35243454e-1 2.35243454e-1
1.3076575e0 -1.307706e0 5.04143114e-1 5.04143114e-1
1.4615024e0 -1.307706e0 8.0665779e-1 8.0665779e-1
1.6153473e0 -1.307706e0 1.14278752e0 1.14278752e0
1.7691922e0 -1.307706e0 1.51252902e0 1.51252902e0
1.9230371e0 -1.307706e0 1.91588556e0 1.91588556e0
2.076882e0 -1.307706e0 2.35285062e0 2.35285062e0
2.230727e0 -1.307706e0 2.82343288e0 2.82343288e0
2.3845718e0 -1.307706e0 3.32762909e0 3.32762909e0
2.5384167e0 -1.307706e0 3.86543816e0 3.86543816e0
2.6922617e0 -1.307706e0 4.43686118e0 4.43686118e0
2.8461066e0 -1.307706e0 5.04189163e0 5.04189163e0
2.9999515e0 -1.307706e0 5.68054147e0 5.68054147e0

-3.0e0 -1.1538611e0 2.65114746e0 2.65114746e0
-2.8461551e0 -1.1538611e0 2.35309108e0 2.35309108e0
-2.6923102e0 -1.1538611e0 2.07072198e0 2.07072198e0
-2.5384653e0 -1.1538611e0 1.80404271e0 1.80404271e0
-2.3846204e0 -1.1538611e0 1.55304718e0 1.55304718e0
-2.2307755e0 -1.1538611e0 1.31773944e0 1.31773944e0
-2.0769305e0 -1.1538611e0 1.09811797e0 1.09811797e0
-1.9230856e0 -1.1538611e0 8.9418428e-1 8.9418428e-1
-1.7692407e0 -1.1538611e0 7.059394e-1 7.059394e-1
-1.6153958e0 -1.1538611e0 5.3337927e-1 5.3337927e-1
-1.4615509e0 -1.1538611e0 3.7650644e-1 3.7650644e-1
-1.307706e0 -1.1538611e0 2.35320384e-1 2.35320384e-1
-1.1538611e0 -1.1538611e0 1.09821606e-1 1.09821606e-1
-1.0000162e0 -1.1538611e0 1.11348213e-5 1.11348213e-5
-8.461713e-1 -1.1538611e0 -9.4113792e-2 -9.4113792e-2
-6.923264e-1 -1.1538611e0 -1.72551324e-1 -1.72551324e-1
-5.384814e-1 -1.1538611e0 -2.35301826e-1 -2.35301826e-1
-3.846365e-1 -1.1538611e0 -2.82365347e-1 -2.82365347e-1
-2.307916e-1 -1.1538611e0 -3.13741837e-1 -3.13741837e-1
-7.69467e-2 -1.1538611e0 -3.29431346e-1 -3.29431346e-1
7.68982e-2 -1.1538611e0 -3.29433824e-1 -3.29433824e-1
2.307431e-1 -1.1538611e0 -3.1374927e-1 -3.1374927e-1
3.84588e-1 -1.1538611e0 -2.82377736e-1 -2.82377736e-1
5.384329e-1 -1.1538611e0 -2.35319171e-1 -2.35319171e-1
6.922778e-1 -1.1538611e0 -1.72573575e-1 -1.72573575e-1
8.461227e-1 -1.1538611e0 -9.4140997e-2 -9.4140997e-2
9.999677e-1 -1.1538611e0 -2.1441154e-5 -2.1441154e-5
1.1538126e0 -1.1538611e0 1.09785704e-1 1.09785704e-1
1.3076575e0 -1.1538611e0 2.35278413e-1 2.35278413e-1
1.4615024e0 -1.1538611e0 3.7645891e-1 3.7645891e-1
1.6153473e0 -1.1538611e0 5.333272e-1 5.333272e-1
1.7691922e0 -1.1538611e0 7.0588176e-1 7.0588176e-1
1.9230371e0 -1.1538611e0 8.9412411e-1 8.9412411e-1
2.076882e0 -1.1538611e0 1.09805122e0 1.09805122e0
2.230727e0 -1.1538611e0 1.31766713e0 1.31766713e0
2.3845718e0 -1.1538611e0 1.55297032e0 1.55297032e0
2.5384167e0 -1.1538611e0 1.80396028e0 1.80396028e0
2.6922617e0 -1.1538611e0 2.07063754e0 2.07063754e0
2.8461066e0 -1.1538611e0 2.35299905e0 2.35299905e0
2.9999515e0 -1.1538611e0 2.65105037e0 2.65105037e0

-3.0e0 -1.0000162e0 2.68800049e-4 2.68800049e-4
-2.8461551e0 -1.0000162e0 2.38580089e-4 2.38580089e-4
-2.6923102e0 -1.0000162e0 2.09950665e-4 2.09950665e-4
-2.5384653e0 -1.0000162e0 1.82912032e-4 1.82912032e-4
-2.3846204e0 -1.0000162e0 1.57463576e-4 1.57463576e-4
-2.2307755e0 -1.0000162e0 1.33605705e-4 1.33605705e-4
-2.0769305e0 -1.0000162e0 1.11338266e-4 1.11338266e-4
-1.9230856e0 -1.0000162e0 9.0661415e-5 9.0661415e-5
-1.7692407e0 -1.0000162e0 7.1575252e-5 7.1575252e-5
-1.6153958e0 -1.0000162e0 5.4079367e-5 5.4079367e-5
-1.4615509e0 -1.0000162e0 3.8174017e-5 3.8174017e-5
-1.307706e0 -1.0000162e0 2.38591522e-5 2.38591522e-5
-1.1538611e0 -1.0000162e0 1.11348213e-5 1.11348213e-5
-1.0000162e0 -1.0000162e0 1.1289604e-9 1.1289604e-9
-8.461713e-1 -1.0000162e0 -9.5422047e-6 -9.5422047e-6
-6.923264e-1 -1.0000162e0 -1.74949924e-5 -1.74949924e-5
-5.384814e-1 -1.0000162e0 -2.38572707e-5 -2.38572707e-5
-3.846365e-1 -1.0000162e0 -2.86290446e-5 -2.86290446e-5
-2.307916e-1 -1.0000162e0 -3.18103094e-5 -3.18103094e-5
-7.69467e-2 -1.0000162e0 -3.340107e-5 -3.340107e-5
7.68982e-2 -1.0000162e0 -3.34013211e-5 -3.34013211e-5
2.307431e-1 -1.0000162e0 -3.18110631e-5 -3.18110631e-5
3.84588e-1 -1.0000162e0 -2.86303008e-5 -2.86303008e-5
5.384329e-1 -1.0000162e0 -2.38590292e-5 -2.38590292e-5
6.922778e-1 -1.0000162e0 -1.74972482e-5 -1.74972482e-5
8.461227e-1 -1.0000162e0 -9.544963e-6 -9.544963e-6
9.999677e-1 -1.0000162e0 -2.17392029e-9 -2.17392029e-9
1.1538126e0 -1.0000162e0 1.11311812e-5 1.11311812e-5
1.3076575e0 -1.0000162e0 2.38548969e-5 2.38548969e-5
1.4615024e0 -1.0000162e0 3.8169199e-5 3.8169199e-5
1.6153473e0 -1.0000162e0 5.4074086e-5 5.4074086e-5
1.7691922e0 -1.0000162e0 7.1569406e-5 7.1569406e-5
1.9230371e0 -1.0000162e0 9.0655313e-5 9.0655313e-5
2.076882e0 -1.0000162e0 1.11331499e-4 1.11331499e-4
2.230727e0 -1.0000162e0 1.33598373e-4 1.33598373e-4
2.3845718e0 -1.0000162e0 1.57455782e-4 1.57455782e-4
2.5384167e0 -1.0000162e0 1.82903674e-4 1.82903674e-4
2.6922617e0 -1.0000162e0 2.09942102e-4 2.09942102e-4
2.8461066e0 -1.0000162e0 2.38570758e-4 2.38570758e-4
2.9999515e0 -1.0000162e0 2.68790204e-4 2.68790204e-4

-3.0e0 -8.461713e-1 -2.27195313e0 -2.27195313e0
-2.8461551e0 -8.461713e-1 -2.01652783e0 -2.01652783e0
-2.6923102e0 -8.461713e-1 -1.77454607e0 -1.77454607e0
-2.5384653e0 -8.461713e-1 -1.54601e0 -1.54601e0
-2.3846204e0 -8.461713e-1 -1.33091443e0 -1.33091443e0
-2.2307755e0 -8.461713e-1 -1.1292628e0 -1.1292628e0
-2.0769305e0 -8.461713e-1 -9.4105385e-1 -9.4105385e-1
-1.9230856e0 -8.461713e-1 -7.6628886e-1 -7.6628886e-1
-1.7692407e0 -8.461713e-1 -6.049687e-1 -6.049687e-1
-1.6153958e0 -8.461713e-1 -4.5708989e-1 -4.5708989e-1
-1.4615509e0 -8.461713e-1 -3.2265462e-1 -3.2265462e-1
-1.307706e0 -8.461713e-1 -2.01662447e-1 -2.01662447e-1
-1.1538611e0 -8.461713e-1 -9.4113792e-2 -9.4113792e-2
-1.0000162e0 -8.461713e-1 -9.5422047e-6 -9.5422047e-6
-8.461713e-1 -8.461713e-1 8.0652672e-2 8.0652672e-2
-6.923264e-1 -8.461713e-1 1.47871262e-1 1.47871262e-1
-5.384814e-1 -8.461713e-1 2.01646542e-1 2.01646542e-1
-3.846365e-1 -8.461713e-1 2.41978555e-1 2.41978555e-1
-2.307916e-1 -8.461713e-1 2.68867258e-1 2.68867258e-1
-7.69467e-2 -8.461713e-1 2.8231269e-1 2.8231269e-1
7.68982e-2 -8.461713e-1 2.82314815e-1 2.82314815e-1
2.307431e-1 -8.461713e-1 2.68873627e-1 2.68873627e-1
3.84588e-1 -8.461713e-1 2.41989172e-1 2.41989172e-1
5.384329e-1 -8.461713e-1 2.01661406e-1 2.01661406e-1
6.922778e-1 -8.461713e-1 1.47890329e-1 1.47890329e-1
8.461227e-1 -8.461713e-1 8.0675984e-2 8.0675984e-2
9.999677e-1 -8.461713e-1 1.837442e-5 1.837442e-5
1.1538126e0 -8.461713e-1 -9.4083025e-2 -9.4083025e-2
1.3076575e0 -8.461713e-1 -2.01626479e-1 -2.01626479e-1
1.4615024e0 -8.461713e-1 -3.2261389e-1 -3.2261389e-1
1.6153473e0 -8.461713e-1 -4.5704526e-1 -4.5704526e-1
1.7691922e0 -8.461713e-1 -6.049193e-1 -6.049193e-1
1.9230371e0 -8.461713e-1 -7.6623729e-1 -7.6623729e-1
2.076882e0 -8.461713e-1 -9.4099666e-1 -9.4099666e-1
2.230727e0 -8.461713e-1 -1.12920084e0 -1.12920084e0
2.3845718e0 -8.461713e-1 -1.33084856e0 -1.33084856e0
2.5384167e0 -8.461713e-1 -1.54593936e0 -1.54593936e0
2.6922617e0 -8.461713e-1 -1.7744737e0 -1.7744737e0
2.8461066e0 -8.461713e-1 -2.01644896e0 -2.01644896e0
2.9999515e0 -8.461713e-1 -2.27186992e0 -2.27186992e0

-3.0e0 -6.923264e-1 -4.16547363e0 -4.16547363e0
-2.8461551e0 -6.923264e-1 -3.69716849e0 -3.69716849e0
-2.6923102e0 -6.923264e-1 -3.25351117e0 -3.25351117e0
-2.5384653e0 -6.923264e-1 -2.83450562e0 -2.83450562e0
-2.3846204e0 -6.923264e-1 -2.4401423e0 -2.4401423e0
-2.2307755e0 -6.923264e-1 -2.0704276e0 -2.0704276e0
-2.0769305e0 -6.923264e-1 -1.72535912e0 -1.72535912e0
-1.9230856e0 -6.923264e-1 -1.40493922e0 -1.40493922e0
-1.7692407e0 -6.923264e-1 -1.10916953e0 -1.10916953e0
-1.6153958e0 -6.923264e-1 -8.3804367e-1 -8.3804367e-1
-1.4615509e0 -6.923264e-1 -5.9156561e-1 -5.9156561e-1
-1.307706e0 -6.923264e-1 -3.69734567e-1 -3.69734567e-1
-1.1538611e0 -6.923264e-1 -1.72551324e-1 -1.72551324e-1
-1.0000162e0 -6.923264e-1 -1.74949924e-5 -1.74949924e-5
-8.461713e-1 -6.923264e-1 1.47871262e-1 1.47871262e-1
-6.923264e-1 -6.923264e-1 2.71112039e-1 2.71112039e-1
-5.384814e-1 -6.923264e-1 3.69705408e-1 3.69705408e-1
-3.846365e-1 -6.923264e-1 4.43651448e-1 4.43651448e-1
-2.307916e-1 -6.923264e-1 4.9295008e-1 4.9295008e-1
-7.69467e-2 -6.923264e-1 5.17601381e-1 5.17601381e-1
7.68982e-2 -6.923264e-1 5.17605273e-1 5.17605273e-1
2.307431e-1 -6.923264e-1 4.92961758e-1 4.92961758e-1
3.84588e-1 -6.923264e-1 4.43670914e-1 4.43670914e-1
5.384329e-1 -6.923264e-1 3.6973266e-1 3.6973266e-1
6.922778e-1 -6.923264e-1 2.71146997e-1 2.71146997e-1
8.461227e-1 -6.923264e-1 1.47914006e-1 1.47914006e-1
9.999677e-1 -6.923264e-1 3.36882663e-5 3.36882663e-5
1.1538126e0 -6.923264e-1 -1.72494916e-1 -1.72494916e-1
1.3076575e0 -6.923264e-1 -3.69668623e-1 -3.69668623e-1
1.4615024e0 -6.923264e-1 -5.9149092e-1 -5.9149092e-1
1.6153473e0 -6.923264e-1 -8.3796184e-1 -8.3796184e-1
1.7691922e0 -6.923264e-1 -1.10907896e0 -1.10907896e0
1.9230371e0 -6.923264e-1 -1.40484468e0 -1.40484468e0
2.076882e0 -6.923264e-1 -1.72525424e0 -1.72525424e0
2.230727e0 -6.923264e-1 -2.070314e0 -2.070314e0
2.3845718e0 -6.923264e-1 -2.44002155e0 -2.44002155e0
2.5384167e0 -6.923264e-1 -2.83437611e0 -2.83437611e0
2.6922617e0 -6.923264e-1 -3.25337848e0 -3.25337848e0
2.8461066e0 -6.923264e-1 -3.6970239e0 -3.6970239e0
2.9999515e0 -6.923264e-1 -4.16532108e0 -4.16532108e0

-3.0e0 -5.384814e-1 -5.68030151e0 -5.68030151e0
-2.8461551e0 -5.384814e-1 -5.04169121e0 -5.04169121e0
-2.6923102e0 -5.384814e-1 -4.4366922e0 -4.4366922e0
-2.5384653e0 -5.384814e-1 -3.86530992e0 -3.86530992e0
-2.3846204e0 -5.384814e-1 -3.32753134e0 -3.32753134e0
-2.2307755e0 -5.384814e-1 -2.82336514e0 -2.82336514e0
-2.0769305e0 -5.384814e-1 -2.35280807e0 -2.35280807e0
-1.9230856e0 -5.384814e-1 -1.91586339e0 -1.91586339e0
-1.7692407e0 -5.384814e-1 -1.51253325e0 -1.51253325e0
-1.6153958e0 -5.384814e-1 -1.14280899e0 -1.14280899e0
-1.4615509e0 -5.384814e-1 -8.0669603e-1 -8.0669603e-1
-1.307706e0 -5.384814e-1 -5.04193282e-1 -5.04193282e-1
-1.1538611e0 -5.384814e-1 -2.35301826e-1 -2.35301826e-1
-1.0000162e0 -5.384814e-1 -2.38572707e-5 -2.38572707e-5
-8.461713e-1 -5.384814e-1 2.01646542e-1 2.01646542e-1
-6.923264e-1 -5.384814e-1 3.69705408e-1 3.69705408e-1
-5.384814e-1 -5.384814e-1 5.04153519e-1 5.04153519e-1
-3.846365e-1 -5.384814e-1 6.04990984e-1 6.04990984e-1
-2.307916e-1 -5.384814e-1 6.72217694e-1 6.72217694e-1
-7.69467e-2 -5.384814e-1 7.05833757e-1 7.05833757e-1
7.68982e-2 -5.384814e-1 7.05839066e-1 7.05839066e-1
2.307431e-1 -5.384814e-1 6.7223362e-1 6.7223362e-1
3.84588e-1 -5.384814e-1 6.05017528e-1 6.05017528e-1
5.384329e-1 -5.384814e-1 5.04190681e-1 5.04190681e-1
6.922778e-1 -5.384814e-1 3.69753079e-1 3.69753079e-1
8.461227e-1 -5.384814e-1 2.01704831e-1 2.01704831e-1
9.999677e-1 -5.384814e-1 4.59394362e-5 4.59394362e-5
1.1538126e0 -5.384814e-1 -2.35224902e-1 -2.35224902e-1
1.3076575e0 -5.384814e-1 -5.04103357e-1 -5.04103357e-1
1.4615024e0 -5.384814e-1 -8.0659418e-1 -8.0659418e-1
1.6153473e0 -5.384814e-1 -1.1426974e0 -1.1426974e0
1.7691922e0 -5.384814e-1 -1.51240974e0 -1.51240974e0
1.9230371e0 -5.384814e-1 -1.91573447e0 -1.91573447e0
2.076882e0 -5.384814e-1 -2.35266507e0 -2.35266507e0
2.230727e0 -5.384814e-1 -2.82321022e0 -2.82321022e0
2.3845718e0 -5.384814e-1 -3.32736665e0 -3.32736665e0
2.5384167e0 -5.384814e-1 -3.86513332e0 -3.86513332e0
2.6922617e0 -5.384814e-1 -4.43651128e0 -4.43651128e0
2.8461066e0 -5.384814e-1 -5.04149402e0 -5.04149402e0
2.9999515e0 -5.384814e-1 -5.68009349e0 -5.68009349e0

-3.0e0 -3.846365e-1 -6.81643799e0 -6.81643799e0
-2.8461551e0 -3.846365e-1 -6.05009706e0 -6.05009706e0
-2.6923102e0 -3.846365e-1 -5.32409015e0 -5.32409015e0
-2.5384653e0 -3.846365e-1 -4.63842374e0 -4.63842374e0
-2.3846204e0 -3.846365e-1 -3.99308223e0 -3.99308223e0
-2.2307755e0 -3.846365e-1 -3.38807603e0 -3.38807603e0
-2.0769305e0 -3.846365e-1 -2.82340125e0 -2.82340125e0
-1.9230856e0 -3.846365e-1 -2.29906177e0 -2.29906177e0
-1.7692407e0 -3.846365e-1 -1.81506018e0 -1.81506018e0
-1.6153958e0 -3.846365e-1 -1.37138611e0 -1.37138611e0
-1.4615509e0 -3.846365e-1 -9.6804605e-1 -9.6804605e-1
-1.307706e0 -3.846365e-1 -6.050387e-1 -6.050387e-1
-1.1538611e0 -3.846365e-1 -2.82365347e-1 -2.82365347e-1
-1.0000162e0 -3.846365e-1 -2.86290446e-5 -2.86290446e-5
-8.461713e-1 -3.846365e-1 2.41978555e-1 2.41978555e-1
-6.923264e-1 -3.846365e-1 4.43651448e-1 4.43651448e-1
-5.384814e-1 -3.846365e-1 6.04990984e-1 6.04990984e-1
-3.846365e-1 -3.846365e-1 7.25997293e-1 7.25997293e-1
-2.307916e-1 -3.846365e-1 8.06670247e-1 8.06670247e-1
-7.69467e-2 -3.846365e-1 8.47009975e-1 8.47009975e-1
7.68982e-2 -3.846365e-1 8.47016345e-1 8.47016345e-1
2.307431e-1 -3.846365e-1 8.06689359e-1 8.06689359e-1
3.84588e-1 -3.846365e-1 7.26029147e-1 7.26029147e-1
5.384329e-1 -3.846365e-1 6.05035579e-1 6.05035579e-1
6.922778e-1 -3.846365e-1 4.43708653e-1 4.43708653e-1
8.461227e-1 -3.846365e-1 2.42048503e-1 2.42048503e-1
9.999677e-1 -3.846365e-1 5.51279396e-5 5.51279396e-5
1.1538126e0 -3.846365e-1 -2.82273038e-1 -2.82273038e-1
1.3076575e0 -3.846365e-1 -6.04930788e-1 -6.04930788e-1
1.4615024e0 -3.846365e-1 -9.6792384e-1 -9.6792384e-1
1.6153473e0 -3.846365e-1 -1.3712522e0 -1.3712522e0
1.7691922e0 -3.846365e-1 -1.81491197e0 -1.81491197e0
1.9230371e0 -3.846365e-1 -2.29890704e0 -2.29890704e0
2.076882e0 -3.846365e-1 -2.82322963e0 -2.82322963e0
2.230727e0 -3.846365e-1 -3.38789012e0 -3.38789012e0
2.3845718e0 -3.846365e-1 -3.99288461e0 -3.99288461e0
2.5384167e0 -3.846365e-1 -4.6382118e0 -4.6382118e0
2.6922617e0 -3.846365e-1 -5.32387302e0 -5.32387302e0
2.8461066e0 -3.846365e-1 -6.04986043e0 -6.04986043e0
2.9999515e0 -3.846365e-1 -6.81618835e0 -6.81618835e0

-3.0e0 -2.307916e-1 -7.57388184e0 -7.57388184e0
-2.8461551e0 -2.307916e-1 -6.72238496e0 -6.72238496e0
-2.6923102e0 -2.307916e-1 -5.91570403e0 -5.91570403e0
-2.5384653e0 -2.307916e-1 -5.15384624e0 -5.15384624e0
-2.3846204e0 -2.307916e-1 -4.43679427e0 -4.43679427e0
-2.2307755e0 -2.307916e-1 -3.76455968e0 -3.76455968e0
-2.0769305e0 -2.307916e-1 -3.1371381e0 -3.1371381e0
-1.9230856e0 -2.307916e-1 -2.55453394e0 -2.55453394e0
-1.7692407e0 -2.307916e-1 -2.01675002e0 -2.01675002e0
-1.6153958e0 -2.307916e-1 -1.5237748e0 -1.5237748e0
-1.4615509e0 -2.307916e-1 -1.07561551e0 -1.07561551e0
-1.307706e0 -2.307916e-1 -6.7227071e-1 -6.7227071e-1
-1.1538611e0 -2.307916e-1 -3.13741837e-1 -3.13741837e-1
-1.0000162e0 -2.307916e-1 -3.18103094e-5 -3.18103094e-5
-8.461713e-1 -2.307916e-1 2.68867258e-1 2.68867258e-1
-6.923264e-1 -2.307916e-1 4.9295008e-1 4.9295008e-1
-5.384814e-1 -2.307916e-1 6.72217694e-1 6.72217694e-1
-3.846365e-1 -2.307916e-1 8.06670247e-1 8.06670247e-1
-2.307916e-1 -2.307916e-1 8.96307594e-1 8.96307594e-1
-7.69467e-2 -2.307916e-1 9.41129878e-1 9.41129878e-1
7.68982e-2 -2.307916e-1 9.41136957e-1 9.41136957e-1
2.307431e-1 -2.307916e-1 8.9632883e-1 8.9632883e-1
3.84588e-1 -2.307916e-1 8.0670564e-1 8.0670564e-1
5.384329e-1 -2.307916e-1 6.72267244e-1 6.72267244e-1
6.922778e-1 -2.307916e-1 4.93013641e-1 4.93013641e-1
8.461227e-1 -2.307916e-1 2.68944977e-1 2.68944977e-1
9.999677e-1 -2.307916e-1 6.12537663e-5 6.12537663e-5
1.1538126e0 -2.307916e-1 -3.1363927e-1 -3.1363927e-1
1.3076575e0 -2.307916e-1 -6.72150809e-1 -6.72150809e-1
1.4615024e0 -2.307916e-1 -1.07547972e0 -1.07547972e0
1.6153473e0 -2.307916e-1 -1.523626e0 -1.523626e0
1.7691922e0 -2.307916e-1 -2.01658533e0 -2.01658533e0
1.9230371e0 -2.307916e-1 -2.55436203e0 -2.55436203e0
2.076882e0 -2.307916e-1 -3.13694743e0 -3.13694743e0
2.230727e0 -2.307916e-1 -3.76435309e0 -3.76435309e0
2.3845718e0 -2.307916e-1 -4.43657469e0 -4.43657469e0
2.5384167e0 -2.307916e-1 -5.15361076e0 -5.15361076e0
2.6922617e0 -2.307916e-1 -5.91546277e0 -5.91546277e0
2.8461066e0 -2.307916e-1 -6.72212204e0 -6.72212204e0
2.9999515e0 -2.307916e-1 -7.57360446e0 -7.57360446e0

-3.0e0 -7.69467e-2 -7.95263428e0 -7.95263428e0
-2.8461551e0 -7.69467e-2 -7.058556e0 -7.058556e0
-2.6923102e0 -7.69467e-2 -6.2115348e0 -6.2115348e0
-2.5384653e0 -7.69467e-2 -5.41157826e0 -5.41157826e0
-2.3846204e0 -7.69467e-2 -4.65866817e0 -4.65866817e0
-2.2307755e0 -7.69467e-2 -3.95281665e0 -3.95281665e0
-2.0769305e0 -7.69467e-2 -3.2940192e0 -3.2940192e0
-1.9230856e0 -7.69467e-2 -2.6822803e0 -2.6822803e0
-1.7692407e0 -7.69467e-2 -2.11760304e0 -2.11760304e0
-1.6153958e0 -7.69467e-2 -1.59997527e0 -1.59997527e0
-1.4615509e0 -7.69467e-2 -1.12940457e0 -1.12940457e0
-1.307706e0 -7.69467e-2 -7.05889426e-1 -7.05889426e-1
-1.1538611e0 -7.69467e-2 -3.29431346e-1 -3.29431346e-1
-1.0000162e0 -7.69467e-2 -3.340107e-5 -3.340107e-5
-8.461713e-1 -7.69467e-2 2.8231269e-1 2.8231269e-1
-6.923264e-1 -7.69467e-2 5.17601381e-1 5.17601381e-1
-5.384814e-1 -7.69467e-2 7.05833757e-1 7.05833757e-1
-3.846365e-1 -7.69467e-2 8.47009975e-1 8.47009975e-1
-2.307916e-1 -7.69467e-2 9.41129878e-1 9.41129878e-1
-7.69467e-2 -7.69467e-2 9.88193623e-1 9.88193623e-1
7.68982e-2 -7.69467e-2 9.88201056e-1 9.88201056e-1
2.307431e-1 -7.69467e-2 9.41152176e-1 9.41152176e-1
3.84588e-1 -7.69467e-2 8.47047137e-1 8.47047137e-1
5.384329e-1 -7.69467e-2 7.05885785e-1 7.05885785e-1
6.922778e-1 -7.69467e-2 5.17668121e-1 5.17668121e-1
8.461227e-1 -7.69467e-2 2.82394298e-1 2.82394298e-1
9.999677e-1 -7.69467e-2 6.43169266e-5 6.43169266e-5
1.1538126e0 -7.69467e-2 -3.2932365e-1 -3.2932365e-1
1.3076575e0 -7.69467e-2 -7.05763527e-1 -7.05763527e-1
1.4615024e0 -7.69467e-2 -1.12926198e0 -1.12926198e0
1.6153473e0 -7.69467e-2 -1.59981903e0 -1.59981903e0
1.7691922e0 -7.69467e-2 -2.11743013e0 -2.11743013e0
1.9230371e0 -7.69467e-2 -2.68209981e0 -2.68209981e0
2.076882e0 -7.69467e-2 -3.29381897e0 -3.29381897e0
2.230727e0 -7.69467e-2 -3.95259975e0 -3.95259975e0
2.3845718e0 -7.69467e-2 -4.6584376e0 -4.6584376e0
2.5384167e0 -7.69467e-2 -5.41133101e0 -5.41133101e0
2.6922617e0 -7.69467e-2 -6.2112815e0 -6.2112815e0
2.8461066e0 -7.69467e-2 -7.05827994e0 -7.05827994e0
2.9999515e0 -7.69467e-2 -7.95234303e0 -7.95234303e0

-3.0e0 7.68982e-2 -7.95269409e0 -7.95269409e0
-2.8461551e0 7.68982e-2 -7.05860909e0 -7.05860909e0
-2.6923102e0 7.68982e-2 -6.21158151e0 -6.21158151e0
-2.5384653e0 7.68982e-2 -5.41161896e0 -5.41161896e0
-2.3846204e0 7.68982e-2 -4.6587032e0 -4.6587032e0
-2.2307755e0 7.68982e-2 -3.95284639e0 -3.95284639e0
-2.0769305e0 7.68982e-2 -3.29404396e0 -3.29404396e0
-1.9230856e0 7.68982e-2 -2.68230048e0 -2.68230048e0
-1.7692407e0 7.68982e-2 -2.11761897e0 -2.11761897e0
-1.6153958e0 7.68982e-2 -1.5999873e0 -1.5999873e0
-1.4615509e0 7.68982e-2 -1.12941307e0 -1.12941307e0
-1.307706e0 7.68982e-2 -7.05894734e-1 -7.05894734e-1
-1.1538611e0 7.68982e-2 -3.29433824e-1 -3.29433824e-1
-1.0000162e0 7.68982e-2 -3.34013211e-5 -3.34013211e-5
-8.461713e-1 7.68982e-2 2.82314815e-1 2.82314815e-1
-6.923264e-1 7.68982e-2 5.17605273e-1 5.17605273e-1
-5.384814e-1 7.68982e-2 7.05839066e-1 7.05839066e-1
-3.846365e-1 7.68982e-2 8.47016345e-1 8.47016345e-1
-2.307916e-1 7.68982e-2 9.41136957e-1 9.41136957e-1
-7.69467e-2 7.68982e-2 9.88201056e-1 9.88201056e-1
7.68982e-2 7.68982e-2 9.88208488e-1 9.88208488e-1
2.307431e-1 7.68982e-2 9.41159256e-1 9.41159256e-1
3.84588e-1 7.68982e-2 8.47053508e-1 8.47053508e-1
5.384329e-1 7.68982e-2 7.05891095e-1 7.05891095e-1
6.922778e-1 7.68982e-2 5.17672015e-1 5.17672015e-1
8.461227e-1 7.68982e-2 2.82396422e-1 2.82396422e-1
9.999677e-1 7.68982e-2 6.43174104e-5 6.43174104e-5
1.1538126e0 7.68982e-2 -3.29326126e-1 -3.29326126e-1
1.3076575e0 7.68982e-2 -7.05768835e-1 -7.05768835e-1
1.4615024e0 7.68982e-2 -1.12927048e0 -1.12927048e0
1.6153473e0 7.68982e-2 -1.59983107e0 -1.59983107e0
1.7691922e0 7.68982e-2 -2.11744606e0 -2.11744606e0
1.9230371e0 7.68982e-2 -2.68211998e0 -2.68211998e0
2.076882e0 7.68982e-2 -3.29384373e0 -3.29384373e0
2.230727e0 7.68982e-2 -3.95262947e0 -3.95262947e0
2.3845718e0 7.68982e-2 -4.65847264e0 -4.65847264e0
2.5384167e0 7.68982e-2 -5.4113717e0 -5.4113717e0
2.6922617e0 7.68982e-2 -6.2113282e0 -6.2113282e0
2.8461066e0 7.68982e-2 -7.05833302e0 -7.05833302e0
2.9999515e0 7.68982e-2 -7.95240285e0 -7.95240285e0

-3.0e0 2.307431e-1 -7.57406128e0 -7.57406128e0
-2.8461551e0 2.307431e-1 -6.72254424e0 -6.72254424e0
-2.6923102e0 2.307431e-1 -5.91584418e0 -5.91584418e0
-2.5384653e0 2.307431e-1 -5.15396834e0 -5.15396834e0
-2.3846204e0 2.307431e-1 -4.43689938e0 -4.43689938e0
-2.2307755e0 2.307431e-1 -3.76464886e0 -3.76464886e0
-2.0769305e0 2.307431e-1 -3.13721243e0 -3.13721243e0
-1.9230856e0 2.307431e-1 -2.55459445e0 -2.55459445e0
-1.7692407e0 2.307431e-1 -2.01679779e0 -2.01679779e0
-1.6153958e0 2.307431e-1 -1.5238109e0 -1.5238109e0
-1.4615509e0 2.307431e-1 -1.07564099e0 -1.07564099e0
-1.307706e0 2.307431e-1 -6.72286638e-1 -6.72286638e-1
-1.1538611e0 2.307431e-1 -3.1374927e-1 -3.1374927e-1
-1.0000162e0 2.307431e-1 -3.18110631e-5 -3.18110631e-5
-8.461713e-1 2.307431e-1 2.68873627e-1 2.68873627e-1
-6.923264e-1 2.307431e-1 4.92961758e-1 4.92961758e-1
-5.384814e-1 2.307431e-1 6.7223362e-1 6.7223362e-1
-3.846365e-1 2.307431e-1 8.06689359e-1 8.06689359e-1
-2.307916e-1 2.307431e-1 8.9632883e-1 8.9632883e-1
-7.69467e-2 2.307431e-1 9.41152176e-1 9.41152176e-1
7.68982e-2 2.307431e-1 9.41159256e-1 9.41159256e-1
2.307431e-1 2.307431e-1 8.96350066e-1 8.96350066e-1
3.84588e-1 2.307431e-1 8.06724753e-1 8.06724753e-1
5.384329e-1 2.307431e-1 6.72283171e-1 6.72283171e-1
6.922778e-1 2.307431e-1 4.93025322e-1 4.93025322e-1
8.461227e-1 2.307431e-1 2.68951349e-1 2.68951349e-1
9.999677e-1 2.307431e-1 6.12552176e-5 6.12552176e-5
1.1538126e0 2.307431e-1 -3.13646701e-1 -3.13646701e-1
1.3076575e0 2.307431e-1 -6.72166734e-1 -6.72166734e-1
1.4615024e0 2.307431e-1 -1.07550519e0 -1.07550519e0
1.6153473e0 2.307431e-1 -1.5236621e0 -1.5236621e0
1.7691922e0 2.307431e-1 -2.0166331e0 -2.0166331e0
1.9230371e0 2.307431e-1 -2.55442255e0 -2.55442255e0
2.076882e0 2.307431e-1 -3.13702174e0 -3.13702174e0
2.230727e0 2.307431e-1 -3.76444228e0 -3.76444228e0
2.3845718e0 2.307431e-1 -4.4366798e0 -4.4366798e0
2.5384167e0 2.307431e-1 -5.15373286e0 -5.15373286e0
2.6922617e0 2.307431e-1 -5.91560292e0 -5.91560292e0
2.8461066e0 2.307431e-1 -6.72228131e0 -6.72228131e0
2.9999515e0 2.307431e-1 -7.5737839e0 -7.5737839e0

-3.0e0 3.84588e-1 -6.81673706e0 -6.81673706e0
-2.8461551e0 3.84588e-1 -6.0503625e0 -6.0503625e0
-2.6923102e0 3.84588e-1 -5.32432375e0 -5.32432375e0
-2.5384653e0 3.84588e-1 -4.63862724e0 -4.63862724e0
-2.3846204e0 3.84588e-1 -3.99325743e0 -3.99325743e0
-2.2307755e0 3.84588e-1 -3.38822469e0 -3.38822469e0
-2.0769305e0 3.84588e-1 -2.82352512e0 -2.82352512e0
-1.9230856e0 3.84588e-1 -2.29916263e0 -2.29916263e0
-1.7692407e0 3.84588e-1 -1.81513982e0 -1.81513982e0
-1.6153958e0 3.84588e-1 -1.37144629e0 -1.37144629e0
-1.4615509e0 3.84588e-1 -9.6808852e-1 -9.6808852e-1
-1.307706e0 3.84588e-1 -6.05065245e-1 -6.05065245e-1
-1.1538611e0 3.84588e-1 -2.82377736e-1 -2.82377736e-1
-1.0000162e0 3.84588e-1 -2.86303008e-5 -2.86303008e-5
-8.461713e-1 3.84588e-1 2.41989172e-1 2.41989172e-1
-6.923264e-1 3.84588e-1 4.43670914e-1 4.43670914e-1
-5.384814e-1 3.84588e-1 6.05017528e-1 6.05017528e-1
-3.846365e-1 3.84588e-1 7.26029147e-1 7.26029147e-1
-2.307916e-1 3.84588e-1 8.0670564e-1 8.0670564e-1
-7.69467e-2 3.84588e-1 8.47047137e-1 8.47047137e-1
7.68982e-2 3.84588e-1 8.47053508e-1 8.47053508e-1
2.307431e-1 3.84588e-1 8.06724753e-1 8.06724753e-1
3.84588e-1 3.84588e-1 7.26061002e-1 7.26061002e-1
5.384329e-1 3.84588e-1 6.05062125e-1 6.05062125e-1
6.922778e-1 3.84588e-1 4.43728122e-1 4.43728122e-1
8.461227e-1 3.84588e-1 2.42059122e-1 2.42059122e-1
9.999677e-1 3.84588e-1 5.51303583e-5 5.51303583e-5
1.1538126e0 3.84588e-1 -2.82285422e-1 -2.82285422e-1
1.3076575e0 3.84588e-1 -6.04957329e-1 -6.04957329e-1
1.4615024e0 3.84588e-1 -9.6796631e-1 -9.6796631e-1
1.6153473e0 3.84588e-1 -1.37131236e0 -1.37131236e0
1.7691922e0 3.84588e-1 -1.8149916e0 -1.8149916e0
1.9230371e0 3.84588e-1 -2.2990079e0 -2.2990079e0
2.076882e0 3.84588e-1 -2.8233535e0 -2.8233535e0
2.230727e0 3.84588e-1 -3.38803876e0 -3.38803876e0
2.3845718e0 3.84588e-1 -3.9930598e0 -3.9930598e0
2.5384167e0 3.84588e-1 -4.63841531e0 -4.63841531e0
2.6922617e0 3.84588e-1 -5.32410661e0 -5.32410661e0
2.8461066e0 3.84588e-1 -6.05012587e0 -6.05012587e0
2.9999515e0 3.84588e-1 -6.81648741e0 -6.81648741e0

-3.0e0 5.384329e-1 -5.68072021e0 -5.68072021e0
-2.8461551e0 5.384329e-1 -5.04206284e0 -5.04206284e0
-2.6923102e0 5.384329e-1 -4.43701924e0 -4.43701924e0
-2.5384653e0 5.384329e-1 -3.86559483e0 -3.86559483e0
-2.3846204e0 5.384329e-1 -3.32777661e0 -3.32777661e0
-2.2307755e0 5.384329e-1 -2.82357326e0 -2.82357326e0
-2.0769305e0 5.384329e-1 -2.3529815e0 -2.3529815e0
-1.9230856e0 5.384329e-1 -1.91600461e0 -1.91600461e0
-1.7692407e0 5.384329e-1 -1.51264474e0 -1.51264474e0
-1.6153958e0 5.384329e-1 -1.14289323e0 -1.14289323e0
-1.4615509e0 5.384329e-1 -8.067555e-1 -8.067555e-1
-1.307706e0 5.384329e-1 -5.04230446e-1 -5.04230446e-1
-1.1538611e0 5.384329e-1 -2.35319171e-1 -2.35319171e-1
-1.0000162e0 5.384329e-1 -2.38590292e-5 -2.38590292e-5
-8.461713e-1 5.384329e-1 2.01661406e-1 2.01661406e-1
-6.923264e-1 5.384329e-1 3.6973266e-1 3.6973266e-1
-5.384814e-1 5.384329e-1 5.04190681e-1 5.04190681e-1
-3.846365e-1 5.384329e-1 6.05035579e-1 6.05035579e-1
-2.307916e-1 5.384329e-1 6.72267244e-1 6.72267244e-1
-7.69467e-2 5.384329e-1 7.05885785e-1 7.05885785e-1
7.68982e-2 5.384329e-1 7.05891095e-1 7.05891095e-1
2.307431e-1 5.384329e-1 6.72283171e-1 6.72283171e-1
3.84588e-1 5.384329e-1 6.05062125e-1 6.05062125e-1
5.384329e-1 5.384329e-1 5.04227846e-1 5.04227846e-1
6.922778e-1 5.384329e-1 3.69780334e-1 3.69780334e-1
8.461227e-1 5.384329e-1 2.01719699e-1 2.01719699e-1
9.999677e-1 5.384329e-1 4.59428224e-5 4.59428224e-5
1.1538126e0 5.384329e-1 -2.35242241e-1 -2.35242241e-1
1.3076575e0 5.384329e-1 -5.04140515e-1 -5.04140515e-1
1.4615024e0 5.384329e-1 -8.0665364e-1 -8.0665364e-1
1.6153473e0 5.384329e-1 -1.14278163e0 -1.14278163e0
1.7691922e0 5.384329e-1 -1.51252122e0 -1.51252122e0
1.9230371e0 5.384329e-1 -1.91587567e0 -1.91587567e0
2.076882e0 5.384329e-1 -2.35283849e0 -2.35283849e0
2.230727e0 5.384329e-1 -2.82341832e0 -2.82341832e0
2.3845718e0 5.384329e-1 -3.32761192e0 -3.32761192e0
2.5384167e0 5.384329e-1 -3.86541823e0 -3.86541823e0
2.6922617e0 5.384329e-1 -4.43683829e0 -4.43683829e0
2.8461066e0 5.384329e-1 -5.04186563e0 -5.04186563e0
2.9999515e0 5.384329e-1 -5.68051218e0 -5.68051218e0

-3.0e0 6.922778e-1 -4.16601074e0 -4.16601074e0
-2.8461551e0 6.922778e-1 -3.69764522e0 -3.69764522e0
-2.6923102e0 6.922778e-1 -3.25393068e0 -3.25393068e0
-2.5384653e0 6.922778e-1 -2.83487111e0 -2.83487111e0
-2.3846204e0 6.922778e-1 -2.44045695e0 -2.44045695e0
-2.2307755e0 6.922778e-1 -2.07069456e0 -2.07069456e0
-2.0769305e0 6.922778e-1 -1.72558159e0 -1.72558159e0
-1.9230856e0 6.922778e-1 -1.40512039e0 -1.40512039e0
-1.7692407e0 6.922778e-1 -1.10931255e0 -1.10931255e0
-1.6153958e0 6.922778e-1 -8.3815173e-1 -8.3815173e-1
-1.4615509e0 6.922778e-1 -5.9164189e-1 -5.9164189e-1
-1.307706e0 6.922778e-1 -3.69782242e-1 -3.69782242e-1
-1.1538611e0 6.922778e-1 -1.72573575e-1 -1.72573575e-1
-1.0000162e0 6.922778e-1 -1.74972482e-5 -1.74972482e-5
-8.461713e-1 6.922778e-1 1.47890329e-1 1.47890329e-1
-6.923264e-1 6.922778e-1 2.71146997e-1 2.71146997e-1
-5.384814e-1 6.922778e-1 3.69753079e-1 3.69753079e-1
-3.846365e-1 6.922778e-1 4.43708653e-1 4.43708653e-1
-2.307916e-1 6.922778e-1 4.93013641e-1 4.93013641e-1
-7.69467e-2 6.922778e-1 5.17668121e-1 5.17668121e-1
7.68982e-2 6.922778e-1 5.17672015e-1 5.17672015e-1
2.307431e-1 6.922778e-1 4.93025322e-1 4.93025322e-1
3.84588e-1 6.922778e-1 4.43728122e-1 4.43728122e-1
5.384329e-1 6.922778e-1 3.69780334e-1 3.69780334e-1
6.922778e-1 6.922778e-1 2.7118196e-1 2.7118196e-1
8.461227e-1 6.922778e-1 1.4793308e-1 1.4793308e-1
9.999677e-1 6.922778e-1 3.36926102e-5 3.36926102e-5
1.1538126e0 6.922778e-1 -1.72517157e-1 -1.72517157e-1
1.3076575e0 6.922778e-1 -3.69716289e-1 -3.69716289e-1
1.4615024e0 6.922778e-1 -5.915672e-1 -5.915672e-1
1.6153473e0 6.922778e-1 -8.3806989e-1 -8.3806989e-1
1.7691922e0 6.922778e-1 -1.10922197e0 -1.10922197e0
1.9230371e0 6.922778e-1 -1.40502583e0 -1.40502583e0
2.076882e0 6.922778e-1 -1.7254767e0 -1.7254767e0
2.230727e0 6.922778e-1 -2.07058095e0 -2.07058095e0
2.3845718e0 6.922778e-1 -2.44033617e0 -2.44033617e0
2.5384167e0 6.922778e-1 -2.83474158e0 -2.83474158e0
2.6922617e0 6.922778e-1 -3.25379799e0 -3.25379799e0
2.8461066e0 6.922778e-1 -3.6975006e0 -3.6975006e0
2.9999515e0 6.922778e-1 -4.16585817e0 -4.16585817e0

-3.0e0 8.461227e-1 -2.27260986e0 -2.27260986e0
-2.8461551e0 8.461227e-1 -2.01711073e0 -2.01711073e0
-2.6923102e0 8.461227e-1 -1.77505902e0 -1.77505902e0
-2.5384653e0 8.461227e-1 -1.5464569e0 -1.5464569e0
-2.3846204e0 8.461227e-1 -1.33129913e0 -1.33129913e0
-2.2307755e0 8.461227e-1 -1.12958923e0 -1.12958923e0
-2.0769305e0 8.461227e-1 -9.4132588e-1 -9.4132588e-1
-1.9230856e0 8.461227e-1 -7.6651038e-1 -7.6651038e-1
-1.7692407e0 8.461227e-1 -6.0514357e-1 -6.0514357e-1
-1.6153958e0 8.461227e-1 -4.5722203e-1 -4.5722203e-1
-1.4615509e0 8.461227e-1 -3.227479e-1 -3.227479e-1
-1.307706e0 8.461227e-1 -2.0172074e-1 -2.0172074e-1
-1.1538611e0 8.461227e-1 -9.4140997e-2 -9.4140997e-2
-1.0000162e0 8.461227e-1 -9.544963e-6 -9.544963e-6
-8.461713e-1 8.461227e-1 8.0675984e-2 8.0675984e-2
-6.923264e-1 8.461227e-1 1.47914006e-1 1.47914006e-1
-5.384814e-1 8.461227e-1 2.01704831e-1 2.01704831e-1
-3.846365e-1 8.461227e-1 2.42048503e-1 2.42048503e-1
-2.307916e-1 8.461227e-1 2.68944977e-1 2.68944977e-1
-7.69467e-2 8.461227e-1 2.82394298e-1 2.82394298e-1
7.68982e-2 8.461227e-1 2.82396422e-1 2.82396422e-1
2.307431e-1 8.461227e-1 2.68951349e-1 2.68951349e-1
3.84588e-1 8.461227e-1 2.42059122e-1 2.42059122e-1
5.384329e-1 8.461227e-1 2.01719699e-1 2.01719699e-1
6.922778e-1 8.461227e-1 1.4793308e-1 1.4793308e-1
8.461227e-1 8.461227e-1 8.0699306e-2 8.0699306e-2
9.999677e-1 8.461227e-1 1.83797313e-5 1.83797313e-5
1.1538126e0 8.461227e-1 -9.4110222e-2 -9.4110222e-2
1.3076575e0 8.461227e-1 -2.01684761e-1 -2.01684761e-1
1.4615024e0 8.461227e-1 -3.2270714e-1 -3.2270714e-1
1.6153473e0 8.461227e-1 -4.5717738e-1 -4.5717738e-1
1.7691922e0 8.461227e-1 -6.0509416e-1 -6.0509416e-1
1.9230371e0 8.461227e-1 -7.6645879e-1 -7.6645879e-1
2.076882e0 8.461227e-1 -9.4126866e-1 -9.4126866e-1
2.230727e0 8.461227e-1 -1.12952725e0 -1.12952725e0
2.3845718e0 8.461227e-1 -1.33123325e0 -1.33123325e0
2.5384167e0 8.461227e-1 -1.54638623e0 -1.54638623e0
2.6922617e0 8.461227e-1 -1.77498663e0 -1.77498663e0
2.8461066e0 8.461227e-1 -2.01703185e0 -2.01703185e0
2.9999515e0 8.461227e-1 -2.27252663e0 -2.27252663e0

-3.0e0 9.999677e-1 -5.17599976e-4 -5.17599976e-4
-2.8461551e0 9.999677e-1 -4.59408578e-4 -4.59408578e-4
-2.6923102e0 9.999677e-1 -4.04279909e-4 -4.04279909e-4
-2.5384653e0 9.999677e-1 -3.52214458e-4 -3.52214458e-4
-2.3846204e0 9.999677e-1 -3.03211041e-4 -3.03211041e-4
-2.2307755e0 9.999677e-1 -2.5727045e-4 -2.5727045e-4
-2.0769305e0 9.999677e-1 -2.14392387e-4 -2.14392387e-4
-1.9230856e0 9.999677e-1 -1.74577148e-4 -1.74577148e-4
-1.7692407e0 9.999677e-1 -1.37824933e-4 -1.37824933e-4
-1.6153958e0 9.999677e-1 -1.04134949e-4 -1.04134949e-4
-1.4615509e0 9.999677e-1 -7.350769e-5 -7.350769e-5
-1.307706e0 9.999677e-1 -4.59430594e-5 -4.59430594e-5
-1.1538611e0 9.999677e-1 -2.1441154e-5 -2.1441154e-5
-1.0000162e0 9.999677e-1 -2.17392029e-9 -2.17392029e-9
-8.461713e-1 9.999677e-1 1.837442e-5 1.837442e-5
-6.923264e-1 9.999677e-1 3.36882663e-5 3.36882663e-5
-5.384814e-1 9.999677e-1 4.59394362e-5 4.59394362e-5
-3.846365e-1 9.999677e-1 5.51279396e-5 5.51279396e-5
-2.307916e-1 9.999677e-1 6.12537663e-5 6.12537663e-5
-7.69467e-2 9.999677e-1 6.43169266e-5 6.43169266e-5
7.68982e-2 9.999677e-1 6.43174104e-5 6.43174104e-5
2.307431e-1 9.999677e-1 6.12552176e-5 6.12552176e-5
3.84588e-1 9.999677e-1 5.51303583e-5 5.51303583e-5
5.384329e-1 9.999677e-1 4.59428224e-5 4.59428224e-5
6.922778e-1 9.999677e-1 3.36926102e-5 3.36926102e-5
8.461227e-1 9.999677e-1 1.83797313e-5 1.83797313e-5
9.999677e-1 9.999677e-1 4.1860896e-9 4.1860896e-9
1.1538126e0 9.999677e-1 -2.14341446e-5 -2.14341446e-5
1.3076575e0 9.999677e-1 -4.59348653e-5 -4.59348653e-5
1.4615024e0 9.999677e-1 -7.349841e-5 -7.349841e-5
1.6153473e0 9.999677e-1 -1.0412478e-4 -1.0412478e-4
1.7691922e0 9.999677e-1 -1.37813678e-4 -1.37813678e-4
1.9230371e0 9.999677e-1 -1.745654e-4 -1.745654e-4
2.076882e0 9.999677e-1 -2.14379356e-4 -2.14379356e-4
2.230727e0 9.999677e-1 -2.57256332e-4 -2.57256332e-4
2.3845718e0 9.999677e-1 -3.03196036e-4 -3.03196036e-4
2.5384167e0 9.999677e-1 -3.52198366e-4 -3.52198366e-4
2.6922617e0 9.999677e-1 -4.04263422e-4 -4.04263422e-4
2.8461066e0 9.999677e-1 -4.59390611e-4 -4.59390611e-4
2.9999515e0 9.999677e-1 -5.1758102e-4 -5.1758102e-4

-3.0e0 1.1538126e0 2.65028076e0 2.65028076e0
-2.8461551e0 1.1538126e0 2.35232182e0 2.35232182e0
-2.6923102e0 1.1538126e0 2.07004504e0 2.07004504e0
-2.5384653e0 1.1538126e0 1.80345294e0 1.80345294e0
-2.3846204e0 1.1538126e0 1.55253946e0 1.55253946e0
-2.2307755e0 1.1538126e0 1.31730865e0 1.31730865e0
-2.0769305e0 1.1538126e0 1.09775897e0 1.09775897e0
-1.9230856e0 1.1538126e0 8.9389197e-1 8.9389197e-1
-1.7692407e0 1.1538126e0 7.0570862e-1 7.0570862e-1
-1.6153958e0 1.1538126e0 5.3320491e-1 5.3320491e-1
-1.4615509e0 1.1538126e0 3.7638335e-1 3.7638335e-1
-1.307706e0 1.1538126e0 2.35243454e-1 2.35243454e-1
-1.1538611e0 1.1538126e0 1.09785704e-1 1.09785704e-1
-1.0000162e0 1.1538126e0 1.11311812e-5 1.11311812e-5
-8.461713e-1 1.1538126e0 -9.4083025e-2 -9.4083025e-2
-6.923264e-1 1.1538126e0 -1.72494916e-1 -1.72494916e-1
-5.384814e-1 1.1538126e0 -2.35224902e-1 -2.35224902e-1
-3.846365e-1 1.1538126e0 -2.82273038e-1 -2.82273038e-1
-2.307916e-1 1.1538126e0 -3.1363927e-1 -3.1363927e-1
-7.69467e-2 1.1538126e0 -3.2932365e-1 -3.2932365e-1
7.68982e-2 1.1538126e0 -3.29326126e-1 -3.29326126e-1
2.307431e-1 1.1538126e0 -3.13646701e-1 -3.13646701e-1
3.84588e-1 1.1538126e0 -2.82285422e-1 -2.82285422e-1
5.384329e-1 1.1538126e0 -2.35242241e-1 -2.35242241e-1
6.922778e-1 1.1538126e0 -1.72517157e-1 -1.72517157e-1
8.461227e-1 1.1538126e0 -9.4110222e-2 -9.4110222e-2
9.999677e-1 1.1538126e0 -2.14341446e-5 -2.14341446e-5
1.1538126e0 1.1538126e0 1.09749814e-1 1.09749814e-1
1.3076575e0 1.1538126e0 2.35201498e-1 2.35201498e-1
1.4615024e0 1.1538126e0 3.7633583e-1 3.7633583e-1
1.6153473e0 1.1538126e0 5.3315285e-1 5.3315285e-1
1.7691922e0 1.1538126e0 7.05651e-1 7.05651e-1
1.9230371e0 1.1538126e0 8.938318e-1 8.938318e-1
2.076882e0 1.1538126e0 1.09769225e0 1.09769225e0
2.230727e0 1.1538126e0 1.31723636e0 1.31723636e0
2.3845718e0 1.1538126e0 1.55246263e0 1.55246263e0
2.5384167e0 1.1538126e0 1.80337054e0 1.80337054e0
2.6922617e0 1.1538126e0 2.06996062e0 2.06996062e0
2.8461066e0 1.1538126e0 2.35222981e0 2.35222981e0
2.9999515e0 1.1538126e0 2.6501837e0 2.6501837e0

-3.0e0 1.3076575e0 5.67973633e0 5.67973633e0
-2.8461551e0 1.3076575e0 5.04118956e0 5.04118956e0
-2.6923102e0 1.3076575e0 4.43625076e0 4.43625076e0
-2.5384653e0 1.3076575e0 3.86492532e0 3.86492532e0
-2.3846204e0 1.3076575e0 3.32720026e0 3.32720026e0
-2.2307755e0 1.3076575e0 2.82308423e0 2.82308423e0
-2.0769305e0 1.3076575e0 2.35257397e0 2.35257397e0
-1.9230856e0 1.3076575e0 1.91567276e0 1.91567276e0
-1.7692407e0 1.3076575e0 1.51238275e0 1.51238275e0
-1.6153958e0 1.3076575e0 1.14269528e0 1.14269528e0
-1.4615509e0 1.3076575e0 8.0661575e-1 8.0661575e-1
-1.307706e0 1.3076575e0 5.04143114e-1 5.04143114e-1
-1.1538611e0 1.3076575e0 2.35278413e-1 2.35278413e-1
-1.0000162e0 1.3076575e0 2.38548969e-5 2.38548969e-5
-8.461713e-1 1.3076575e0 -2.01626479e-1 -2.01626479e-1
-6.923264e-1 1.3076575e0 -3.69668623e-1 -3.69668623e-1
-5.384814e-1 1.3076575e0 -5.04103357e-1 -5.04103357e-1
-3.846365e-1 1.3076575e0 -6.04930788e-1 -6.04930788e-1
-2.307916e-1 1.3076575e0 -6.72150809e-1 -6.72150809e-1
-7.69467e-2 1.3076575e0 -7.05763527e-1 -7.05763527e-1
7.68982e-2 1.3076575e0 -7.05768835e-1 -7.05768835e-1
2.307431e-1 1.3076575e0 -6.72166734e-1 -6.72166734e-1
3.84588e-1 1.3076575e0 -6.04957329e-1 -6.04957329e-1
5.384329e-1 1.3076575e0 -5.04140515e-1 -5.04140515e-1
6.922778e-1 1.3076575e0 -3.69716289e-1 -3.69716289e-1
8.461227e-1 1.3076575e0 -2.01684761e-1 -2.01684761e-1
9.999677e-1 1.3076575e0 -4.59348653e-5 -4.59348653e-5
1.1538126e0 1.3076575e0 2.35201498e-1 2.35201498e-1
1.3076575e0 1.3076575e0 5.04053198e-1 5.04053198e-1
1.4615024e0 1.3076575e0 8.0651393e-1 8.0651393e-1
1.6153473e0 1.3076575e0 1.1425837e0 1.1425837e0
1.7691922e0 1.3076575e0 1.51225926e0 1.51225926e0
1.9230371e0 1.3076575e0 1.91554385e0 1.91554385e0
2.076882e0 1.3076575e0 2.35243097e0 2.35243097e0
2.230727e0 1.3076575e0 2.8229293e0 2.8229293e0
2.3845718e0 1.3076575e0 3.32703558e0 3.32703558e0
2.5384167e0 1.3076575e0 3.86474873e0 3.86474873e0
2.6922617e0 1.3076575e0 4.43606984e0 4.43606984e0
2.8461066e0 1.3076575e0 5.0409924e0 5.0409924e0
2.9999515e0 1.3076575e0 5.67952832e0 5.67952832e0

-3.0e0 1.4615024e0 9.0879028e0 9.0879028e0
-2.8461551e0 1.4615024e0 8.0661914e0 8.0661914e0
-2.6923102e0 1.4615024e0 7.0982547e0 7.0982547e0
-2.5384653e0 1.4615024e0 6.1841014e0 6.1841014e0
-2.3846204e0 1.4615024e0 5.3237106e0 5.3237106e0
-2.2307755e0 1.4615024e0 4.5170961e0 4.5170961e0
-2.0769305e0 1.4615024e0 3.7642528e0 3.7642528e0
-1.9230856e0 1.4615024e0 3.0651859e0 3.0651859e0
-1.7692407e0 1.4615024e0 2.4198988e0 2.4198988e0
-1.6153958e0 1.4615024e0 1.8283777e0 1.8283777e0
-1.4615509e0 1.4615024e0 1.2906313e0 1.2906313e0
-1.307706e0 1.4615024e0 8.0665779e-1 8.0665779e-1
-1.1538611e0 1.4615024e0 3.7645891e-1 3.7645891e-1
-1.0000162e0 1.4615024e0 3.8169199e-5 3.8169199e-5
-8.461713e-1 1.4615024e0 -3.2261389e-1 -3.2261389e-1
-6.923264e-1 1.4615024e0 -5.9149092e-1 -5.9149092e-1
-5.384814e-1 1.4615024e0 -8.0659418e-1 -8.0659418e-1
-3.846365e-1 1.4615024e0 -9.6792384e-1 -9.6792384e-1
-2.307916e-1 1.4615024e0 -1.07547972e0 -1.07547972e0
-7.69467e-2 1.4615024e0 -1.12926198e0 -1.12926198e0
7.68982e-2 1.4615024e0 -1.12927048e0 -1.12927048e0
2.307431e-1 1.4615024e0 -1.07550519e0 -1.07550519e0
3.84588e-1 1.4615024e0 -9.6796631e-1 -9.6796631e-1
5.384329e-1 1.4615024e0 -8.0665364e-1 -8.0665364e-1
6.922778e-1 1.4615024e0 -5.915672e-1 -5.915672e-1
8.461227e-1 1.4615024e0 -3.2270714e-1 -3.2270714e-1
9.999677e-1 1.4615024e0 -7.349841e-5 -7.349841e-5
1.1538126e0 1.4615024e0 3.7633583e-1 3.7633583e-1
1.3076575e0 1.4615024e0 8.0651393e-1 8.0651393e-1
1.4615024e0 1.4615024e0 1.2904683e0 1.2904683e0
1.6153473e0 1.4615024e0 1.8281992e0 1.8281992e0
1.7691922e0 1.4615024e0 2.4197012e0 2.4197012e0
1.9230371e0 1.4615024e0 3.0649796e0 3.0649796e0
2.076882e0 1.4615024e0 3.764024e0 3.764024e0
2.230727e0 1.4615024e0 4.5168481e0 4.5168481e0
2.3845718e0 1.4615024e0 5.3234471e0 5.3234471e0
2.5384167e0 1.4615024e0 6.1838188e0 6.1838188e0
2.6922617e0 1.4615024e0 7.0979652e0 7.0979652e0
2.8461066e0 1.4615024e0 8.065876e0 8.065876e0
2.9999515e0 1.4615024e0 9.0875699e0 9.0875699e0

-3.0e0 1.6153473e0 1.28747803e1 1.28747803e1
-2.8461551e0 1.6153473e0 1.14273276e1 1.14273276e1
-2.6923102e0 1.6153473e0 1.00560571e1 1.00560571e1
-2.5384653e0 1.6153473e0 8.7609813e0 8.7609813e0
-2.3846204e0 1.6153473e0 7.5420705e0 7.5420705e0
-2.2307755e0 1.6153473e0 6.3993443e0 6.3993443e0
-2.0769305e0 1.6153473e0 5.3327956e0 5.3327956e0
-1.9230856e0 1.6153473e0 4.3424315e0 4.3424315e0
-1.7692407e0 1.6153473e0 3.4282568e0 3.4282568e0
-1.6153958e0 1.6153473e0 2.5902524e0 2.5902524e0
-1.4615509e0 1.6153473e0 1.82843e0 1.82843e0
-1.307706e0 1.6153473e0 1.14278752e0 1.14278752e0
-1.1538611e0 1.6153473e0 5.333272e-1 5.333272e-1
-1.0000162e0 1.6153473e0 5.4074086e-5 5.4074086e-5
-8.461713e-1 1.6153473e0 -4.5704526e-1 -4.5704526e-1
-6.923264e-1 1.6153473e0 -8.3796184e-1 -8.3796184e-1
-5.384814e-1 1.6153473e0 -1.1426974e0 -1.1426974e0
-3.846365e-1 1.6153473e0 -1.3712522e0 -1.3712522e0
-2.307916e-1 1.6153473e0 -1.523626e0 -1.523626e0
-7.69467e-2 1.6153473e0 -1.59981903e0 -1.59981903e0
7.68982e-2 1.6153473e0 -1.59983107e0 -1.59983107e0
2.307431e-1 1.6153473e0 -1.5236621e0 -1.5236621e0
3.84588e-1 1.6153473e0 -1.37131236e0 -1.37131236e0
5.384329e-1 1.6153473e0 -1.14278163e0 -1.14278163e0
6.922778e-1 1.6153473e0 -8.3806989e-1 -8.3806989e-1
8.461227e-1 1.6153473e0 -4.5717738e-1 -4.5717738e-1
9.999677e-1 1.6153473e0 -1.0412478e-4 -1.0412478e-4
1.1538126e0 1.6153473e0 5.3315285e-1 5.3315285e-1
1.3076575e0 1.6153473e0 1.1425837e0 1.1425837e0
1.4615024e0 1.6153473e0 1.8281992e0 1.8281992e0
1.6153473e0 1.6153473e0 2.5899994e0 2.5899994e0
1.7691922e0 1.6153473e0 3.427977e0 3.427977e0
1.9230371e0 1.6153473e0 4.3421393e0 4.3421393e0
2.076882e0 1.6153473e0 5.3324715e0 5.3324715e0
2.230727e0 1.6153473e0 6.3989932e0 6.3989932e0
2.3845718e0 1.6153473e0 7.5416972e0 7.5416972e0
2.5384167e0 1.6153473e0 8.760581e0 8.760581e0
2.6922617e0 1.6153473e0 1.00556471e1 1.00556471e1
2.8461066e0 1.6153473e0 1.14268806e1 1.14268806e1
2.9999515e0 1.6153473e0 1.28743088e1 1.28743088e1

-3.0e0 1.7691922e0 1.7040332e1 1.7040332e1
-2.8461551e0 1.7691922e0 1.51245654e1 1.51245654e1
-2.6923102e0 1.7691922e0 1.33096294e1 1.33096294e1
-2.5384653e0 1.7691922e0 1.15955402e1 1.15955402e1
-2.3846204e0 1.7691922e0 9.9822586e0 9.9822586e0
-2.2307755e0 1.7691922e0 8.4698108e0 8.4698108e0
-2.0769305e0 1.7691922e0 7.0581871e0 7.0581871e0
-1.9230856e0 1.7691922e0 5.747397e0 5.747397e0
-1.7692407e0 1.7691922e0 4.5374472e0 4.5374472e0
-1.6153958e0 1.7691922e0 3.4283118e0 3.4283118e0
-1.4615509e0 1.7691922e0 2.4200067e0 2.4200067e0
-1.307706e0 1.7691922e0 1.51252902e0 1.51252902e0
-1.1538611e0 1.7691922e0 7.0588176e-1 7.0588176e-1
-1.0000162e0 1.7691922e0 7.1569406e-5 7.1569406e-5
-8.461713e-1 1.7691922e0 -6.049193e-1 -6.049193e-1
-6.923264e-1 1.7691922e0 -1.10907896e0 -1.10907896e0
-5.384814e-1 1.7691922e0 -1.51240974e0 -1.51240974e0
-3.846365e-1 1.7691922e0 -1.81491197e0 -1.81491197e0
-2.307916e-1 1.7691922e0 -2.01658533e0 -2.01658533e0
-7.69467e-2 1.7691922e0 -2.11743013e0 -2.11743013e0
7.68982e-2 1.7691922e0 -2.11744606e0 -2.11744606e0
2.307431e-1 1.7691922e0 -2.0166331e0 -2.0166331e0
3.84588e-1 1.7691922e0 -1.8149916e0 -1.8149916e0
5.384329e-1 1.7691922e0 -1.51252122e0 -1.51252122e0
6.922778e-1 1.7691922e0 -1.10922197e0 -1.10922197e0
8.461227e-1 1.7691922e0 -6.0509416e-1 -6.0509416e-1
9.999677e-1 1.7691922e0 -1.37813678e-4 -1.37813678e-4
1.1538126e0 1.7691922e0 7.05651e-1 7.05651e-1
1.3076575e0 1.7691922e0 1.51225926e0 1.51225926e0
1.4615024e0 1.7691922e0 2.4197012e0 2.4197012e0
1.6153473e0 1.7691922e0 3.427977e0 3.427977e0
1.7691922e0 1.7691922e0 4.5370767e0 4.5370767e0
1.9230371e0 1.7691922e0 5.7470102e0 5.7470102e0
2.076882e0 1.7691922e0 7.057758e0 7.057758e0
2.230727e0 1.7691922e0 8.469346e0 8.469346e0
2.3845718e0 1.7691922e0 9.9817645e0 9.9817645e0
2.5384167e0 1.7691922e0 1.15950104e1 1.15950104e1
2.6922617e0 1.7691922e0 1.33090866e1 1.33090866e1
2.8461066e0 1.7691922e0 1.51239738e1 1.51239738e1
2.9999515e0 1.7691922e0 1.7039708e1 1.7039708e1

-3.0e0 1.9230371e0 2.15845947e1 2.15845947e1
-2.8461551e0 1.9230371e0 1.91579375e1 1.91579375e1
-2.6923102e0 1.9230371e0 1.6859e1 1.6859e1
-2.5384653e0 1.9230371e0 1.46878027e1 1.46878027e1
-2.3846204e0 1.9230371e0 1.26442963e1 1.26442963e1
-2.2307755e0 1.9230371e0 1.07285136e1 1.07285136e1
-2.0769305e0 1.9230371e0 8.9404424e0 8.9404424e0
-1.9230856e0 1.9230371e0 7.280095e0 7.280095e0
-1.7692407e0 1.9230371e0 5.7474796e0 5.7474796e0
-1.6153958e0 1.9230371e0 4.3425633e0 4.3425633e0
-1.4615509e0 1.9230371e0 3.0653667e0 3.0653667e0
-1.307706e0 1.9230371e0 1.91588556e0 1.91588556e0
-1.1538611e0 1.9230371e0 8.9412411e-1 8.9412411e-1
-1.0000162e0 1.9230371e0 9.0655313e-5 9.0655313e-5
-8.461713e-1 1.9230371e0 -7.6623729e-1 -7.6623729e-1
-6.923264e-1 1.9230371e0 -1.40484468e0 -1.40484468e0
-5.384814e-1 1.9230371e0 -1.91573447e0 -1.91573447e0
-3.846365e-1 1.9230371e0 -2.29890704e0 -2.29890704e0
-2.307916e-1 1.9230371e0 -2.55436203e0 -2.55436203e0
-7.69467e-2 1.9230371e0 -2.68209981e0 -2.68209981e0
7.68982e-2 1.9230371e0 -2.68211998e0 -2.68211998e0
2.307431e-1 1.9230371e0 -2.55442255e0 -2.55442255e0
3.84588e-1 1.9230371e0 -2.2990079e0 -2.2990079e0
5.384329e-1 1.9230371e0 -1.91587567e0 -1.91587567e0
6.922778e-1 1.9230371e0 -1.40502583e0 -1.40502583e0
8.461227e-1 1.9230371e0 -7.6645879e-1 -7.6645879e-1
9.999677e-1 1.9230371e0 -1.745654e-4 -1.745654e-4
1.1538126e0 1.9230371e0 8.938318e-1 8.938318e-1
1.3076575e0 1.9230371e0 1.91554385e0 1.91554385e0
1.4615024e0 1.9230371e0 3.0649796e0 3.0649796e0
1.6153473e0 1.9230371e0 4.3421393e0 4.3421393e0
1.7691922e0 1.9230371e0 5.7470102e0 5.7470102e0
1.9230371e0 1.9230371e0 7.2796051e0 7.2796051e0
2.076882e0 1.9230371e0 8.939899e0 8.939899e0
2.230727e0 1.9230371e0 1.0727925e1 1.0727925e1
2.3845718e0 1.9230371e0 1.26436705e1 1.26436705e1
2.5384167e0 1.9230371e0 1.46871317e1 1.46871317e1
2.6922617e0 1.9230371e0 1.68583124e1 1.68583124e1
2.8461066e0 1.9230371e0 1.91571881e1 1.91571881e1
2.9999515e0 1.9230371e0 2.15838042e1 2.15838042e1

-3.0e0 2.076882e0 2.65074951e1 2.65074951e1
-2.8461551e0 2.076882e0 2.35273787e1 2.35273787e1
-2.6923102e0 2.076882e0 2.07041116e1 2.07041116e1
-2.5384653e0 2.076882e0 1.80377191e1 1.80377191e1
-2.3846204e0 2.076882e0 1.55281406e1 1.55281406e1
-2.2307755e0 2.076882e0 1.31754164e1 1.31754164e1
-2.0769305e0 2.076882e0 1.09795313e1 1.09795313e1
-1.9230856e0 2.076882e0 8.9405006e0 8.9405006e0
-1.7692407e0 2.076882e0 7.0583344e0 7.0583344e0
-1.6153958e0 2.076882e0 5.3329921e0 5.3329921e0
-1.4615509e0 2.076882e0 3.7644992e0 3.7644992e0
-1.307706e0 2.076882e0 2.35285062e0 2.35285062e0
-1.1538611e0 2.076882e0 1.09805122e0 1.09805122e0
-1.0000162e0 2.076882e0 1.11331499e-4 1.11331499e-4
-8.461713e-1 2.076882e0 -9.4099666e-1 -9.4099666e-1
-6.923264e-1 2.076882e0 -1.72525424e0 -1.72525424e0
-5.384814e-1 2.076882e0 -2.35266507e0 -2.35266507e0
-3.846365e-1 2.076882e0 -2.82322963e0 -2.82322963e0
-2.307916e-1 2.076882e0 -3.13694743e0 -3.13694743e0
-7.69467e-2 2.076882e0 -3.29381897e0 -3.29381897e0
7.68982e-2 2.076882e0 -3.29384373e0 -3.29384373e0
2.307431e-1 2.076882e0 -3.13702174e0 -3.13702174e0
3.84588e-1 2.076882e0 -2.8233535e0 -2.8233535e0
5.384329e-1 2.076882e0 -2.35283849e0 -2.35283849e0
6.922778e-1 2.076882e0 -1.7254767e0 -1.7254767e0
8.461227e-1 2.076882e0 -9.4126866e-1 -9.4126866e-1
9.999677e-1 2.076882e0 -2.14379356e-4 -2.14379356e-4
1.1538126e0 2.076882e0 1.09769225e0 1.09769225e0
1.3076575e0 2.076882e0 2.35243097e0 2.35243097e0
1.4615024e0 2.076882e0 3.764024e0 3.764024e0
1.6153473e0 2.076882e0 5.3324715e0 5.3324715e0
1.7691922e0 2.076882e0 7.057758e0 7.057758e0
1.9230371e0 2.076882e0 8.939899e0 8.939899e0
2.076882e0 2.076882e0 1.0978864e1 1.0978864e1
2.230727e0 2.076882e0 1.31746935e1 1.31746935e1
2.3845718e0 2.076882e0 1.55273721e1 1.55273721e1
2.5384167e0 2.076882e0 1.8036895e1 1.8036895e1
2.6922617e0 2.076882e0 2.07032674e1 2.07032674e1
2.8461066e0 2.076882e0 2.35264586e1 2.35264586e1
2.9999515e0 2.076882e0 2.65065244e1 2.65065244e1

-3.0e0 2.230727e0 3.18091309e1 3.18091309e1
-2.8461551e0 2.230727e0 2.82329758e1 2.82329758e1
-2.6923102e0 2.230727e0 2.48450407e1 2.48450407e1
-2.5384653e0 2.230727e0 2.1645356e1 2.1645356e1
-2.3846204e0 2.230727e0 1.86338489e1 1.86338489e1
-2.2307755e0 2.230727e0 1.58105676e1 1.58105676e1
-2.0769305e0 2.230727e0 1.31754942e1 1.31754942e1
-1.9230856e0 2.230727e0 1.07286469e1 1.07286469e1
-1.7692407e0 2.230727e0 8.4700377e0 8.4700377e0
-1.6153958e0 2.230727e0 6.399618e0 6.399618e0
-1.4615509e0 2.230727e0 4.5174185e0 4.5174185e0
-1.307706e0 2.230727e0 2.82343288e0 2.82343288e0
-1.1538611e0 2.230727e0 1.31766713e0 1.31766713e0
-1.0000162e0 2.230727e0 1.33598373e-4 1.33598373e-4
-8.461713e-1 2.230727e0 -1.12920084e0 -1.12920084e0
-6.923264e-1 2.230727e0 -2.070314e0 -2.070314e0
-5.384814e-1 2.230727e0 -2.82321022e0 -2.82321022e0
-3.846365e-1 2.230727e0 -3.38789012e0 -3.38789012e0
-2.307916e-1 2.230727e0 -3.76435309e0 -3.76435309e0
-7.69467e-2 2.230727e0 -3.95259975e0 -3.95259975e0
7.68982e-2 2.230727e0 -3.95262947e0 -3.95262947e0
2.307431e-1 2.230727e0 -3.76444228e0 -3.76444228e0
3.84588e-1 2.230727e0 -3.38803876e0 -3.38803876e0
5.384329e-1 2.230727e0 -2.82341832e0 -2.82341832e0
6.922778e-1 2.230727e0 -2.07058095e0 -2.07058095e0
8.461227e-1 2.230727e0 -1.12952725e0 -1.12952725e0
9.999677e-1 2.230727e0 -2.57256332e-4 -2.57256332e-4
1.1538126e0 2.230727e0 1.31723636e0 1.31723636e0
1.3076575e0 2.230727e0 2.8229293e0 2.8229293e0
1.4615024e0 2.230727e0 4.5168481e0 4.5168481e0
1.6153473e0 2.230727e0 6.3989932e0 6.3989932e0
1.7691922e0 2.230727e0 8.469346e0 8.469346e0
1.9230371e0 2.230727e0 1.0727925e1 1.0727925e1
2.076882e0 2.230727e0 1.31746935e1 1.31746935e1
2.230727e0 2.230727e0 1.58097e1 1.58097e1
2.3845718e0 2.230727e0 1.86329266e1 1.86329266e1
2.5384167e0 2.230727e0 2.1644367e1 2.1644367e1
2.6922617e0 2.230727e0 2.48440276e1 2.48440276e1
2.8461066e0 2.230727e0 2.82318716e1 2.82318716e1
2.9999515e0 2.230727e0 3.18079659e1 3.18079659e1

-3.0e0 2.3845718e0 3.74894653e1 3.74894653e1
-2.8461551e0 2.3845718e0 3.32746962e1 3.32746962e1
-2.6923102e0 2.3845718e0 2.92817587e1 2.92817587e1
-2.5384653e0 2.3845718e0 2.55106885e1 2.55106885e1
-2.3846204e0 2.3845718e0 2.19613995e1 2.19613995e1
-2.2307755e0 2.3845718e0 1.86339491e1 1.86339491e1
-2.0769305e0 2.3845718e0 1.5528316e1 1.5528316e1
-1.9230856e0 2.3845718e0 1.26445213e1 1.26445213e1
-1.7692407e0 2.3845718e0 9.9825797e0 9.9825797e0
-1.6153958e0 2.3845718e0 7.5424338e0 7.5424338e0
-1.4615509e0 2.3845718e0 5.3241193e0 5.3241193e0
-1.307706e0 2.3845718e0 3.32762909e0 3.32762909e0
-1.1538611e0 2.3845718e0 1.55297032e0 1.55297032e0
-1.0000162e0 2.3845718e0 1.57455782e-4 1.57455782e-4
-8.461713e-1 2.3845718e0 -1.33084856e0 -1.33084856e0
-6.923264e-1 2.3845718e0 -2.44002155e0 -2.44002155e0
-5.384814e-1 2.3845718e0 -3.32736665e0 -3.32736665e0
-3.846365e-1 2.3845718e0 -3.99288461e0 -3.99288461e0
-2.307916e-1 2.3845718e0 -4.43657469e0 -4.43657469e0
-7.69467e-2 2.3845718e0 -4.6584376e0 -4.6584376e0
7.68982e-2 2.3845718e0 -4.65847264e0 -4.65847264e0
2.307431e-1 2.3845718e0 -4.4366798e0 -4.4366798e0
3.84588e-1 2.3845718e0 -3.9930598e0 -3.9930598e0
5.384329e-1 2.3845718e0 -3.32761192e0 -3.32761192e0
6.922778e-1 2.3845718e0 -2.44033617e0 -2.44033617e0
8.461227e-1 2.3845718e0 -1.33123325e0 -1.33123325e0
9.999677e-1 2.3845718e0 -3.03196036e-4 -3.03196036e-4
1.1538126e0 2.3845718e0 1.55246263e0 1.55246263e0
1.3076575e0 2.3845718e0 3.32703558e0 3.32703558e0
1.4615024e0 2.3845718e0 5.3234471e0 5.3234471e0
1.6153473e0 2.3845718e0 7.5416972e0 7.5416972e0
1.7691922e0 2.3845718e0 9.9817645e0 9.9817645e0
1.9230371e0 2.3845718e0 1.26436705e1 1.26436705e1
2.076882e0 2.3845718e0 1.55273721e1 1.55273721e1
2.230727e0 2.3845718e0 1.86329266e1 1.86329266e1
2.3845718e0 2.3845718e0 2.19603127e1 2.19603127e1
2.5384167e0 2.3845718e0 2.55095229e1 2.55095229e1
2.6922617e0 2.3845718e0 2.92805646e1 2.92805646e1
2.8461066e0 2.3845718e0 3.3273395e1 3.3273395e1
2.9999515e0 2.3845718e0 3.74880923e1 3.74880923e1

-3.0e0 2.5384167e0 4.35484863e1 4.35484863e1
-2.8461551e0 2.5384167e0 3.86525293e1 3.86525293e1
-2.6923102e0 2.5384167e0 3.4014256e1 3.4014256e1
-2.5384653e0 2.5384167e0 2.96337079e1 2.96337079e1
-2.3846204e0 2.5384167e0 2.55107854e1 2.55107854e1
-2.2307755e0 2.5384167e0 2.1645555e1 2.1645555e1
-2.0769305e0 2.5384167e0 1.80379915e1 1.80379915e1
-1.9230856e0 2.5384167e0 1.46881201e1 1.46881201e1
-1.7692407e0 2.5384167e0 1.15959572e1 1.15959572e1
-1.6153958e0 2.5384167e0 8.7614366e0 8.7614366e0
-1.4615509e0 2.5384167e0 6.1845996e0 6.1845996e0
-1.307706e0 2.5384167e0 3.86543816e0 3.86543816e0
-1.1538611e0 2.5384167e0 1.80396028e0 1.80396028e0
-1.0000162e0 2.5384167e0 1.82903674e-4 1.82903674e-4
-8.461713e-1 2.5384167e0 -1.54593936e0 -1.54593936e0
-6.923264e-1 2.5384167e0 -2.83437611e0 -2.83437611e0
-5.384814e-1 2.5384167e0 -3.86513332e0 -3.86513332e0
-3.846365e-1 2.5384167e0 -4.6382118e0 -4.6382118e0
-2.307916e-1 2.5384167e0 -5.15361076e0 -5.15361076e0
-7.69467e-2 2.5384167e0 -5.41133101e0 -5.41133101e0
7.68982e-2 2.5384167e0 -5.4113717e0 -5.4113717e0
2.307431e-1 2.5384167e0 -5.15373286e0 -5.15373286e0
3.84588e-1 2.5384167e0 -4.63841531e0 -4.63841531e0
5.384329e-1 2.5384167e0 -3.86541823e0 -3.86541823e0
6.922778e-1 2.5384167e0 -2.83474158e0 -2.83474158e0
8.461227e-1 2.5384167e0 -1.54638623e0 -1.54638623e0
9.999677e-1 2.5384167e0 -3.52198366e-4 -3.52198366e-4
1.1538126e0 2.5384167e0 1.80337054e0 1.80337054e0
1.3076575e0 2.5384167e0 3.86474873e0 3.86474873e0
1.4615024e0 2.5384167e0 6.1838188e0 6.1838188e0
1.6153473e0 2.5384167e0 8.760581e0 8.760581e0
1.7691922e0 2.5384167e0 1.15950104e1 1.15950104e1
1.9230371e0 2.5384167e0 1.46871317e1 1.46871317e1
2.076882e0 2.5384167e0 1.8036895e1 1.8036895e1
2.230727e0 2.5384167e0 2.1644367e1 2.1644367e1
2.3845718e0 2.5384167e0 2.55095229e1 2.55095229e1
2.5384167e0 2.5384167e0 2.9632354e1 2.9632354e1
2.6922617e0 2.5384167e0 3.40128688e1 3.40128688e1
2.8461066e0 2.5384167e0 3.86510176e1 3.86510176e1
2.9999515e0 2.5384167e0 4.35468915e1 4.35468915e1

-3.0e0 2.6922617e0 4.9986206e1 4.9986206e1
-2.8461551e0 2.6922617e0 4.43664856e1 4.43664856e1
-2.6923102e0 2.6922617e0 3.90425421e1 3.90425421e1
-2.5384653e0 2.6922617e0 3.40144229e1 3.40144229e1
-2.3846204e0 2.6922617e0 2.92820139e1 2.92820139e1
-2.2307755e0 2.6922617e0 2.4845391e1 2.4845391e1
-2.0769305e0 2.6922617e0 2.07045258e1 2.07045258e1
-1.9230856e0 2.6922617e0 1.6859447e1 1.6859447e1
-1.7692407e0 2.6922617e0 1.33101735e1 1.33101735e1
-1.6153958e0 2.6922617e0 1.00566292e1 1.00566292e1
-1.4615509e0 2.6922617e0 7.0988615e0 7.0988615e0
-1.307706e0 2.6922617e0 4.43686118e0 4.43686118e0
-1.1538611e0 2.6922617e0 2.07063754e0 2.07063754e0
-1.0000162e0 2.6922617e0 2.09942102e-4 2.09942102e-4
-8.461713e-1 2.6922617e0 -1.7744737e0 -1.7744737e0
-6.923264e-1 2.6922617e0 -3.25337848e0 -3.25337848e0
-5.384814e-1 2.6922617e0 -4.43651128e0 -4.43651128e0
-3.846365e-1 2.6922617e0 -5.32387302e0 -5.32387302e0
-2.307916e-1 2.6922617e0 -5.91546277e0 -5.91546277e0
-7.69467e-2 2.6922617e0 -6.2112815e0 -6.2112815e0
7.68982e-2 2.6922617e0 -6.2113282e0 -6.2113282e0
2.307431e-1 2.6922617e0 -5.91560292e0 -5.91560292e0
3.84588e-1 2.6922617e0 -5.32410661e0 -5.32410661e0
5.384329e-1 2.6922617e0 -4.43683829e0 -4.43683829e0
6.922778e-1 2.6922617e0 -3.25379799e0 -3.25379799e0
8.461227e-1 2.6922617e0 -1.77498663e0 -1.77498663e0
9.999677e-1 2.6922617e0 -4.04263422e-4 -4.04263422e-4
1.1538126e0 2.6922617e0 2.06996062e0 2.06996062e0
1.3076575e0 2.6922617e0 4.43606984e0 4.43606984e0
1.4615024e0 2.6922617e0 7.0979652e0 7.0979652e0
1.6153473e0 2.6922617e0 1.00556471e1 1.00556471e1
1.7691922e0 2.6922617e0 1.33090866e1 1.33090866e1
1.9230371e0 2.6922617e0 1.68583124e1 1.68583124e1
2.076882e0 2.6922617e0 2.07032674e1 2.07032674e1
2.230727e0 2.6922617e0 2.48440276e1 2.48440276e1
2.3845718e0 2.6922617e0 2.92805646e1 2.92805646e1
2.5384167e0 2.6922617e0 3.40128688e1 3.40128688e1
2.6922617e0 2.6922617e0 3.90409499e1 3.90409499e1
2.8461066e0 2.6922617e0 4.43647504e1 4.43647504e1
2.9999515e0 2.6922617e0 4.99843755e1 4.99843755e1

-3.0e0 2.8461066e0 5.68025513e1 5.68025513e1
-2.8461551e0 2.8461066e0 5.04165004e1 5.04165004e1
-2.6923102e0 2.8461066e0 4.43665598e1 4.43665598e1
-2.5384653e0 2.8461066e0 3.86527835e1 3.86527835e1
-2.3846204e0 2.8461066e0 3.32750417e1 3.32750417e1
-2.2307755e0 2.8461066e0 2.82334209e1 2.82334209e1
-2.0769305e0 2.8461066e0 2.35278886e1 2.35278886e1
-1.9230856e0 2.8461066e0 1.91584775e1 1.91584775e1
-1.7692407e0 2.8461066e0 1.5125209e1 1.5125209e1
-1.6153958e0 2.8461066e0 1.14279965e1 1.14279965e1
-1.4615509e0 2.8461066e0 8.0668944e0 8.0668944e0
-1.307706e0 2.8461066e0 5.04189163e0 5.04189163e0
-1.1538611e0 2.8461066e0 2.35299905e0 2.35299905e0
-1.0000162e0 2.8461066e0 2.38570758e-4 2.38570758e-4
-8.461713e-1 2.8461066e0 -2.01644896e0 -2.01644896e0
-6.923264e-1 2.8461066e0 -3.6970239e0 -3.6970239e0
-5.384814e-1 2.8461066e0 -5.04149402e0 -5.04149402e0
-3.846365e-1 2.8461066e0 -6.04986043e0 -6.04986043e0
-2.307916e-1 2.8461066e0 -6.72212204e0 -6.72212204e0
-7.69467e-2 2.8461066e0 -7.05827994e0 -7.05827994e0
7.68982e-2 2.8461066e0 -7.05833302e0 -7.05833302e0
2.307431e-1 2.8461066e0 -6.72228131e0 -6.72228131e0
3.84588e-1 2.8461066e0 -6.05012587e0 -6.05012587e0
5.384329e-1 2.8461066e0 -5.04186563e0 -5.04186563e0
6.922778e-1 2.8461066e0 -3.6975006e0 -3.6975006e0
8.461227e-1 2.8461066e0 -2.01703185e0 -2.01703185e0
9.999677e-1 2.8461066e0 -4.59390611e-4 -4.59390611e-4
1.1538126e0 2.8461066e0 2.35222981e0 2.35222981e0
1.3076575e0 2.8461066e0 5.0409924e0 5.0409924e0
1.4615024e0 2.8461066e0 8.065876e0 8.065876e0
1.6153473e0 2.8461066e0 1.14268806e1 1.14268806e1
1.7691922e0 2.8461066e0 1.51239738e1 1.51239738e1
1.9230371e0 2.8461066e0 1.91571881e1 1.91571881e1
2.076882e0 2.8461066e0 2.35264586e1 2.35264586e1
2.230727e0 2.8461066e0 2.82318716e1 2.82318716e1
2.3845718e0 2.8461066e0 3.3273395e1 3.3273395e1
2.5384167e0 2.8461066e0 3.86510176e1 3.86510176e1
2.6922617e0 2.8461066e0 4.43647504e1 4.43647504e1
2.8461066e0 2.8461066e0 5.04145285e1 5.04145285e1
2.9999515e0 2.8461066e0 5.6800471e1 5.6800471e1

-3.0e0 2.9999515e0 6.39976563e1 6.39976563e1
-2.8461551e0 2.9999515e0 5.68026926e1 5.68026926e1
-2.6923102e0 2.9999515e0 4.99864139e1 4.99864139e1
-2.5384653e0 2.9999515e0 4.3548881e1 4.3548881e1
-2.3846204e0 2.9999515e0 3.74899478e1 3.74899478e1
-2.2307755e0 2.9999515e0 3.18097115e1 3.18097115e1
-2.0769305e0 2.9999515e0 2.65081355e1 2.65081355e1
-1.9230856e0 2.9999515e0 2.15852568e1 2.15852568e1
-1.7692407e0 2.9999515e0 1.70410994e1 1.70410994e1
-1.6153958e0 2.9999515e0 1.2875566e1 1.2875566e1
-1.4615509e0 2.9999515e0 9.0887173e0 9.0887173e0
-1.307706e0 2.9999515e0 5.68054147e0 5.68054147e0
-1.1538611e0 2.9999515e0 2.65105037e0 2.65105037e0
-1.0000162e0 2.9999515e0 2.68790204e-4 2.68790204e-4
-8.461713e-1 2.9999515e0 -2.27186992e0 -2.27186992e0
-6.923264e-1 2.9999515e0 -4.16532108e0 -4.16532108e0
-5.384814e-1 2.9999515e0 -5.68009349e0 -5.68009349e0
-3.846365e-1 2.9999515e0 -6.81618835e0 -6.81618835e0
-2.307916e-1 2.9999515e0 -7.57360446e0 -7.57360446e0
-7.69467e-2 2.9999515e0 -7.95234303e0 -7.95234303e0
7.68982e-2 2.9999515e0 -7.95240285e0 -7.95240285e0
2.307431e-1 2.9999515e0 -7.5737839e0 -7.5737839e0
3.84588e-1 2.9999515e0 -6.81648741e0 -6.81648741e0
5.384329e-1 2.9999515e0 -5.68051218e0 -5.68051218e0
6.922778e-1 2.9999515e0 -4.16585817e0 -4.16585817e0
8.461227e-1 2.9999515e0 -2.27252663e0 -2.27252663e0
9.999677e-1 2.9999515e0 -5.1758102e-4 -5.1758102e-4
1.1538126e0 2.9999515e0 2.6501837e0 2.6501837e0
1.3076575e0 2.9999515e0 5.67952832e0 5.67952832e0
1.4615024e0 2.9999515e0 9.0875699e0 9.0875699e0
1.6153473e0 2.9999515e0 1.28743088e1 1.28743088e1
1.7691922e0 2.9999515e0 1.7039708e1 1.7039708e1
1.9230371e0 2.9999515e0 2.15838042e1 2.15838042e1
2.076882e0 2.9999515e0 2.65065244e1 2.65065244e1
2.230727e0 2.9999515e0 3.18079659e1 3.18079659e1
2.3845718e0 2.9999515e0 3.74880923e1 3.74880923e1
2.5384167e0 2.9999515e0 4.35468915e1 4.35468915e1
2.6922617e0 2.9999515e0 4.99843755e1 4.99843755e1
2.8461066e0 2.9999515e0 5.6800471e1 5.6800471e1
2.9999515e0 2.9999515e0 6.39953125e1 6.39953125e1
