-3.0e0 -3.0e0 6.14397e-6 6.14397e-6
-2.8461552e0 -3.0e0 1.510242e-5 1.510242e-5
-2.6923105e0 -3.0e0 3.540776e-5 3.540776e-5
-2.5384657e0 -3.0e0 7.91758e-5 7.91758e-5
-2.384621e0 -3.0e0 1.688565e-4 1.688565e-4
-2.2307762e0 -3.0e0 3.434695e-4 3.434695e-4
-2.0769315e0 -3.0e0 6.663594e-4 6.663594e-4
-1.9230867e0 -3.0e0 1.232997e-3 1.232997e-3
-1.769242e0 -3.0e0 2.176036e-3 2.176036e-3
-1.6153972e0 -3.0e0 3.662723e-3 3.662723e-3
-1.4615524e0 -3.0e0 5.880177e-3 5.880177e-3
-1.3077077e0 -3.0e0 9.003615e-3 9.003615e-3
-1.1538629e0 -3.0e0 1.314859e-2 1.314859e-2
-1.0000182e0 -3.0e0 1.831447e-2 1.831447e-2
-8.461734e-1 -3.0e0 2.433017e-2 2.433017e-2
-6.923285e-1 -3.0e0 3.08272e-2 3.08272e-2
-5.3848361e-1 -3.0e0 3.725404e-2 3.725404e-2
-3.8463872e-1 -3.0e0 4.293884e-2 4.293884e-2
-2.3079382e-1 -3.0e0 4.720282e-2 4.720282e-2
-7.694893e-2 -3.0e0 4.949182e-2 4.949182e-2
7.689597e-2 -3.0e0 4.949182e-2 4.949182e-2
2.3074086e-1 -3.0e0 4.720406e-2 4.720406e-2
3.8458575e-1 -3.0e0 4.294064e-2 4.294064e-2
5.3843065e-1 -3.0e0 3.725623e-2 3.725623e-2
6.9227554e-1 -3.0e0 3.082968e-2 3.082968e-2
8.4612044e-1 -3.0e0 2.433202e-2 2.433202e-2
9.9996533e-1 -3.0e0 1.83162e-2 1.83162e-2
1.15381023e0 -3.0e0 1.315004e-2 1.315004e-2
1.307655e0 -3.0e0 9.004915e-3 9.004915e-3
1.4614998e0 -3.0e0 5.881088e-3 5.881088e-3
1.6153445e0 -3.0e0 3.663359e-3 3.663359e-3
1.7691893e0 -3.0e0 2.176425e-3 2.176425e-3
1.923034e0 -3.0e0 1.233244e-3 1.233244e-3
2.0768788e0 -3.0e0 6.665033e-4 6.665033e-4
2.2307236e0 -3.0e0 3.435547e-4 3.435547e-4
2.3845683e0 -3.0e0 1.688968e-4 1.688968e-4
2.5384131e0 -3.0e0 7.919676e-5 7.919676e-5
2.6922578e0 -3.0e0 3.541791e-5 3.541791e-5
2.8461026e0 -3.0e0 1.510693e-5 1.510693e-5
2.9999474e0 -3.0e0 6.145847e-6 6.145847e-6

-3.0e0 -2.8461552e0 7.165749e-6 7.165749e-6
-2.8461552e0 -2.8461552e0 1.761436e-5 1.761436e-5
-2.6923105e0 -2.8461552e0 4.129613e-5 4.129613e-5
-2.5384657e0 -2.8461552e0 9.234315e-5 9.234315e-5
-2.384621e0 -2.8461552e0 1.969377e-4 1.969377e-4
-2.2307762e0 -2.8461552e0 4.006006e-4 4.006006e-4
-2.0769315e0 -2.8461552e0 7.771806e-4 7.771806e-4
-1.9230867e0 -2.8461552e0 1.438051e-3 1.438051e-3
-1.769242e0 -2.8461552e0 2.537936e-3 2.537936e-3
-1.6153972e0 -2.8461552e0 4.271931e-3 4.271931e-3
-1.4615524e0 -2.8461552e0 6.858154e-3 6.858154e-3
-1.3077077e0 -2.8461552e0 1.050073e-2 1.050073e-2
-1.1538629e0 -2.8461552e0 1.533551e-2 1.533551e-2
-1.0000182e0 -2.8461552e0 2.136026e-2 2.136026e-2
-8.461734e-1 -2.8461552e0 2.837642e-2 2.837642e-2
-6.923285e-1 -2.8461552e0 3.595456e-2 3.595456e-2
-5.3848361e-1 -2.8461552e0 4.344926e-2 4.344926e-2
-3.8463872e-1 -2.8461552e0 5.008043e-2 5.008043e-2
-2.3079382e-1 -2.8461552e0 5.505392e-2 5.505392e-2
-7.694893e-2 -2.8461552e0 5.772273e-2 5.772273e-2
7.689597e-2 -2.8461552e0 5.772328e-2 5.772328e-2
2.3074086e-1 -2.8461552e0 5.505472e-2 5.505472e-2
3.8458575e-1 -2.8461552e0 5.008179e-2 5.008179e-2
5.3843065e-1 -2.8461552e0 4.345221e-2 4.345221e-2
6.9227554e-1 -2.8461552e0 3.595694e-2 3.595694e-2
8.4612044e-1 -2.8461552e0 2.837901e-2 2.837901e-2
9.9996533e-1 -2.8461552e0 2.136246e-2 2.136246e-2
1.15381023e0 -2.8461552e0 1.533737e-2 1.533737e-2
1.307655e0 -2.8461552e0 1.050223e-2 1.050223e-2
1.4614998e0 -2.8461552e0 6.859183e-3 6.859183e-3
1.6153445e0 -2.8461552e0 4.27262e-3 4.27262e-3
1.7691893e0 -2.8461552e0 2.538393e-3 2.538393e-3
1.923034e0 -2.8461552e0 1.43834e-3 1.43834e-3
2.0768788e0 -2.8461552e0 7.773582e-4 7.773582e-4
2.2307236e0 -2.8461552e0 4.006915e-4 4.006915e-4
2.3845683e0 -2.8461552e0 1.9699e-4 1.9699e-4
2.5384131e0 -2.8461552e0 9.236862e-5 9.236862e-5
2.6922578e0 -2.8461552e0 4.130818e-5 4.130818e-5
2.8461026e0 -2.8461552e0 1.761934e-5 1.761934e-5
2.9999474e0 -2.8461552e0 7.167982e-6 7.167982e-6

-3.0e0 -2.6923105e0 8.357524e-6 8.357524e-6
-2.8461552e0 -2.6923105e0 2.054393e-5 2.054393e-5
-2.6923105e0 -2.6923105e0 4.81641e-5 4.81641e-5
-2.5384657e0 -2.6923105e0 1.07698e-4 1.07698e-4
-2.384621e0 -2.6923105e0 2.296928e-4 2.296928e-4
-2.2307762e0 -2.6923105e0 4.672249e-4 4.672249e-4
-2.0769315e0 -2.6923105e0 9.06447e-4 9.06447e-4
-1.9230867e0 -2.6923105e0 1.67721e-3 1.67721e-3
-1.769242e0 -2.6923105e0 2.960014e-3 2.960014e-3
-1.6153972e0 -2.6923105e0 4.98238e-3 4.98238e-3
-1.4615524e0 -2.6923105e0 7.998694e-3 7.998694e-3
-1.3077077e0 -2.6923105e0 1.224734e-2 1.224734e-2
-1.1538629e0 -2.6923105e0 1.788579e-2 1.788579e-2
-1.0000182e0 -2.6923105e0 2.491246e-2 2.491246e-2
-8.461734e-1 -2.6923105e0 3.309567e-2 3.309567e-2
-6.923285e-1 -2.6923105e0 4.193375e-2 4.193375e-2
-5.3848361e-1 -2.6923105e0 5.067654e-2 5.067654e-2
-3.8463872e-1 -2.6923105e0 5.840895e-2 5.840895e-2
-2.3079382e-1 -2.6923105e0 6.420972e-2 6.420972e-2
-7.694893e-2 -2.6923105e0 6.732295e-2 6.732295e-2
7.689597e-2 -2.6923105e0 6.732295e-2 6.732295e-2
2.3074086e-1 -2.6923105e0 6.4212e-2 6.4212e-2
3.8458575e-1 -2.6923105e0 5.841177e-2 5.841177e-2
5.3843065e-1 -2.6923105e0 5.067862e-2 5.067862e-2
6.9227554e-1 -2.6923105e0 4.193692e-2 4.193692e-2
8.4612044e-1 -2.6923105e0 3.30988e-2 3.30988e-2
9.9996533e-1 -2.6923105e0 2.491502e-2 2.491502e-2
1.15381023e0 -2.6923105e0 1.788794e-2 1.788794e-2
1.307655e0 -2.6923105e0 1.224904e-2 1.224904e-2
1.4614998e0 -2.6923105e0 7.999913e-3 7.999913e-3
1.6153445e0 -2.6923105e0 4.983209e-3 4.983209e-3
1.7691893e0 -2.6923105e0 2.960533e-3 2.960533e-3
1.923034e0 -2.6923105e0 1.67757e-3 1.67757e-3
2.0768788e0 -2.6923105e0 9.066368e-4 9.066368e-4
2.2307236e0 -2.6923105e0 4.673265e-4 4.673265e-4
2.3845683e0 -2.6923105e0 2.297508e-4 2.297508e-4
2.5384131e0 -2.6923105e0 1.077283e-4 1.077283e-4
2.6922578e0 -2.6923105e0 4.81778e-5 4.81778e-5
2.8461026e0 -2.6923105e0 2.054964e-5 2.054964e-5
2.9999474e0 -2.6923105e0 8.36009e-6 8.36009e-6

-3.0e0 -2.5384657e0 9.747409e-6 9.747409e-6
-2.8461552e0 -2.5384657e0 2.396024e-5 2.396024e-5
-2.6923105e0 -2.5384657e0 5.617491e-5 5.617491e-5
-2.5384657e0 -2.5384657e0 1.25611e-4 1.25611e-4
-2.384621e0 -2.5384657e0 2.678923e-4 2.678923e-4
-2.2307762e0 -2.5384657e0 5.449219e-4 5.449219e-4
-2.0769315e0 -2.5384657e0 1.057158e-3 1.057158e-3
-1.9230867e0 -2.5384657e0 1.956161e-3 1.956161e-3
-1.769242e0 -2.5384657e0 3.45226e-3 3.45226e-3
-1.6153972e0 -2.5384657e0 5.810982e-3 5.810982e-3
-1.4615524e0 -2.5384657e0 9.32895e-3 9.32895e-3
-1.3077077e0 -2.5384657e0 1.428418e-2 1.428418e-2
-1.1538629e0 -2.5384657e0 2.086021e-2 2.086021e-2
-1.0000182e0 -2.5384657e0 2.905603e-2 2.905603e-2
-8.461734e-1 -2.5384657e0 3.85998e-2 3.85998e-2
-6.923285e-1 -2.5384657e0 4.890771e-2 4.890771e-2
-5.3848361e-1 -2.5384657e0 5.910422e-2 5.910422e-2
-3.8463872e-1 -2.5384657e0 6.81228e-2 6.81228e-2
-2.3079382e-1 -2.5384657e0 7.488824e-2 7.488824e-2
-7.694893e-2 -2.5384657e0 7.851886e-2 7.851886e-2
7.689597e-2 -2.5384657e0 7.852048e-2 7.852048e-2
2.3074086e-1 -2.5384657e0 7.489053e-2 7.489053e-2
3.8458575e-1 -2.5384657e0 6.812602e-2 6.812602e-2
5.3843065e-1 -2.5384657e0 5.910742e-2 5.910742e-2
6.9227554e-1 -2.5384657e0 4.891118e-2 4.891118e-2
8.4612044e-1 -2.5384657e0 3.860342e-2 3.860342e-2
9.9996533e-1 -2.5384657e0 2.905916e-2 2.905916e-2
1.15381023e0 -2.5384657e0 2.086311e-2 2.086311e-2
1.307655e0 -2.5384657e0 1.428606e-2 1.428606e-2
1.4614998e0 -2.5384657e0 9.330319e-3 9.330319e-3
1.6153445e0 -2.5384657e0 5.812044e-3 5.812044e-3
1.7691893e0 -2.5384657e0 3.452904e-3 3.452904e-3
1.923034e0 -2.5384657e0 1.956549e-3 1.956549e-3
2.0768788e0 -2.5384657e0 1.05741e-3 1.05741e-3
2.2307236e0 -2.5384657e0 5.45058e-4 5.45058e-4
2.3845683e0 -2.5384657e0 2.679576e-4 2.679576e-4
2.5384131e0 -2.5384657e0 1.256436e-4 1.256436e-4
2.6922578e0 -2.5384657e0 5.619131e-5 5.619131e-5
2.8461026e0 -2.5384657e0 2.396767e-5 2.396767e-5
2.9999474e0 -2.5384657e0 9.750577e-6 9.750577e-6

-3.0e0 -2.384621e0 1.136823e-5 1.136823e-5
-2.8461552e0 -2.384621e0 2.79453e-5 2.79453e-5
-2.6923105e0 -2.384621e0 6.551704e-5 6.551704e-5
-2.5384657e0 -2.384621e0 1.46501e-4 1.46501e-4
-2.384621e0 -2.384621e0 3.124469e-4 3.124469e-4
-2.2307762e0 -2.384621e0 6.355554e-4 6.355554e-4
-2.0769315e0 -2.384621e0 1.232982e-3 1.232982e-3
-1.9230867e0 -2.384621e0 2.281502e-3 2.281502e-3
-1.769242e0 -2.384621e0 4.026463e-3 4.026463e-3
-1.6153972e0 -2.384621e0 6.777422e-3 6.777422e-3
-1.4615524e0 -2.384621e0 1.088045e-2 1.088045e-2
-1.3077077e0 -2.384621e0 1.665958e-2 1.665958e-2
-1.1538629e0 -2.384621e0 2.432968e-2 2.432968e-2
-1.0000182e0 -2.384621e0 3.388805e-2 3.388805e-2
-8.461734e-1 -2.384621e0 4.501903e-2 4.501903e-2
-6.923285e-1 -2.384621e0 5.704181e-2 5.704181e-2
-5.3848361e-1 -2.384621e0 6.89331e-2 6.89331e-2
-3.8463872e-1 -2.384621e0 7.945349e-2 7.945349e-2
-2.3079382e-1 -2.384621e0 8.734315e-2 8.734315e-2
-7.694893e-2 -2.384621e0 9.157684e-2 9.157684e-2
7.689597e-2 -2.384621e0 9.157867e-2 9.157867e-2
2.3074086e-1 -2.384621e0 8.734468e-2 8.734468e-2
3.8458575e-1 -2.384621e0 7.945593e-2 7.945593e-2
5.3843065e-1 -2.384621e0 6.893755e-2 6.893755e-2
6.9227554e-1 -2.384621e0 5.704642e-2 5.704642e-2
8.4612044e-1 -2.384621e0 4.502353e-2 4.502353e-2
9.9996533e-1 -2.384621e0 3.389185e-2 3.389185e-2
1.15381023e0 -2.384621e0 2.433267e-2 2.433267e-2
1.307655e0 -2.384621e0 1.666167e-2 1.666167e-2
1.4614998e0 -2.384621e0 1.088205e-2 1.088205e-2
1.6153445e0 -2.384621e0 6.778589e-3 6.778589e-3
1.7691893e0 -2.384621e0 4.027231e-3 4.027231e-3
1.923034e0 -2.384621e0 2.28193e-3 2.28193e-3
2.0768788e0 -2.384621e0 1.233253e-3 1.233253e-3
2.2307236e0 -2.384621e0 6.35701e-4 6.35701e-4
2.3845683e0 -2.384621e0 3.125233e-4 3.125233e-4
2.5384131e0 -2.384621e0 1.465408e-4 1.465408e-4
2.6922578e0 -2.384621e0 6.553598e-5 6.553598e-5
2.8461026e0 -2.384621e0 2.795346e-5 2.795346e-5
2.9999474e0 -2.384621e0 1.1372e-5 1.1372e-5

-3.0e0 -2.2307762e0 1.325902e-5 1.325902e-5
-2.8461552e0 -2.2307762e0 3.259277e-5 3.259277e-5
-2.6923105e0 -2.2307762e0 7.641412e-5 7.641412e-5
-2.5384657e0 -2.2307762e0 1.708655e-4 1.708655e-4
-2.384621e0 -2.2307762e0 3.644095e-4 3.644095e-4
-2.2307762e0 -2.2307762e0 7.412479e-4 7.412479e-4
-2.0769315e0 -2.2307762e0 1.438051e-3 1.438051e-3
-1.9230867e0 -2.2307762e0 2.660939e-3 2.660939e-3
-1.769242e0 -2.2307762e0 4.696089e-3 4.696089e-3
-1.6153972e0 -2.2307762e0 7.904567e-3 7.904567e-3
-1.4615524e0 -2.2307762e0 1.26898e-2 1.26898e-2
-1.3077077e0 -2.2307762e0 1.943044e-2 1.943044e-2
-1.1538629e0 -2.2307762e0 2.837587e-2 2.837587e-2
-1.0000182e0 -2.2307762e0 3.952371e-2 3.952371e-2
-8.461734e-1 -2.2307762e0 5.250613e-2 5.250613e-2
-6.923285e-1 -2.2307762e0 6.652855e-2 6.652855e-2
-5.3848361e-1 -2.2307762e0 8.039816e-2 8.039816e-2
-3.8463872e-1 -2.2307762e0 9.266669e-2 9.266669e-2
-2.3079382e-1 -2.2307762e0 1.0182e-1 1.0182e-1
-7.694893e-2 -2.2307762e0 1.0681e-1 1.0681e-1
7.689597e-2 -2.2307762e0 1.0681e-1 1.0681e-1
2.3074086e-1 -2.2307762e0 1.0182e-1 1.0182e-1
3.8458575e-1 -2.2307762e0 9.267058e-2 9.267058e-2
5.3843065e-1 -2.2307762e0 8.040198e-2 8.040198e-2
6.9227554e-1 -2.2307762e0 6.65338e-2 6.65338e-2
8.4612044e-1 -2.2307762e0 5.251093e-2 5.251093e-2
9.9996533e-1 -2.2307762e0 3.952806e-2 3.952806e-2
1.15381023e0 -2.2307762e0 2.837929e-2 2.837929e-2
1.307655e0 -2.2307762e0 1.943317e-2 1.943317e-2
1.4614998e0 -2.2307762e0 1.269176e-2 1.269176e-2
1.6153445e0 -2.2307762e0 7.90593e-3 7.90593e-3
1.7691893e0 -2.2307762e0 4.696948e-3 4.696948e-3
1.923034e0 -2.2307762e0 2.66148e-3 2.66148e-3
2.0768788e0 -2.2307762e0 1.438362e-3 1.438362e-3
2.2307236e0 -2.2307762e0 7.414255e-4 7.414255e-4
2.3845683e0 -2.2307762e0 3.644984e-4 3.644984e-4
2.5384131e0 -2.2307762e0 1.709131e-4 1.709131e-4
2.6922578e0 -2.2307762e0 7.643518e-5 7.643518e-5
2.8461026e0 -2.2307762e0 3.260217e-5 3.260217e-5
2.9999474e0 -2.2307762e0 1.326309e-5 1.326309e-5

-3.0e0 -2.0769315e0 1.546411e-5 1.546411e-5
-2.8461552e0 -2.0769315e0 3.80138e-5 3.80138e-5
-2.6923105e0 -2.0769315e0 8.912207e-5 8.912207e-5
-2.5384657e0 -2.0769315e0 1.992828e-4 1.992828e-4
-2.384621e0 -2.0769315e0 4.250145e-4 4.250145e-4
-2.2307762e0 -2.0769315e0 8.645396e-4 8.645396e-4
-2.0769315e0 -2.0769315e0 1.67721e-3 1.67721e-3
-1.9230867e0 -2.0769315e0 3.103476e-3 3.103476e-3
-1.769242e0 -2.0769315e0 5.477072e-3 5.477072e-3
-1.6153972e0 -2.0769315e0 9.21909e-3 9.21909e-3
-1.4615524e0 -2.0769315e0 1.480017e-2 1.480017e-2
-1.3077077e0 -2.0769315e0 2.266174e-2 2.266174e-2
-1.1538629e0 -2.0769315e0 3.309567e-2 3.309567e-2
-1.0000182e0 -2.0769315e0 4.609749e-2 4.609749e-2
-8.461734e-1 -2.0769315e0 6.123947e-2 6.123947e-2
-6.923285e-1 -2.0769315e0 7.759354e-2 7.759354e-2
-5.3848361e-1 -2.0769315e0 9.37683e-2 9.37683e-2
-3.8463872e-1 -2.0769315e0 1.0802e-1 1.0802e-1
-2.3079382e-1 -2.0769315e0 1.1882e-1 1.1882e-1
-7.694893e-2 -2.0769315e0 1.2453e-1 1.2453e-1
7.689597e-2 -2.0769315e0 1.2453e-1 1.2453e-1
2.3074086e-1 -2.0769315e0 1.1882e-1 1.1882e-1
3.8458575e-1 -2.0769315e0 1.0802e-1 1.0802e-1
5.3843065e-1 -2.0769315e0 9.377478e-2 9.377478e-2
6.9227554e-1 -2.0769315e0 7.759865e-2 7.759865e-2
8.4612044e-1 -2.0769315e0 6.124477e-2 6.124477e-2
9.9996533e-1 -2.0769315e0 4.610228e-2 4.610228e-2
1.15381023e0 -2.0769315e0 3.30995e-2 3.30995e-2
1.307655e0 -2.0769315e0 2.2665e-2 2.2665e-2
1.4614998e0 -2.0769315e0 1.480255e-2 1.480255e-2
1.6153445e0 -2.0769315e0 9.220834e-3 9.220834e-3
1.7691893e0 -2.0769315e0 5.478148e-3 5.478148e-3
1.923034e0 -2.0769315e0 3.104124e-3 3.104124e-3
2.0768788e0 -2.0769315e0 1.677597e-3 1.677597e-3
2.2307236e0 -2.0769315e0 8.647357e-4 8.647357e-4
2.3845683e0 -2.0769315e0 4.251256e-4 4.251256e-4
2.5384131e0 -2.0769315e0 1.993393e-4 1.993393e-4
2.6922578e0 -2.0769315e0 8.914742e-5 8.914742e-5
2.8461026e0 -2.0769315e0 3.80249e-5 3.80249e-5
2.9999474e0 -2.0769315e0 1.546904e-5 1.546904e-5

-3.0e0 -1.9230867e0 1.803613e-5 1.803613e-5
-2.8461552e0 -1.9230867e0 4.433583e-5 4.433583e-5
-2.6923105e0 -1.9230867e0 1.039412e-4 1.039412e-4
-2.5384657e0 -1.9230867e0 2.324246e-4 2.324246e-4
-2.384621e0 -1.9230867e0 4.957025e-4 4.957025e-4
-2.2307762e0 -1.9230867e0 1.008287e-3 1.008287e-3
-2.0769315e0 -1.9230867e0 1.956137e-3 1.956137e-3
-1.9230867e0 -1.9230867e0 3.619633e-3 3.619633e-3
-1.769242e0 -1.9230867e0 6.388019e-3 6.388019e-3
-1.6153972e0 -1.9230867e0 1.075237e-2 1.075237e-2
-1.4615524e0 -1.9230867e0 1.726184e-2 1.726184e-2
-1.3077077e0 -1.9230867e0 2.643117e-2 2.643117e-2
-1.1538629e0 -1.9230867e0 3.85994e-2 3.85994e-2
-1.0000182e0 -1.9230867e0 5.37639e-2 5.37639e-2
-8.461734e-1 -1.9230867e0 7.142383e-2 7.142383e-2
-6.923285e-1 -1.9230867e0 9.049779e-2 9.049779e-2
-5.3848361e-1 -1.9230867e0 1.0931e-1 1.0931e-1
-3.8463872e-1 -1.9230867e0 1.2602e-1 1.2602e-1
-2.3079382e-1 -1.9230867e0 1.3852e-1 1.3852e-1
-7.694893e-2 -1.9230867e0 1.4523e-1 1.4523e-1
7.689597e-2 -1.9230867e0 1.4523e-1 1.4523e-1
2.3074086e-1 -1.9230867e0 1.3852e-1 1.3852e-1
3.8458575e-1 -1.9230867e0 1.2602e-1 1.2602e-1
5.3843065e-1 -1.9230867e0 1.0931e-1 1.0931e-1
6.9227554e-1 -1.9230867e0 9.05045e-2 9.05045e-2
8.4612044e-1 -1.9230867e0 7.143047e-2 7.143047e-2
9.9996533e-1 -1.9230867e0 5.376929e-2 5.376929e-2
1.15381023e0 -1.9230867e0 3.86042e-2 3.86042e-2
1.307655e0 -1.9230867e0 2.643442e-2 2.643442e-2
1.4614998e0 -1.9230867e0 1.726442e-2 1.726442e-2
1.6153445e0 -1.9230867e0 1.075404e-2 1.075404e-2
1.7691893e0 -1.9230867e0 6.389201e-3 6.389201e-3
1.923034e0 -1.9230867e0 3.620348e-3 3.620348e-3
2.0768788e0 -1.9230867e0 1.956583e-3 1.956583e-3
2.2307236e0 -1.9230867e0 1.008528e-3 1.008528e-3
2.3845683e0 -1.9230867e0 4.95824e-4 4.95824e-4
2.5384131e0 -1.9230867e0 2.324893e-4 2.324893e-4
2.6922578e0 -1.9230867e0 1.039699e-4 1.039699e-4
2.8461026e0 -1.9230867e0 4.43482e-5 4.43482e-5
2.9999474e0 -1.9230867e0 1.804175e-5 1.804175e-5

-3.0e0 -1.769242e0 2.103548e-5 2.103548e-5
-2.8461552e0 -1.769242e0 5.170876e-5 5.170876e-5
-2.6923105e0 -1.769242e0 1.212302e-4 1.212302e-4
-2.5384657e0 -1.769242e0 2.710794e-4 2.710794e-4
-2.384621e0 -1.769242e0 5.781435e-4 5.781435e-4
-2.2307762e0 -1.769242e0 1.17599e-3 1.17599e-3
-2.0769315e0 -1.769242e0 2.281502e-3 2.281502e-3
-1.9230867e0 -1.769242e0 4.221669e-3 4.221669e-3
-1.769242e0 -1.769242e0 7.450401e-3 7.450401e-3
-1.6153972e0 -1.769242e0 1.254054e-2 1.254054e-2
-1.4615524e0 -1.769242e0 2.013237e-2 2.013237e-2
-1.3077077e0 -1.769242e0 3.082678e-2 3.082678e-2
-1.1538629e0 -1.769242e0 4.501884e-2 4.501884e-2
-1.0000182e0 -1.769242e0 6.270598e-2 6.270598e-2
-8.461734e-1 -1.769242e0 8.33027e-2 8.33027e-2
-6.923285e-1 -1.769242e0 1.0551e-1 1.0551e-1
-5.3848361e-1 -1.769242e0 1.2752e-1 1.2752e-1
-3.8463872e-1 -1.769242e0 1.4703e-1 1.4703e-1
-2.3079382e-1 -1.769242e0 1.6164e-1 1.6164e-1
-7.694893e-2 -1.769242e0 1.6943e-1 1.6943e-1
7.689597e-2 -1.769242e0 1.6943e-1 1.6943e-1
2.3074086e-1 -1.769242e0 1.6164e-1 1.6164e-1
3.8458575e-1 -1.769242e0 1.4703e-1 1.4703e-1
5.3843065e-1 -1.769242e0 1.2752e-1 1.2752e-1
6.9227554e-1 -1.769242e0 1.0551e-1 1.0551e-1
8.4612044e-1 -1.769242e0 8.330931e-2 8.330931e-2
9.9996533e-1 -1.769242e0 6.271153e-2 6.271153e-2
1.15381023e0 -1.769242e0 4.502429e-2 4.502429e-2
1.307655e0 -1.769242e0 3.083083e-2 3.083083e-2
1.4614998e0 -1.769242e0 2.013551e-2 2.013551e-2
1.6153445e0 -1.769242e0 1.254257e-2 1.254257e-2
1.7691893e0 -1.769242e0 7.45172e-3 7.45172e-3
1.923034e0 -1.769242e0 4.222469e-3 4.222469e-3
2.0768788e0 -1.769242e0 2.281984e-3 2.281984e-3
2.2307236e0 -1.769242e0 1.176242e-3 1.176242e-3
2.3845683e0 -1.769242e0 5.782822e-4 5.782822e-4
2.5384131e0 -1.769242e0 2.711542e-4 2.711542e-4
2.6922578e0 -1.769242e0 1.212653e-4 1.212653e-4
2.8461026e0 -1.769242e0 5.172449e-5 5.172449e-5
2.9999474e0 -1.769242e0 2.104207e-5 2.104207e-5

-3.0e0 -1.6153972e0 2.453395e-5 2.453395e-5
-2.8461552e0 -1.6153972e0 6.030891e-5 6.030891e-5
-2.6923105e0 -1.6153972e0 1.413895e-4 1.413895e-4
-2.5384657e0 -1.6153972e0 3.161664e-4 3.161664e-4
-2.384621e0 -1.6153972e0 6.742862e-4 6.742862e-4
-2.2307762e0 -1.6153972e0 1.37157e-3 1.37157e-3
-2.0769315e0 -1.6153972e0 2.660927e-3 2.660927e-3
-1.9230867e0 -1.6153972e0 4.923705e-3 4.923705e-3
-1.769242e0 -1.6153972e0 8.689548e-3 8.689548e-3
-1.6153972e0 -1.6153972e0 1.462617e-2 1.462617e-2
-1.4615524e0 -1.6153972e0 2.348106e-2 2.348106e-2
-1.3077077e0 -1.6153972e0 3.595328e-2 3.595328e-2
-1.1538629e0 -1.6153972e0 5.250613e-2 5.250613e-2
-1.0000182e0 -1.6153972e0 7.313406e-2 7.313406e-2
-8.461734e-1 -1.6153972e0 9.715671e-2 9.715671e-2
-6.923285e-1 -1.6153972e0 1.2312e-1 1.2312e-1
-5.3848361e-1 -1.6153972e0 1.4873e-1 1.4873e-1
-3.8463872e-1 -1.6153972e0 1.7143e-1 1.7143e-1
-2.3079382e-1 -1.6153972e0 1.8854e-1 1.8854e-1
-7.694893e-2 -1.6153972e0 1.9763e-1 1.9763e-1
7.689597e-2 -1.6153972e0 1.9763e-1 1.9763e-1
2.3074086e-1 -1.6153972e0 1.8854e-1 1.8854e-1
3.8458575e-1 -1.6153972e0 1.7143e-1 1.7143e-1
5.3843065e-1 -1.6153972e0 1.4873e-1 1.4873e-1
6.9227554e-1 -1.6153972e0 1.2312e-1 1.2312e-1
8.4612044e-1 -1.6153972e0 9.716547e-2 9.716547e-2
9.9996533e-1 -1.6153972e0 7.314224e-2 7.314224e-2
1.15381023e0 -1.6153972e0 5.251291e-2 5.251291e-2
1.307655e0 -1.6153972e0 3.59583e-2 3.59583e-2
1.4614998e0 -1.6153972e0 2.348474e-2 2.348474e-2
1.6153445e0 -1.6153972e0 1.462865e-2 1.462865e-2
1.7691893e0 -1.6153972e0 8.691139e-3 8.691139e-3
1.923034e0 -1.6153972e0 4.92469e-3 4.92469e-3
2.0768788e0 -1.6153972e0 2.661523e-3 2.661523e-3
2.2307236e0 -1.6153972e0 1.371901e-3 1.371901e-3
2.3845683e0 -1.6153972e0 6.74461e-4 6.74461e-4
2.5384131e0 -1.6153972e0 3.162529e-4 3.162529e-4
2.6922578e0 -1.6153972e0 1.414319e-4 1.414319e-4
2.8461026e0 -1.6153972e0 6.032683e-5 6.032683e-5
2.9999474e0 -1.6153972e0 2.454204e-5 2.454204e-5

-3.0e0 -1.4615524e0 2.861482e-5 2.861482e-5
-2.8461552e0 -1.4615524e0 7.033902e-5 7.033902e-5
-2.6923105e0 -1.4615524e0 1.649039e-4 1.649039e-4
-2.5384657e0 -1.4615524e0 3.687428e-4 3.687428e-4
-2.384621e0 -1.4615524e0 7.864363e-4 7.864363e-4
-2.2307762e0 -1.4615524e0 1.59967e-3 1.59967e-3
-2.0769315e0 -1.4615524e0 3.103476e-3 3.103476e-3
-1.9230867e0 -1.4615524e0 5.742538e-3 5.742538e-3
-1.769242e0 -1.4615524e0 1.01345e-2 1.01345e-2
-1.6153972e0 -1.4615524e0 1.70585e-2 1.70585e-2
-1.4615524e0 -1.4615524e0 2.738622e-2 2.738622e-2
-1.3077077e0 -1.4615524e0 4.193306e-2 4.193306e-2
-1.1538629e0 -1.4615524e0 6.123853e-2 6.123853e-2
-1.0000182e0 -1.4615524e0 8.529648e-2 8.529648e-2
-8.461734e-1 -1.4615524e0 1.1331e-1 1.1331e-1
-6.923285e-1 -1.4615524e0 1.4352e-1 1.4352e-1
-5.3848361e-1 -1.4615524e0 1.7354e-1 1.7354e-1
-3.8463872e-1 -1.4615524e0 1.9994e-1 1.9994e-1
-2.3079382e-1 -1.4615524e0 2.1985e-1 2.1985e-1
-7.694893e-2 -1.4615524e0 2.3055e-1 2.3055e-1
7.689597e-2 -1.4615524e0 2.3055e-1 2.3055e-1
2.3074086e-1 -1.4615524e0 2.1985e-1 2.1985e-1
3.8458575e-1 -1.4615524e0 2.0004e-1 2.0004e-1
5.3843065e-1 -1.4615524e0 1.7354e-1 1.7354e-1
6.9227554e-1 -1.4615524e0 1.4352e-1 1.4352e-1
8.4612044e-1 -1.4615524e0 1.1331e-1 1.1331e-1
9.9996533e-1 -1.4615524e0 8.53059e-2 8.53059e-2
1.15381023e0 -1.4615524e0 6.12456e-2 6.12456e-2
1.307655e0 -1.4615524e0 4.193878e-2 4.193878e-2
1.4614998e0 -1.4615524e0 2.739032e-2 2.739032e-2
1.6153445e0 -1.4615524e0 1.706158e-2 1.706158e-2
1.7691893e0 -1.4615524e0 1.013634e-2 1.013634e-2
1.923034e0 -1.4615524e0 5.743668e-3 5.743668e-3
2.0768788e0 -1.4615524e0 3.104138e-3 3.104138e-3
2.2307236e0 -1.4615524e0 1.60004e-3 1.60004e-3
2.3845683e0 -1.4615524e0 7.86629e-4 7.86629e-4
2.5384131e0 -1.4615524e0 3.688484e-4 3.688484e-4
2.6922578e0 -1.4615524e0 1.649521e-4 1.649521e-4
2.8461026e0 -1.4615524e0 7.035939e-5 7.035939e-5
2.9999474e0 -1.4615524e0 2.862346e-5 2.862346e-5

-3.0e0 -1.3077077e0 3.337349e-5 3.337349e-5
-2.8461552e0 -1.3077077e0 8.203636e-5 8.203636e-5
-2.6923105e0 -1.3077077e0 1.923323e-4 1.923323e-4
-2.5384657e0 -1.3077077e0 4.300743e-4 4.300743e-4
-2.384621e0 -1.3077077e0 9.172235e-4 9.172235e-4
-2.2307762e0 -1.3077077e0 1.865695e-3 1.865695e-3
-2.0769315e0 -1.3077077e0 3.619633e-3 3.619633e-3
-1.9230867e0 -1.3077077e0 6.697656e-3 6.697656e-3
-1.769242e0 -1.3077077e0 1.181996e-2 1.181996e-2
-1.6153972e0 -1.3077077e0 1.989551e-2 1.989551e-2
-1.4615524e0 -1.3077077e0 3.194052e-2 3.194052e-2
-1.3077077e0 -1.3077077e0 4.890681e-2 4.890681e-2
-1.1538629e0 -1.3077077e0 7.14223e-2 7.14223e-2
-1.0000182e0 -1.3077077e0 9.948364e-2 9.948364e-2
-8.461734e-1 -1.3077077e0 1.3213e-1 1.3213e-1
-6.923285e-1 -1.3077077e0 1.6743e-1 1.6743e-1
-5.3848361e-1 -1.3077077e0 2.0235e-1 2.0235e-1
-3.8463872e-1 -1.3077077e0 2.3325e-1 2.3325e-1
-2.3079382e-1 -1.3077077e0 2.5645e-1 2.5645e-1
-7.694893e-2 -1.3077077e0 2.6886e-1 2.6886e-1
7.689597e-2 -1.3077077e0 2.6886e-1 2.6886e-1
2.3074086e-1 -1.3077077e0 2.5645e-1 2.5645e-1
3.8458575e-1 -1.3077077e0 2.3325e-1 2.3325e-1
5.3843065e-1 -1.3077077e0 2.0235e-1 2.0235e-1
6.9227554e-1 -1.3077077e0 1.6743e-1 1.6743e-1
8.4612044e-1 -1.3077077e0 1.3213e-1 1.3213e-1
9.9996533e-1 -1.3077077e0 9.949402e-2 9.949402e-2
1.15381023e0 -1.3077077e0 7.143105e-2 7.143105e-2
1.307655e0 -1.3077077e0 4.891379e-2 4.891379e-2
1.4614998e0 -1.3077077e0 3.194536e-2 3.194536e-2
1.6153445e0 -1.3077077e0 1.989923e-2 1.989923e-2
1.7691893e0 -1.3077077e0 1.182207e-2 1.182207e-2
1.923034e0 -1.3077077e0 6.698997e-3 6.698997e-3
2.0768788e0 -1.3077077e0 3.620445e-3 3.620445e-3
2.2307236e0 -1.3077077e0 1.866154e-3 1.866154e-3
2.3845683e0 -1.3077077e0 9.174472e-4 9.174472e-4
2.5384131e0 -1.3077077e0 4.301875e-4 4.301875e-4
2.6922578e0 -1.3077077e0 1.923863e-4 1.923863e-4
2.8461026e0 -1.3077077e0 8.206157e-5 8.206157e-5
2.9999474e0 -1.3077077e0 3.338373e-5 3.338373e-5

-3.0e0 -1.1538629e0 3.892354e-5 3.892354e-5
-2.8461552e0 -1.1538629e0 9.568123e-5 9.568123e-5
-2.6923105e0 -1.1538629e0 2.243188e-4 2.243188e-4
-2.5384657e0 -1.1538629e0 5.015973e-4 5.015973e-4
-2.384621e0 -1.1538629e0 1.069768e-3 1.069768e-3
-2.2307762e0 -1.1538629e0 2.176036e-3 2.176036e-3
-2.0769315e0 -1.1538629e0 4.221573e-3 4.221573e-3
-1.9230867e0 -1.1538629e0 7.811507e-3 7.811507e-3
-1.769242e0 -1.1538629e0 1.37858e-2 1.37858e-2
-1.6153972e0 -1.1538629e0 2.320465e-2 2.320465e-2
-1.4615524e0 -1.1538629e0 3.725261e-2 3.725261e-2
-1.3077077e0 -1.1538629e0 5.704024e-2 5.704024e-2
-1.1538629e0 -1.1538629e0 8.330171e-2 8.330171e-2
-1.0000182e0 -1.1538629e0 1.1601e-1 1.1601e-1
-8.461734e-1 -1.1538629e0 1.5413e-1 1.5413e-1
-6.923285e-1 -1.1538629e0 1.9534e-1 1.9534e-1
-5.3848361e-1 -1.1538629e0 2.3605e-1 2.3605e-1
-3.8463872e-1 -1.1538629e0 2.7206e-1 2.7206e-1
-2.3079382e-1 -1.1538629e0 2.9906e-1 2.9906e-1
-7.694893e-2 -1.1538629e0 3.1357e-1 3.1357e-1
7.689597e-2 -1.1538629e0 3.1357e-1 3.1357e-1
2.3074086e-1 -1.1538629e0 2.9906e-1 2.9906e-1
3.8458575e-1 -1.1538629e0 2.7206e-1 2.7206e-1
5.3843065e-1 -1.1538629e0 2.3605e-1 2.3605e-1
6.9227554e-1 -1.1538629e0 1.9534e-1 1.9534e-1
8.4612044e-1 -1.1538629e0 1.5413e-1 1.5413e-1
9.9996533e-1 -1.1538629e0 1.1601e-1 1.1601e-1
1.15381023e0 -1.1538629e0 8.331174e-2 8.331174e-2
1.307655e0 -1.1538629e0 5.704832e-2 5.704832e-2
1.4614998e0 -1.1538629e0 3.725836e-2 3.725836e-2
1.6153445e0 -1.1538629e0 2.320831e-2 2.320831e-2
1.7691893e0 -1.1538629e0 1.378828e-2 1.378828e-2
1.923034e0 -1.1538629e0 7.813084e-3 7.813084e-3
2.0768788e0 -1.1538629e0 4.222548e-3 4.222548e-3
2.2307236e0 -1.1538629e0 2.176512e-3 2.176512e-3
2.3845683e0 -1.1538629e0 1.070024e-3 1.070024e-3
2.5384131e0 -1.1538629e0 5.017372e-4 5.017372e-4
2.6922578e0 -1.1538629e0 2.24383e-4 2.24383e-4
2.8461026e0 -1.1538629e0 9.57084e-5 9.57084e-5
2.9999474e0 -1.1538629e0 3.893593e-5 3.893593e-5

-3.0e0 -1.0000182e0 4.539711e-5 4.539711e-5
-2.8461552e0 -1.0000182e0 1.11592e-4 1.11592e-4
-2.6923105e0 -1.0000182e0 2.616258e-4 2.616258e-4
-2.5384657e0 -1.0000182e0 5.850206e-4 5.850206e-4
-2.384621e0 -1.0000182e0 1.247668e-3 1.247668e-3
-2.2307762e0 -1.0000182e0 2.537906e-3 2.537906e-3
-2.0769315e0 -1.0000182e0 4.923705e-3 4.923705e-3
-1.9230867e0 -1.0000182e0 9.110773e-3 9.110773e-3
-1.769242e0 -1.0000182e0 1.607846e-2 1.607846e-2
-1.6153972e0 -1.0000182e0 2.70637e-2 2.70637e-2
-1.4615524e0 -1.0000182e0 4.344812e-2 4.344812e-2
-1.3077077e0 -1.0000182e0 6.652728e-2 6.652728e-2
-1.1538629e0 -1.0000182e0 9.715541e-2 9.715541e-2
-1.0000182e0 -1.0000182e0 1.3533e-1 1.3533e-1
-8.461734e-1 -1.0000182e0 1.7973e-1 1.7973e-1
-6.923285e-1 -1.0000182e0 2.2775e-1 2.2775e-1
-5.3848361e-1 -1.0000182e0 2.7525e-1 2.7525e-1
-3.8463872e-1 -1.0000182e0 3.1728e-1 3.1728e-1
-2.3079382e-1 -1.0000182e0 3.4888e-1 3.4888e-1
-7.694893e-2 -1.0000182e0 3.6578e-1 3.6578e-1
7.689597e-2 -1.0000182e0 3.6578e-1 3.6578e-1
2.3074086e-1 -1.0000182e0 3.4888e-1 3.4888e-1
3.8458575e-1 -1.0000182e0 3.1737e-1 3.1737e-1
5.3843065e-1 -1.0000182e0 2.7536e-1 2.7536e-1
6.9227554e-1 -1.0000182e0 2.2784e-1 2.2784e-1
8.4612044e-1 -1.0000182e0 1.7984e-1 1.7984e-1
9.9996533e-1 -1.0000182e0 1.3533e-1 1.3533e-1
1.15381023e0 -1.0000182e0 9.716698e-2 9.716698e-2
1.307655e0 -1.0000182e0 6.653642e-2 6.653642e-2
1.4614998e0 -1.0000182e0 4.345477e-2 4.345477e-2
1.6153445e0 -1.0000182e0 2.706819e-2 2.706819e-2
1.7691893e0 -1.0000182e0 1.608136e-2 1.608136e-2
1.923034e0 -1.0000182e0 9.11252e-3 9.11252e-3
2.0768788e0 -1.0000182e0 4.92478e-3 4.92478e-3
2.2307236e0 -1.0000182e0 2.538481e-3 2.538481e-3
2.3845683e0 -1.0000182e0 1.247977e-3 1.247977e-3
2.5384131e0 -1.0000182e0 5.851752e-4 5.851752e-4
2.6922578e0 -1.0000182e0 2.616974e-4 2.616974e-4
2.8461026e0 -1.0000182e0 1.116225e-4 1.116225e-4
2.9999474e0 -1.0000182e0 4.541115e-5 4.541115e-5

-3.0e0 -8.461734e-1 5.294675e-5 5.294675e-5
-2.8461552e0 -8.461734e-1 1.301498e-4 1.301498e-4
-2.6923105e0 -8.461734e-1 3.051352e-4 3.051352e-4
-2.5384657e0 -8.461734e-1 6.823183e-4 6.823183e-4
-2.384621e0 -8.461734e-1 1.455168e-3 1.455168e-3
-2.2307762e0 -8.461734e-1 2.959972e-3 2.959972e-3
-2.0769315e0 -8.461734e-1 5.742538e-3 5.742538e-3
-1.9230867e0 -8.461734e-1 1.062573e-2 1.062573e-2
-1.769242e0 -8.461734e-1 1.875227e-2 1.875227e-2
-1.6153972e0 -8.461734e-1 3.156464e-2 3.156464e-2
-1.4615524e0 -8.461734e-1 5.067393e-2 5.067393e-2
-1.3077077e0 -8.461734e-1 7.75913e-2 7.75913e-2
-1.1538629e0 -8.461734e-1 1.1331e-1 1.1331e-1
-1.0000182e0 -8.461734e-1 1.5784e-1 1.5784e-1
-8.461734e-1 -8.461734e-1 2.0964e-1 2.0964e-1
-6.923285e-1 -8.461734e-1 2.6566e-1 2.6566e-1
-5.3848361e-1 -8.461734e-1 3.2108e-1 3.2108e-1
-3.8463872e-1 -8.461734e-1 3.7009e-1 3.7009e-1
-2.3079382e-1 -8.461734e-1 4.0689e-1 4.0689e-1
-7.694893e-2 -8.461734e-1 4.2659e-1 4.2659e-1
7.689597e-2 -8.461734e-1 4.2659e-1 4.2659e-1
2.3074086e-1 -8.461734e-1 4.0689e-1 4.0689e-1
3.8458575e-1 -8.461734e-1 3.7009e-1 3.7009e-1
5.3843065e-1 -8.461734e-1 3.2108e-1 3.2108e-1
6.9227554e-1 -8.461734e-1 2.6566e-1 2.6566e-1
8.4612044e-1 -8.461734e-1 2.0975e-1 2.0975e-1
9.9996533e-1 -8.461734e-1 1.5784e-1 1.5784e-1
1.15381023e0 -8.461734e-1 1.1331e-1 1.1331e-1
1.307655e0 -8.461734e-1 7.760196e-2 7.760196e-2
1.4614998e0 -8.461734e-1 5.068155e-2 5.068155e-2
1.6153445e0 -8.461734e-1 3.157016e-2 3.157016e-2
1.7691893e0 -8.461734e-1 1.87557e-2 1.87557e-2
1.923034e0 -8.461734e-1 1.062773e-2 1.062773e-2
2.0768788e0 -8.461734e-1 5.74386e-3 5.74386e-3
2.2307236e0 -8.461734e-1 2.960707e-3 2.960707e-3
2.3845683e0 -8.461734e-1 1.455515e-3 1.455515e-3
2.5384131e0 -8.461734e-1 6.824939e-4 6.824939e-4
2.6922578e0 -8.461734e-1 3.052254e-4 3.052254e-4
2.8461026e0 -8.461734e-1 1.301904e-4 1.301904e-4
2.9999474e0 -8.461734e-1 5.296426e-5 5.296426e-5

-3.0e0 -6.923285e-1 6.175374e-5 6.175374e-5
-2.8461552e0 -6.923285e-1 1.517957e-4 1.517957e-4
-2.6923105e0 -6.923285e-1 3.558812e-4 3.558812e-4
-2.5384657e0 -6.923285e-1 7.957938e-4 7.957938e-4
-2.384621e0 -6.923285e-1 1.697173e-3 1.697173e-3
-2.2307762e0 -6.923285e-1 3.45226e-3 3.45226e-3
-2.0769315e0 -6.923285e-1 6.697557e-3 6.697557e-3
-1.9230867e0 -6.923285e-1 1.23928e-2 1.23928e-2
-1.769242e0 -6.923285e-1 2.187138e-2 2.187138e-2
-1.6153972e0 -6.923285e-1 3.681433e-2 3.681433e-2
-1.4615524e0 -6.923285e-1 5.910231e-2 5.910231e-2
-1.3077077e0 -6.923285e-1 9.049649e-2 9.049649e-2
-1.1538629e0 -6.923285e-1 1.3213e-1 1.3213e-1
-1.0000182e0 -6.923285e-1 1.8404e-1 1.8404e-1
-8.461734e-1 -6.923285e-1 2.4455e-1 2.4455e-1
-6.923285e-1 -6.923285e-1 3.0986e-1 3.0986e-1
-5.3848361e-1 -6.923285e-1 3.7448e-1 3.7448e-1
-3.8463872e-1 -6.923285e-1 4.317e-1 4.317e-1
-2.3079382e-1 -6.923285e-1 4.745e-1 4.745e-1
-7.694893e-2 -6.923285e-1 4.9751e-1 4.9751e-1
7.689597e-2 -6.923285e-1 4.9751e-1 4.9751e-1
2.3074086e-1 -6.923285e-1 4.745e-1 4.745e-1
3.8458575e-1 -6.923285e-1 4.317e-1 4.317e-1
5.3843065e-1 -6.923285e-1 3.7448e-1 3.7448e-1
6.9227554e-1 -6.923285e-1 3.0986e-1 3.0986e-1
8.4612044e-1 -6.923285e-1 2.4455e-1 2.4455e-1
9.9996533e-1 -6.923285e-1 1.8414e-1 1.8414e-1
1.15381023e0 -6.923285e-1 1.3213e-1 1.3213e-1
1.307655e0 -6.923285e-1 9.050743e-2 9.050743e-2
1.4614998e0 -6.923285e-1 5.911101e-2 5.911101e-2
1.6153445e0 -6.923285e-1 3.68207e-2 3.68207e-2
1.7691893e0 -6.923285e-1 2.187537e-2 2.187537e-2
1.923034e0 -6.923285e-1 1.239526e-2 1.239526e-2
2.0768788e0 -6.923285e-1 6.699084e-3 6.699084e-3
2.2307236e0 -6.923285e-1 3.45307e-3 3.45307e-3
2.3845683e0 -6.923285e-1 1.697595e-3 1.697595e-3
2.5384131e0 -6.923285e-1 7.960144e-4 7.960144e-4
2.6922578e0 -6.923285e-1 3.559846e-4 3.559846e-4
2.8461026e0 -6.923285e-1 1.518413e-4 1.518413e-4
2.9999474e0 -6.923285e-1 6.177242e-5 6.177242e-5

-3.0e0 -5.3848361e-1 7.202362e-5 7.202362e-5
-2.8461552e0 -5.3848361e-1 1.770398e-4 1.770398e-4
-2.6923105e0 -5.3848361e-1 4.150743e-4 4.150743e-4
-2.5384657e0 -5.3848361e-1 9.281393e-4 9.281393e-4
-2.384621e0 -5.3848361e-1 1.979433e-3 1.979433e-3
-2.2307762e0 -5.3848361e-1 4.026402e-3 4.026402e-3
-2.0769315e0 -5.3848361e-1 7.811507e-3 7.811507e-3
-1.9230867e0 -5.3848361e-1 1.4454e-2 1.4454e-2
-1.769242e0 -5.3848361e-1 2.550877e-2 2.550877e-2
-1.6153972e0 -5.3848361e-1 4.293678e-2 4.293678e-2
-1.4615524e0 -5.3848361e-1 6.893114e-2 6.893114e-2
-1.3077077e0 -5.3848361e-1 1.0551e-1 1.0551e-1
-1.1538629e0 -5.3848361e-1 1.5413e-1 1.5413e-1
-1.0000182e0 -5.3848361e-1 2.1474e-1 2.1474e-1
-8.461734e-1 -5.3848361e-1 2.8526e-1 2.8526e-1
-6.923285e-1 -5.3848361e-1 3.6148e-1 3.6148e-1
-5.3848361e-1 -5.3848361e-1 4.368e-1 4.368e-1
-3.8463872e-1 -5.3848361e-1 5.0342e-1 5.0342e-1
-2.3079382e-1 -5.3848361e-1 5.5342e-1 5.5342e-1
-7.694893e-2 -5.3848361e-1 5.8034e-1 5.8034e-1
7.689597e-2 -5.3848361e-1 5.8034e-1 5.8034e-1
2.3074086e-1 -5.3848361e-1 5.5342e-1 5.5342e-1
3.8458575e-1 -5.3848361e-1 5.0351e-1 5.0351e-1
5.3843065e-1 -5.3848361e-1 4.368e-1 4.368e-1
6.9227554e-1 -5.3848361e-1 3.6148e-1 3.6148e-1
8.4612044e-1 -5.3848361e-1 2.8526e-1 2.8526e-1
9.9996533e-1 -5.3848361e-1 2.1474e-1 2.1474e-1
1.15381023e0 -5.3848361e-1 1.5413e-1 1.5413e-1
1.307655e0 -5.3848361e-1 1.0551e-1 1.0551e-1
1.4614998e0 -5.3848361e-1 6.894185e-2 6.894185e-2
1.6153445e0 -5.3848361e-1 4.294418e-2 4.294418e-2
1.7691893e0 -5.3848361e-1 2.551338e-2 2.551338e-2
1.923034e0 -5.3848361e-1 1.445699e-2 1.445699e-2
2.0768788e0 -5.3848361e-1 7.813156e-3 7.813156e-3
2.2307236e0 -5.3848361e-1 4.027335e-3 4.027335e-3
2.3845683e0 -5.3848361e-1 1.97992e-3 1.97992e-3
2.5384131e0 -5.3848361e-1 9.283926e-4 9.283926e-4
2.6922578e0 -5.3848361e-1 4.151929e-4 4.151929e-4
2.8461026e0 -5.3848361e-1 1.770949e-4 1.770949e-4
2.9999474e0 -5.3848361e-1 7.204565e-5 7.204565e-5

-3.0e0 -3.8463872e-1 8.400148e-5 8.400148e-5
-2.8461552e0 -3.8463872e-1 2.064868e-4 2.064868e-4
-2.6923105e0 -3.8463872e-1 4.84102e-4 4.84102e-4
-2.5384657e0 -3.8463872e-1 1.08248e-3 1.08248e-3
-2.384621e0 -3.8463872e-1 2.30864e-3 2.30864e-3
-2.2307762e0 -3.8463872e-1 4.696089e-3 4.696089e-3
-2.0769315e0 -3.8463872e-1 9.110591e-3 9.110591e-3
-1.9230867e0 -3.8463872e-1 1.685759e-2 1.685759e-2
-1.769242e0 -3.8463872e-1 2.975133e-2 2.975133e-2
-1.6153972e0 -3.8463872e-1 5.00782e-2 5.00782e-2
-1.4615524e0 -3.8463872e-1 8.03956e-2 8.03956e-2
-1.3077077e0 -3.8463872e-1 1.2312e-1 1.2312e-1
-1.1538629e0 -3.8463872e-1 1.7973e-1 1.7973e-1
-1.0000182e0 -3.8463872e-1 2.5046e-1 2.5046e-1
-8.461734e-1 -3.8463872e-1 3.3267e-1 3.3267e-1
-6.923285e-1 -3.8463872e-1 4.216e-1 4.216e-1
-5.3848361e-1 -3.8463872e-1 5.0941e-1 5.0941e-1
-3.8463872e-1 -3.8463872e-1 5.8723e-1 5.8723e-1
-2.3079382e-1 -3.8463872e-1 6.4555e-1 6.4555e-1
-7.694893e-2 -3.8463872e-1 6.7676e-1 6.7676e-1
7.689597e-2 -3.8463872e-1 6.7686e-1 6.7686e-1
2.3074086e-1 -3.8463872e-1 6.4555e-1 6.4555e-1
3.8458575e-1 -3.8463872e-1 5.8723e-1 5.8723e-1
5.3843065e-1 -3.8463872e-1 5.0952e-1 5.0952e-1
6.9227554e-1 -3.8463872e-1 4.216e-1 4.216e-1
8.4612044e-1 -3.8463872e-1 3.3278e-1 3.3278e-1
9.9996533e-1 -3.8463872e-1 2.5046e-1 2.5046e-1
1.15381023e0 -3.8463872e-1 1.7984e-1 1.7984e-1
1.307655e0 -3.8463872e-1 1.2312e-1 1.2312e-1
1.4614998e0 -3.8463872e-1 8.040796e-2 8.040796e-2
1.6153445e0 -3.8463872e-1 5.00865e-2 5.00865e-2
1.7691893e0 -3.8463872e-1 2.975668e-2 2.975668e-2
1.923034e0 -3.8463872e-1 1.686118e-2 1.686118e-2
2.0768788e0 -3.8463872e-1 9.112685e-3 9.112685e-3
2.2307236e0 -3.8463872e-1 4.697153e-3 4.697153e-3
2.3845683e0 -3.8463872e-1 2.309232e-3 2.309232e-3
2.5384131e0 -3.8463872e-1 1.082793e-3 1.082793e-3
2.6922578e0 -3.8463872e-1 4.842422e-4 4.842422e-4
2.8461026e0 -3.8463872e-1 2.065463e-4 2.065463e-4
2.9999474e0 -3.8463872e-1 8.402786e-5 8.402786e-5

-3.0e0 -2.3079382e-1 9.797278e-5 9.797278e-5
-2.8461552e0 -2.3079382e-1 2.40827e-4 2.40827e-4
-2.6923105e0 -2.3079382e-1 5.646107e-4 5.646107e-4
-2.5384657e0 -2.3079382e-1 1.26251e-3 1.26251e-3
-2.384621e0 -2.3079382e-1 2.69261e-3 2.69261e-3
-2.2307762e0 -2.3079382e-1 5.477072e-3 5.477072e-3
-2.0769315e0 -2.3079382e-1 1.062573e-2 1.062573e-2
-1.9230867e0 -2.3079382e-1 1.96613e-2 1.96613e-2
-1.769242e0 -2.3079382e-1 3.469923e-2 3.469923e-2
-1.6153972e0 -2.3079382e-1 5.840639e-2 5.840639e-2
-1.4615524e0 -2.3079382e-1 9.37656e-2 9.37656e-2
-1.3077077e0 -2.3079382e-1 1.4352e-1 1.4352e-1
-1.1538629e0 -2.3079382e-1 2.0964e-1 2.0964e-1
-1.0000182e0 -2.3079382e-1 2.9207e-1 2.9207e-1
-8.461734e-1 -2.3079382e-1 3.8799e-1 3.8799e-1
-6.923285e-1 -2.3079382e-1 4.9171e-1 4.9171e-1
-5.3848361e-1 -2.3079382e-1 5.9413e-1 5.9413e-1
-3.8463872e-1 -2.3079382e-1 6.8486e-1 6.8486e-1
-2.3079382e-1 -2.3079382e-1 7.5287e-1 7.5287e-1
-7.694893e-2 -2.3079382e-1 7.8938e-1 7.8938e-1
7.689597e-2 -2.3079382e-1 7.8938e-1 7.8938e-1
2.3074086e-1 -2.3079382e-1 7.5287e-1 7.5287e-1
3.8458575e-1 -2.3079382e-1 6.8486e-1 6.8486e-1
5.3843065e-1 -2.3079382e-1 5.9424e-1 5.9424e-1
6.9227554e-1 -2.3079382e-1 4.9171e-1 4.9171e-1
8.4612044e-1 -2.3079382e-1 3.8809e-1 3.8809e-1
9.9996533e-1 -2.3079382e-1 2.9207e-1 2.9207e-1
1.15381023e0 -2.3079382e-1 2.0975e-1 2.0975e-1
1.307655e0 -2.3079382e-1 1.4363e-1 1.4363e-1
1.4614998e0 -2.3079382e-1 9.378038e-2 9.378038e-2
1.6153445e0 -2.3079382e-1 5.841586e-2 5.841586e-2
1.7691893e0 -2.3079382e-1 3.470558e-2 3.470558e-2
1.923034e0 -2.3079382e-1 1.966531e-2 1.966531e-2
2.0768788e0 -2.3079382e-1 1.062799e-2 1.062799e-2
2.2307236e0 -2.3079382e-1 5.478311e-3 5.478311e-3
2.3845683e0 -2.3079382e-1 2.693286e-3 2.693286e-3
2.5384131e0 -2.3079382e-1 1.262857e-3 1.262857e-3
2.6922578e0 -2.3079382e-1 5.647743e-4 5.647743e-4
2.8461026e0 -2.3079382e-1 2.408974e-4 2.408974e-4
2.9999474e0 -2.3079382e-1 9.80021e-5 9.80021e-5

-3.0e0 -7.694893e-2 1.142635e-4 1.142635e-4
-2.8461552e0 -7.694893e-2 2.808778e-4 2.808778e-4
-2.6923105e0 -7.694893e-2 6.585146e-4 6.585146e-4
-2.5384657e0 -7.694893e-2 1.472496e-3 1.472496e-3
-2.384621e0 -7.694893e-2 3.140407e-3 3.140407e-3
-2.2307762e0 -7.694893e-2 6.38794e-3 6.38794e-3
-2.0769315e0 -7.694893e-2 1.23928e-2 1.23928e-2
-1.9230867e0 -7.694893e-2 2.293163e-2 2.293163e-2
-1.769242e0 -7.694893e-2 4.046979e-2 4.046979e-2
-1.6153972e0 -7.694893e-2 6.812006e-2 6.812006e-2
-1.4615524e0 -7.694893e-2 1.0931e-1 1.0931e-1
-1.3077077e0 -7.694893e-2 1.6743e-1 1.6743e-1
-1.1538629e0 -7.694893e-2 2.4455e-1 2.4455e-1
-1.0000182e0 -7.694893e-2 3.4067e-1 3.4067e-1
-8.461734e-1 -7.694893e-2 4.526e-1 4.526e-1
-6.923285e-1 -7.694893e-2 5.7343e-1 5.7343e-1
-5.3848361e-1 -7.694893e-2 6.9296e-1 6.9296e-1
-3.8463872e-1 -7.694893e-2 7.9878e-1 7.9878e-1
-2.3079382e-1 -7.694893e-2 8.7811e-1 8.7811e-1
-7.694893e-2 -7.694893e-2 9.2061e-1 9.2061e-1
7.689597e-2 -7.694893e-2 9.2072e-1 9.2072e-1
2.3074086e-1 -7.694893e-2 8.7811e-1 8.7811e-1
3.8458575e-1 -7.694893e-2 7.9878e-1 7.9878e-1
5.3843065e-1 -7.694893e-2 6.9305e-1 6.9305e-1
6.9227554e-1 -7.694893e-2 5.7353e-1 5.7353e-1
8.4612044e-1 -7.694893e-2 4.526e-1 4.526e-1
9.9996533e-1 -7.694893e-2 3.4067e-1 3.4067e-1
1.15381023e0 -7.694893e-2 2.4455e-1 2.4455e-1
1.307655e0 -7.694893e-2 1.6743e-1 1.6743e-1
1.4614998e0 -7.694893e-2 1.0931e-1 1.0931e-1
1.6153445e0 -7.694893e-2 6.813232e-2 6.813232e-2
1.7691893e0 -7.694893e-2 4.047728e-2 4.047728e-2
1.923034e0 -7.694893e-2 2.29359e-2 2.29359e-2
2.0768788e0 -7.694893e-2 1.239551e-2 1.239551e-2
2.2307236e0 -7.694893e-2 6.389523e-3 6.389523e-3
2.3845683e0 -7.694893e-2 3.141173e-3 3.141173e-3
2.5384131e0 -7.694893e-2 1.472874e-3 1.472874e-3
2.6922578e0 -7.694893e-2 6.587125e-4 6.587125e-4
2.8461026e0 -7.694893e-2 2.809619e-4 2.809619e-4
2.9999474e0 -7.694893e-2 1.142978e-4 1.142978e-4

-3.0e0 7.689597e-2 1.332655e-4 1.332655e-4
-2.8461552e0 7.689597e-2 3.275937e-4 3.275937e-4
-2.6923105e0 7.689597e-2 7.680331e-4 7.680331e-4
-2.5384657e0 7.689597e-2 1.71738e-3 1.71738e-3
-2.384621e0 7.689597e-2 3.662723e-3 3.662723e-3
-2.2307762e0 7.689597e-2 7.450401e-3 7.450401e-3
-2.0769315e0 7.689597e-2 1.445389e-2 1.445389e-2
-1.9230867e0 7.689597e-2 2.67453e-2 2.67453e-2
-1.769242e0 7.689597e-2 4.720074e-2 4.720074e-2
-1.6153972e0 7.689597e-2 7.944943e-2 7.944943e-2
-1.4615524e0 7.689597e-2 1.2752e-1 1.2752e-1
-1.3077077e0 7.689597e-2 1.9534e-1 1.9534e-1
-1.1538629e0 7.689597e-2 2.8526e-1 2.8526e-1
-1.0000182e0 7.689597e-2 3.973e-1 3.973e-1
-8.461734e-1 7.689597e-2 5.2782e-1 5.2782e-1
-6.923285e-1 7.689597e-2 6.6885e-1 6.6885e-1
-5.3848361e-1 7.689597e-2 8.0829e-1 8.0829e-1
-3.8463872e-1 7.689597e-2 9.3163e-1 9.3163e-1
-2.3079382e-1 7.689597e-2 1.02391e0 1.02391e0
-7.694893e-2 7.689597e-2 1.07353e0 1.07353e0
7.689597e-2 7.689597e-2 1.07355e0 1.07355e0
2.3074086e-1 7.689597e-2 1.02393e0 1.02393e0
3.8458575e-1 7.689597e-2 9.3163e-1 9.3163e-1
5.3843065e-1 7.689597e-2 8.0829e-1 8.0829e-1
6.9227554e-1 7.689597e-2 6.6885e-1 6.6885e-1
8.4612044e-1 7.689597e-2 5.2792e-1 5.2792e-1
9.9996533e-1 7.689597e-2 3.9738e-1 3.9738e-1
1.15381023e0 7.689597e-2 2.8526e-1 2.8526e-1
1.307655e0 7.689597e-2 1.9534e-1 1.9534e-1
1.4614998e0 7.689597e-2 1.2752e-1 1.2752e-1
1.6153445e0 7.689597e-2 7.946272e-2 7.946272e-2
1.7691893e0 7.689597e-2 4.72093e-2 4.72093e-2
1.923034e0 7.689597e-2 2.67503e-2 2.67503e-2
2.0768788e0 7.689597e-2 1.445718e-2 1.445718e-2
2.2307236e0 7.689597e-2 7.452094e-3 7.452094e-3
2.3845683e0 7.689597e-2 3.663608e-3 3.663608e-3
2.5384131e0 7.689597e-2 1.71784e-3 1.71784e-3
2.6922578e0 7.689597e-2 7.682574e-4 7.682574e-4
2.8461026e0 7.689597e-2 3.276886e-4 3.276886e-4
2.9999474e0 7.689597e-2 1.333098e-4 1.333098e-4

-3.0e0 2.3074086e-1 1.554317e-4 1.554317e-4
-2.8461552e0 2.3074086e-1 3.820744e-4 3.820744e-4
-2.6923105e0 2.3074086e-1 8.957759e-4 8.957759e-4
-2.5384657e0 2.3074086e-1 2.002986e-3 2.002986e-3
-2.384621e0 2.3074086e-1 4.271826e-3 4.271826e-3
-2.2307762e0 2.3074086e-1 8.68941e-3 8.68941e-3
-2.0769315e0 2.3074086e-1 1.685759e-2 1.685759e-2
-1.9230867e0 2.3074086e-1 3.119325e-2 3.119325e-2
-1.769242e0 2.3074086e-1 5.505061e-2 5.505061e-2
-1.6153972e0 2.3074086e-1 9.2662e-2 9.2662e-2
-1.4615524e0 2.3074086e-1 1.4873e-1 1.4873e-1
-1.3077077e0 2.3074086e-1 2.2775e-1 2.2775e-1
-1.1538629e0 2.3074086e-1 3.3267e-1 3.3267e-1
-1.0000182e0 2.3074086e-1 4.6341e-1 4.6341e-1
-8.461734e-1 2.3074086e-1 6.1565e-1 6.1565e-1
-6.923285e-1 2.3074086e-1 7.8008e-1 7.8008e-1
-5.3848361e-1 2.3074086e-1 9.4272e-1 9.4272e-1
-3.8463872e-1 2.3074086e-1 1.0863e0 1.0863e0
-2.3079382e-1 2.3074086e-1 1.19418e0 1.19418e0
-7.694893e-2 2.3074086e-1 1.25208e0 1.25208e0
7.689597e-2 2.3074086e-1 1.25208e0 1.25208e0
2.3074086e-1 2.3074086e-1 1.19421e0 1.19421e0
3.8458575e-1 2.3074086e-1 1.08635e0 1.08635e0
5.3843065e-1 2.3074086e-1 9.4272e-1 9.4272e-1
6.9227554e-1 2.3074086e-1 7.8008e-1 7.8008e-1
8.4612044e-1 2.3074086e-1 6.1574e-1 6.1574e-1
9.9996533e-1 2.3074086e-1 4.635e-1 4.635e-1
1.15381023e0 2.3074086e-1 3.3278e-1 3.3278e-1
1.307655e0 2.3074086e-1 2.2784e-1 2.2784e-1
1.4614998e0 2.3074086e-1 1.4873e-1 1.4873e-1
1.6153445e0 2.3074086e-1 9.267793e-2 9.267793e-2
1.7691893e0 2.3074086e-1 5.506041e-2 5.506041e-2
1.923034e0 2.3074086e-1 3.119962e-2 3.119962e-2
2.0768788e0 2.3074086e-1 1.686124e-2 1.686124e-2
2.2307236e0 2.3074086e-1 8.691402e-3 8.691402e-3
2.3845683e0 2.3074086e-1 4.272858e-3 4.272858e-3
2.5384131e0 2.3074086e-1 2.003532e-3 2.003532e-3
2.6922578e0 2.3074086e-1 8.960222e-4 8.960222e-4
2.8461026e0 2.3074086e-1 3.821849e-4 3.821849e-4
2.9999474e0 2.3074086e-1 1.554796e-4 1.554796e-4

-3.0e0 3.8458575e-1 1.812804e-4 1.812804e-4
-2.8461552e0 3.8458575e-1 4.456218e-4 4.456218e-4
-2.6923105e0 3.8458575e-1 1.044734e-3 1.044734e-3
-2.5384657e0 3.8458575e-1 2.336127e-3 2.336127e-3
-2.384621e0 3.8458575e-1 4.98226e-3 4.98226e-3
-2.2307762e0 3.8458575e-1 1.01345e-2 1.01345e-2
-2.0769315e0 3.8458575e-1 1.96613e-2 1.96613e-2
-1.9230867e0 3.8458575e-1 3.638087e-2 3.638087e-2
-1.769242e0 3.8458575e-1 6.420573e-2 6.420573e-2
-1.6153972e0 3.8458575e-1 1.0802e-1 1.0802e-1
-1.4615524e0 3.8458575e-1 1.7354e-1 1.7354e-1
-1.3077077e0 3.8458575e-1 2.6566e-1 2.6566e-1
-1.1538629e0 3.8458575e-1 3.8799e-1 3.8799e-1
-1.0000182e0 3.8458575e-1 5.4053e-1 5.4053e-1
-8.461734e-1 3.8458575e-1 7.1806e-1 7.1806e-1
-6.923285e-1 3.8458575e-1 9.0982e-1 9.0982e-1
-5.3848361e-1 3.8458575e-1 1.09923e0 1.09923e0
-3.8463872e-1 3.8458575e-1 1.26694e0 1.26694e0
-2.3079382e-1 3.8458575e-1 1.39273e0 1.39273e0
-7.694893e-2 3.8458575e-1 1.4603e0 1.4603e0
7.689597e-2 3.8458575e-1 1.46033e0 1.46033e0
2.3074086e-1 3.8458575e-1 1.39279e0 1.39279e0
3.8458575e-1 3.8458575e-1 1.267e0 1.267e0
5.3843065e-1 3.8458575e-1 1.09929e0 1.09929e0
6.9227554e-1 3.8458575e-1 9.0982e-1 9.0982e-1
8.4612044e-1 3.8458575e-1 7.1806e-1 7.1806e-1
9.9996533e-1 3.8458575e-1 5.4053e-1 5.4053e-1
1.15381023e0 3.8458575e-1 3.8809e-1 3.8809e-1
1.307655e0 3.8458575e-1 2.6576e-1 2.6576e-1
1.4614998e0 3.8458575e-1 1.7354e-1 1.7354e-1
1.6153445e0 3.8458575e-1 1.0802e-1 1.0802e-1
1.7691893e0 3.8458575e-1 6.421848e-2 6.421848e-2
1.923034e0 3.8458575e-1 3.638834e-2 3.638834e-2
2.0768788e0 3.8458575e-1 1.966595e-2 1.966595e-2
2.2307236e0 3.8458575e-1 1.013676e-2 1.013676e-2
2.3845683e0 3.8458575e-1 4.983595e-3 4.983595e-3
2.5384131e0 3.8458575e-1 2.336768e-3 2.336768e-3
2.6922578e0 3.8458575e-1 1.045013e-3 1.045013e-3
2.8461026e0 3.8458575e-1 4.45749e-4 4.45749e-4
2.9999474e0 3.8458575e-1 1.813379e-4 1.813379e-4

-3.0e0 5.3843065e-1 2.114308e-4 2.114308e-4
-2.8461552e0 5.3843065e-1 5.19732e-4 5.19732e-4
-2.6923105e0 5.3843065e-1 1.218474e-3 1.218474e-3
-2.5384657e0 5.3843065e-1 2.724637e-3 2.724637e-3
-2.384621e0 5.3843065e-1 5.810982e-3 5.810982e-3
-2.2307762e0 5.3843065e-1 1.181996e-2 1.181996e-2
-2.0769315e0 5.3843065e-1 2.29311e-2 2.29311e-2
-1.9230867e0 5.3843065e-1 4.243135e-2 4.243135e-2
-1.769242e0 5.3843065e-1 7.488438e-2 7.488438e-2
-1.6153972e0 5.3843065e-1 1.2602e-1 1.2602e-1
-1.4615524e0 5.3843065e-1 2.0235e-1 2.0235e-1
-1.3077077e0 5.3843065e-1 3.0986e-1 3.0986e-1
-1.1538629e0 5.3843065e-1 4.526e-1 4.526e-1
-1.0000182e0 5.3843065e-1 6.3034e-1 6.3034e-1
-8.461734e-1 5.3843065e-1 8.375e-1 8.375e-1
-6.923285e-1 5.3843065e-1 1.06088e0 1.06088e0
-5.3848361e-1 5.3843065e-1 1.28201e0 1.28201e0
-3.8463872e-1 5.3843065e-1 1.47766e0 1.47766e0
-2.3079382e-1 5.3843065e-1 1.62439e0 1.62439e0
-7.694893e-2 5.3843065e-1 1.70314e0 1.70314e0
7.689597e-2 5.3843065e-1 1.70314e0 1.70314e0
2.3074086e-1 5.3843065e-1 1.6244e0 1.6244e0
3.8458575e-1 5.3843065e-1 1.4777e0 1.4777e0
5.3843065e-1 5.3843065e-1 1.28209e0 1.28209e0
6.9227554e-1 5.3843065e-1 1.06096e0 1.06096e0
8.4612044e-1 5.3843065e-1 8.375e-1 8.375e-1
9.9996533e-1 5.3843065e-1 6.3045e-1 6.3045e-1
1.15381023e0 5.3843065e-1 4.526e-1 4.526e-1
1.307655e0 5.3843065e-1 3.0997e-1 3.0997e-1
1.4614998e0 5.3843065e-1 2.0235e-1 2.0235e-1
1.6153445e0 5.3843065e-1 1.2602e-1 1.2602e-1
1.7691893e0 5.3843065e-1 7.489789e-2 7.489789e-2
1.923034e0 5.3843065e-1 4.244005e-2 4.244005e-2
2.0768788e0 5.3843065e-1 2.293652e-2 2.293652e-2
2.2307236e0 5.3843065e-1 1.182254e-2 1.182254e-2
2.3845683e0 5.3843065e-1 5.812364e-3 5.812364e-3
2.5384131e0 5.3843065e-1 2.725394e-3 2.725394e-3
2.6922578e0 5.3843065e-1 1.218816e-3 1.218816e-3
2.8461026e0 5.3843065e-1 5.198782e-4 5.198782e-4
2.9999474e0 5.3843065e-1 2.114958e-4 2.114958e-4

-3.0e0 6.9227554e-1 2.465932e-4 2.465932e-4
-2.8461552e0 6.9227554e-1 6.061638e-4 6.061638e-4
-2.6923105e0 6.9227554e-1 1.421127e-3 1.421127e-3
-2.5384657e0 6.9227554e-1 3.177753e-3 3.177753e-3
-2.384621e0 6.9227554e-1 6.77732e-3 6.77732e-3
-2.2307762e0 6.9227554e-1 1.378572e-2 1.378572e-2
-2.0769315e0 6.9227554e-1 2.67453e-2 2.67453e-2
-1.9230867e0 6.9227554e-1 4.948898e-2 4.948898e-2
-1.769242e0 6.9227554e-1 8.73379e-2 8.73379e-2
-1.6153972e0 6.9227554e-1 1.4703e-1 1.4703e-1
-1.4615524e0 6.9227554e-1 2.3605e-1 2.3605e-1
-1.3077077e0 6.9227554e-1 3.6137e-1 3.6137e-1
-1.1538629e0 6.9227554e-1 5.2782e-1 5.2782e-1
-1.0000182e0 6.9227554e-1 7.3528e-1 7.3528e-1
-8.461734e-1 6.9227554e-1 9.7673e-1 9.7673e-1
-6.923285e-1 6.9227554e-1 1.23729e0 1.23729e0
-5.3848361e-1 6.9227554e-1 1.49522e0 1.49522e0
-3.8463872e-1 6.9227554e-1 1.72339e0 1.72339e0
-2.3079382e-1 6.9227554e-1 1.89452e0 1.89452e0
-7.694893e-2 6.9227554e-1 1.98639e0 1.98639e0
7.689597e-2 6.9227554e-1 1.98639e0 1.98639e0
2.3074086e-1 6.9227554e-1 1.89458e0 1.89458e0
3.8458575e-1 6.9227554e-1 1.72346e0 1.72346e0
5.3843065e-1 6.9227554e-1 1.49533e0 1.49533e0
6.9227554e-1 6.9227554e-1 1.23738e0 1.23738e0
8.4612044e-1 6.9227554e-1 9.7684e-1 9.7684e-1
9.9996533e-1 6.9227554e-1 7.3528e-1 7.3528e-1
1.15381023e0 6.9227554e-1 5.2792e-1 5.2792e-1
1.307655e0 6.9227554e-1 3.6148e-1 3.6148e-1
1.4614998e0 6.9227554e-1 2.3605e-1 2.3605e-1
1.6153445e0 6.9227554e-1 1.4703e-1 1.4703e-1
1.7691893e0 6.9227554e-1 8.735397e-2 8.735397e-2
1.923034e0 6.9227554e-1 4.949855e-2 4.949855e-2
2.0768788e0 6.9227554e-1 2.675096e-2 2.675096e-2
2.2307236e0 6.9227554e-1 1.37888e-2 1.37888e-2
2.3845683e0 6.9227554e-1 6.77899e-3 6.77899e-3
2.5384131e0 6.9227554e-1 3.178633e-3 3.178633e-3
2.6922578e0 6.9227554e-1 1.421542e-3 1.421542e-3
2.8461026e0 6.9227554e-1 6.063515e-4 6.063515e-4
2.9999474e0 6.9227554e-1 2.466678e-4 2.466678e-4

-3.0e0 8.4612044e-1 2.876033e-4 2.876033e-4
-2.8461552e0 8.4612044e-1 7.069844e-4 7.069844e-4
-2.6923105e0 8.4612044e-1 1.657462e-3 1.657462e-3
-2.5384657e0 8.4612044e-1 3.70631e-3 3.70631e-3
-2.384621e0 8.4612044e-1 7.904462e-3 7.904462e-3
-2.2307762e0 8.4612044e-1 1.607846e-2 1.607846e-2
-2.0769315e0 8.4612044e-1 3.119276e-2 3.119276e-2
-1.9230867e0 8.4612044e-1 5.771936e-2 5.771936e-2
-1.769242e0 8.4612044e-1 1.0182e-1 1.0182e-1
-1.6153972e0 8.4612044e-1 1.7143e-1 1.7143e-1
-1.4615524e0 8.4612044e-1 2.7525e-1 2.7525e-1
-1.3077077e0 8.4612044e-1 4.215e-1 4.215e-1
-1.1538629e0 8.4612044e-1 6.1565e-1 6.1565e-1
-1.0000182e0 8.4612044e-1 8.575e-1 8.575e-1
-8.461734e-1 8.4612044e-1 1.13892e0 1.13892e0
-6.923285e-1 8.4612044e-1 1.44307e0 1.44307e0
-5.3848361e-1 8.4612044e-1 1.74388e0 1.74388e0
-3.8463872e-1 8.4612044e-1 2.00998e0 2.00998e0
-2.3079382e-1 8.4612044e-1 2.20963e0 2.20963e0
-7.694893e-2 8.4612044e-1 2.31673e0 2.31673e0
7.689597e-2 8.4612044e-1 2.31677e0 2.31677e0
2.3074086e-1 8.4612044e-1 2.20966e0 2.20966e0
3.8458575e-1 8.4612044e-1 2.01009e0 2.01009e0
5.3843065e-1 8.4612044e-1 1.74399e0 1.74399e0
6.9227554e-1 8.4612044e-1 1.44319e0 1.44319e0
8.4612044e-1 8.4612044e-1 1.13904e0 1.13904e0
9.9996533e-1 8.4612044e-1 8.576e-1 8.576e-1
1.15381023e0 8.4612044e-1 6.1574e-1 6.1574e-1
1.307655e0 8.4612044e-1 4.216e-1 4.216e-1
1.4614998e0 8.4612044e-1 2.7536e-1 2.7536e-1
1.6153445e0 8.4612044e-1 1.7154e-1 1.7154e-1
1.7691893e0 8.4612044e-1 1.0182e-1 1.0182e-1
1.923034e0 8.4612044e-1 5.77305e-2 5.77305e-2
2.0768788e0 8.4612044e-1 3.120007e-2 3.120007e-2
2.2307236e0 8.4612044e-1 1.608206e-2 1.608206e-2
2.3845683e0 8.4612044e-1 7.906485e-3 7.906485e-3
2.5384131e0 8.4612044e-1 3.707318e-3 3.707318e-3
2.6922578e0 8.4612044e-1 1.657959e-3 1.657959e-3
2.8461026e0 8.4612044e-1 7.071889e-4 7.071889e-4
2.9999474e0 8.4612044e-1 2.87697e-4 2.87697e-4

-3.0e0 9.9996533e-1 3.35441e-4 3.35441e-4
-2.8461552e0 9.9996533e-1 8.245546e-4 8.245546e-4
-2.6923105e0 9.9996533e-1 1.933113e-3 1.933113e-3
-2.5384657e0 9.9996533e-1 4.322646e-3 4.322646e-3
-2.384621e0 9.9996533e-1 9.21909e-3 9.21909e-3
-2.2307762e0 9.9996533e-1 1.875227e-2 1.875227e-2
-2.0769315e0 9.9996533e-1 3.638087e-2 3.638087e-2
-1.9230867e0 9.9996533e-1 6.731813e-2 6.731813e-2
-1.769242e0 9.9996533e-1 1.1882e-1 1.1882e-1
-1.6153972e0 9.9996533e-1 1.9994e-1 1.9994e-1
-1.4615524e0 9.9996533e-1 3.2108e-1 3.2108e-1
-1.3077077e0 9.9996533e-1 4.9171e-1 4.9171e-1
-1.1538629e0 9.9996533e-1 7.1806e-1 7.1806e-1
-1.0000182e0 9.9996533e-1 1.00014e0 1.00014e0
-8.461734e-1 9.9996533e-1 1.32831e0 1.32831e0
-6.923285e-1 9.9996533e-1 1.68306e0 1.68306e0
-5.3848361e-1 9.9996533e-1 2.03392e0 2.03392e0
-3.8463872e-1 9.9996533e-1 2.34428e0 2.34428e0
-2.3079382e-1 9.9996533e-1 2.57709e0 2.57709e0
-7.694893e-2 9.9996533e-1 2.70206e0 2.70206e0
7.689597e-2 9.9996533e-1 2.70206e0 2.70206e0
2.3074086e-1 9.9996533e-1 2.57715e0 2.57715e0
3.8458575e-1 9.9996533e-1 2.34439e0 2.34439e0
5.3843065e-1 9.9996533e-1 2.034e0 2.034e0
6.9227554e-1 9.9996533e-1 1.68318e0 1.68318e0
8.4612044e-1 9.9996533e-1 1.32845e0 1.32845e0
9.9996533e-1 9.9996533e-1 1.00003e0 1.00003e0
1.15381023e0 9.9996533e-1 7.1817e-1 7.1817e-1
1.307655e0 9.9996533e-1 4.9171e-1 4.9171e-1
1.4614998e0 9.9996533e-1 3.2117e-1 3.2117e-1
1.6153445e0 9.9996533e-1 2.0004e-1 2.0004e-1
1.7691893e0 9.9996533e-1 1.1882e-1 1.1882e-1
1.923034e0 9.9996533e-1 6.733221e-2 6.733221e-2
2.0768788e0 9.9996533e-1 3.638852e-2 3.638852e-2
2.2307236e0 9.9996533e-1 1.875677e-2 1.875677e-2
2.3845683e0 9.9996533e-1 9.221362e-3 9.221362e-3
2.5384131e0 9.9996533e-1 4.323868e-3 4.323868e-3
2.6922578e0 9.9996533e-1 1.933669e-3 1.933669e-3
2.8461026e0 9.9996533e-1 8.247948e-4 8.247948e-4
2.9999474e0 9.9996533e-1 3.355415e-4 3.355415e-4

-3.0e0 1.15381023e0 3.91226e-4 3.91226e-4
-2.8461552e0 1.15381023e0 9.616817e-4 9.616817e-4
-2.6923105e0 1.15381023e0 2.25463e-3 2.25463e-3
-2.5384657e0 1.15381023e0 5.041623e-3 5.041623e-3
-2.384621e0 1.15381023e0 1.07521e-2 1.07521e-2
-2.2307762e0 1.15381023e0 2.187076e-2 2.187076e-2
-2.0769315e0 1.15381023e0 4.243135e-2 4.243135e-2
-1.9230867e0 1.15381023e0 7.85138e-2 7.85138e-2
-1.769242e0 1.15381023e0 1.3852e-1 1.3852e-1
-1.6153972e0 1.15381023e0 2.3325e-1 2.3325e-1
-1.4615524e0 1.15381023e0 3.7448e-1 3.7448e-1
-1.3077077e0 1.15381023e0 5.7343e-1 5.7343e-1
-1.1538629e0 1.15381023e0 8.374e-1 8.374e-1
-1.0000182e0 1.15381023e0 1.1662e0 1.1662e0
-8.461734e-1 1.15381023e0 1.54926e0 1.54926e0
-6.923285e-1 1.15381023e0 1.96292e0 1.96292e0
-5.3848361e-1 1.15381023e0 2.3722e0 2.3722e0
-3.8463872e-1 1.15381023e0 2.73416e0 2.73416e0
-2.3079382e-1 1.15381023e0 3.00565e0 3.00565e0
-7.694893e-2 1.15381023e0 3.15143e0 3.15143e0
7.689597e-2 1.15381023e0 3.15146e0 3.15146e0
2.3074086e-1 1.15381023e0 3.0057e0 3.0057e0
3.8458575e-1 1.15381023e0 2.73428e0 2.73428e0
5.3843065e-1 1.15381023e0 2.37231e0 2.37231e0
6.9227554e-1 1.15381023e0 1.96312e0 1.96312e0
8.4612044e-1 1.15381023e0 1.5494e0 1.5494e0
9.9996533e-1 1.15381023e0 1.16632e0 1.16632e0
1.15381023e0 1.15381023e0 8.376e-1 8.376e-1
1.307655e0 1.15381023e0 5.7353e-1 5.7353e-1
1.4614998e0 1.15381023e0 3.7459e-1 3.7459e-1
1.6153445e0 1.15381023e0 2.3325e-1 2.3325e-1
1.7691893e0 1.15381023e0 1.3852e-1 1.3852e-1
1.923034e0 1.15381023e0 7.853003e-2 7.853003e-2
2.0768788e0 1.15381023e0 4.24413e-2 4.24413e-2
2.2307236e0 1.15381023e0 2.187634e-2 2.187634e-2
2.3845683e0 1.15381023e0 1.075475e-2 1.075475e-2
2.5384131e0 1.15381023e0 5.042941e-3 5.042941e-3
2.6922578e0 1.15381023e0 2.255292e-3 2.255292e-3
2.8461026e0 1.15381023e0 9.61974e-4 9.61974e-4
2.9999474e0 1.15381023e0 3.913489e-4 3.913489e-4

-3.0e0 1.307655e0 4.562856e-4 4.562856e-4
-2.8461552e0 1.307655e0 1.121606e-3 1.121606e-3
-2.6923105e0 1.307655e0 2.6296e-3 2.6296e-3
-2.5384657e0 1.307655e0 5.880074e-3 5.880074e-3
-2.384621e0 1.307655e0 1.254054e-2 1.254054e-2
-2.2307762e0 1.307655e0 2.550877e-2 2.550877e-2
-2.0769315e0 1.307655e0 4.948807e-2 4.948807e-2
-1.9230867e0 1.307655e0 9.157127e-2 9.157127e-2
-1.769242e0 1.307655e0 1.6164e-1 1.6164e-1
-1.6153972e0 1.307655e0 2.7206e-1 2.7206e-1
-1.4615524e0 1.307655e0 4.368e-1 4.368e-1
-1.3077077e0 1.307655e0 6.6875e-1 6.6875e-1
-1.1538629e0 1.307655e0 9.7673e-1 9.7673e-1
-1.0000182e0 1.307655e0 1.36014e0 1.36014e0
-8.461734e-1 1.307655e0 1.8069e0 1.8069e0
-6.923285e-1 1.307655e0 2.28941e0 2.28941e0
-5.3848361e-1 1.307655e0 2.76668e0 2.76668e0
-3.8463872e-1 1.307655e0 3.18889e0 3.18889e0
-2.3079382e-1 1.307655e0 3.50552e0 3.50552e0
-7.694893e-2 1.307655e0 3.67557e0 3.67557e0
7.689597e-2 1.307655e0 3.67558e0 3.67558e0
2.3074086e-1 1.307655e0 3.5056e0 3.5056e0
3.8458575e-1 1.307655e0 3.18895e0 3.18895e0
5.3843065e-1 1.307655e0 2.76683e0 2.76683e0
6.9227554e-1 1.307655e0 2.28958e0 2.28958e0
8.4612044e-1 1.307655e0 1.80705e0 1.80705e0
9.9996533e-1 1.307655e0 1.36029e0 1.36029e0
1.15381023e0 1.307655e0 9.7684e-1 9.7684e-1
1.307655e0 1.307655e0 6.6885e-1 6.6885e-1
1.4614998e0 1.307655e0 4.368e-1 4.368e-1
1.6153445e0 1.307655e0 2.7206e-1 2.7206e-1
1.7691893e0 1.307655e0 1.6164e-1 1.6164e-1
1.923034e0 1.307655e0 9.15898e-2 9.15898e-2
2.0768788e0 1.307655e0 4.949934e-2 4.949934e-2
2.2307236e0 1.307655e0 2.551447e-2 2.551447e-2
2.3845683e0 1.307655e0 1.254347e-2 1.254347e-2
2.5384131e0 1.307655e0 5.881671e-3 5.881671e-3
2.6922578e0 1.307655e0 2.630363e-3 2.630363e-3
2.8461026e0 1.307655e0 1.121936e-3 1.121936e-3
2.9999474e0 1.307655e0 4.56432e-4 4.56432e-4

-3.0e0 1.4614998e0 5.321788e-4 5.321788e-4
-2.8461552e0 1.4614998e0 1.308157e-3 1.308157e-3
-2.6923105e0 1.4614998e0 3.066948e-3 3.066948e-3
-2.5384657e0 1.4614998e0 6.857938e-3 6.857938e-3
-2.384621e0 1.4614998e0 1.4626e-2 1.4626e-2
-2.2307762e0 1.4614998e0 2.97508e-2 2.97508e-2
-2.0769315e0 1.4614998e0 5.771936e-2 5.771936e-2
-1.9230867e0 1.4614998e0 1.0681e-1 1.0681e-1
-1.769242e0 1.4614998e0 1.8843e-1 1.8843e-1
-1.6153972e0 1.4614998e0 3.1728e-1 3.1728e-1
-1.4615524e0 1.4614998e0 5.0941e-1 5.0941e-1
-1.3077077e0 1.4614998e0 7.8008e-1 7.8008e-1
-1.1538629e0 1.4614998e0 1.1389e0 1.1389e0
-1.0000182e0 1.4614998e0 1.58632e0 1.58632e0
-8.461734e-1 1.4614998e0 2.10739e0 2.10739e0
-6.923285e-1 1.4614998e0 2.67015e0 2.67015e0
-5.3848361e-1 1.4614998e0 3.22682e0 3.22682e0
-3.8463872e-1 1.4614998e0 3.71916e0 3.71916e0
-2.3079382e-1 1.4614998e0 4.08852e0 4.08852e0
-7.694893e-2 1.4614998e0 4.28677e0 4.28677e0
7.689597e-2 1.4614998e0 4.28677e0 4.28677e0
2.3074086e-1 1.4614998e0 4.08865e0 4.08865e0
3.8458575e-1 1.4614998e0 3.71936e0 3.71936e0
5.3843065e-1 1.4614998e0 3.22696e0 3.22696e0
6.9227554e-1 1.4614998e0 2.67033e0 2.67033e0
8.4612044e-1 1.4614998e0 2.10757e0 2.10757e0
9.9996533e-1 1.4614998e0 1.58649e0 1.58649e0
1.15381023e0 1.4614998e0 1.13905e0 1.13905e0
1.307655e0 1.4614998e0 7.8018e-1 7.8018e-1
1.4614998e0 1.4614998e0 5.0952e-1 5.0952e-1
1.6153445e0 1.4614998e0 3.1737e-1 3.1737e-1
1.7691893e0 1.4614998e0 1.8854e-1 1.8854e-1
1.923034e0 1.4614998e0 1.0681e-1 1.0681e-1
2.0768788e0 1.4614998e0 5.773157e-2 5.773157e-2
2.2307236e0 1.4614998e0 2.975761e-2 2.975761e-2
2.3845683e0 1.4614998e0 1.462956e-2 1.462956e-2
2.5384131e0 1.4614998e0 6.85984e-3 6.85984e-3
2.6922578e0 1.4614998e0 3.067805e-3 3.067805e-3
2.8461026e0 1.4614998e0 1.308519e-3 1.308519e-3
2.9999474e0 1.4614998e0 5.32338e-4 5.32338e-4

-3.0e0 1.6153445e0 6.2068e-4 6.2068e-4
-2.8461552e0 1.6153445e0 1.52572e-3 1.52572e-3
-2.6923105e0 1.6153445e0 3.576985e-3 3.576985e-3
-2.5384657e0 1.6153445e0 7.998593e-3 7.998593e-3
-2.384621e0 1.6153445e0 1.705836e-2 1.705836e-2
-2.2307762e0 1.6153445e0 3.469923e-2 3.469923e-2
-2.0769315e0 1.6153445e0 6.731813e-2 6.731813e-2
-1.9230867e0 1.6153445e0 1.2453e-1 1.2453e-1
-1.769242e0 1.6153445e0 2.1985e-1 2.1985e-1
-1.6153972e0 1.6153445e0 3.7009e-1 3.7009e-1
-1.4615524e0 1.6153445e0 5.9413e-1 5.9413e-1
-1.3077077e0 1.6153445e0 9.0982e-1 9.0982e-1
-1.1538629e0 1.6153445e0 1.32831e0 1.32831e0
-1.0000182e0 1.6153445e0 1.85016e0 1.85016e0
-8.461734e-1 1.6153445e0 2.45789e0 2.45789e0
-6.923285e-1 1.6153445e0 3.11424e0 3.11424e0
-5.3848361e-1 1.6153445e0 3.7635e0 3.7635e0
-3.8463872e-1 1.6153445e0 4.33766e0 4.33766e0
-2.3079382e-1 1.6153445e0 4.76854e0 4.76854e0
-7.694893e-2 1.6153445e0 4.99974e0 4.99974e0
7.689597e-2 1.6153445e0 4.9998e0 4.9998e0
2.3074086e-1 1.6153445e0 4.76865e0 4.76865e0
3.8458575e-1 1.6153445e0 4.33794e0 4.33794e0
5.3843065e-1 1.6153445e0 3.7637e0 3.7637e0
6.9227554e-1 1.6153445e0 3.11441e0 3.11441e0
8.4612044e-1 1.6153445e0 2.45808e0 2.45808e0
9.9996533e-1 1.6153445e0 1.85037e0 1.85037e0
1.15381023e0 1.6153445e0 1.32849e0 1.32849e0
1.307655e0 1.6153445e0 9.0991e-1 9.0991e-1
1.4614998e0 1.6153445e0 5.9424e-1 5.9424e-1
1.6153445e0 1.6153445e0 3.7018e-1 3.7018e-1
1.7691893e0 1.6153445e0 2.1985e-1 2.1985e-1
1.923034e0 1.6153445e0 1.2453e-1 1.2453e-1
2.0768788e0 1.6153445e0 6.733322e-2 6.733322e-2
2.2307236e0 1.6153445e0 3.470702e-2 3.470702e-2
2.3845683e0 1.6153445e0 1.70627e-2 1.70627e-2
2.5384131e0 1.6153445e0 8.000781e-3 8.000781e-3
2.6922578e0 1.6153445e0 3.578033e-3 3.578033e-3
2.8461026e0 1.6153445e0 1.526161e-3 1.526161e-3
2.9999474e0 1.6153445e0 6.208813e-4 6.208813e-4

-3.0e0 1.7691893e0 7.23915e-4 7.23915e-4
-2.8461552e0 1.7691893e0 1.779439e-3 1.779439e-3
-2.6923105e0 1.7691893e0 4.17185e-3 4.17185e-3
-2.5384657e0 1.7691893e0 9.328796e-3 9.328796e-3
-2.384621e0 1.7691893e0 1.989551e-2 1.989551e-2
-2.2307762e0 1.7691893e0 4.046979e-2 4.046979e-2
-2.0769315e0 1.7691893e0 7.851326e-2 7.851326e-2
-1.9230867e0 1.7691893e0 1.4523e-1 1.4523e-1
-1.769242e0 1.7691893e0 2.5645e-1 2.5645e-1
-1.6153972e0 1.7691893e0 4.316e-1 4.316e-1
-1.4615524e0 1.7691893e0 6.9296e-1 6.9296e-1
-1.3077077e0 1.7691893e0 1.06087e0 1.06087e0
-1.1538629e0 1.7691893e0 1.54924e0 1.54924e0
-1.0000182e0 1.7691893e0 2.15784e0 2.15784e0
-8.461734e-1 1.7691893e0 2.86662e0 2.86662e0
-6.923285e-1 1.7691893e0 3.63213e0 3.63213e0
-5.3848361e-1 1.7691893e0 4.38933e0 4.38933e0
-3.8463872e-1 1.7691893e0 5.0592e0 5.0592e0
-2.3079382e-1 1.7691893e0 5.56158e0 5.56158e0
-7.694893e-2 1.7691893e0 5.83128e0 5.83128e0
7.689597e-2 1.7691893e0 5.83128e0 5.83128e0
2.3074086e-1 1.7691893e0 5.56169e0 5.56169e0
3.8458575e-1 1.7691893e0 5.05936e0 5.05936e0
5.3843065e-1 1.7691893e0 4.38965e0 4.38965e0
6.9227554e-1 1.7691893e0 3.63242e0 3.63242e0
8.4612044e-1 1.7691893e0 2.86687e0 2.86687e0
9.9996533e-1 1.7691893e0 2.15807e0 2.15807e0
1.15381023e0 1.7691893e0 1.54941e0 1.54941e0
1.307655e0 1.7691893e0 1.06099e0 1.06099e0
1.4614998e0 1.7691893e0 6.9305e-1 6.9305e-1
1.6153445e0 1.7691893e0 4.317e-1 4.317e-1
1.7691893e0 1.7691893e0 2.5645e-1 2.5645e-1
1.923034e0 1.7691893e0 1.4532e-1 1.4532e-1
2.0768788e0 1.7691893e0 7.853113e-2 7.853113e-2
2.2307236e0 1.7691893e0 4.047911e-2 4.047911e-2
2.3845683e0 1.7691893e0 1.990033e-2 1.990033e-2
2.5384131e0 1.7691893e0 9.331409e-3 9.331409e-3
2.6922578e0 1.7691893e0 4.17308e-3 4.17308e-3
2.8461026e0 1.7691893e0 1.779974e-3 1.779974e-3
2.9999474e0 1.7691893e0 7.241397e-4 7.241397e-4

-3.0e0 1.923034e0 8.44304e-4 8.44304e-4
-2.8461552e0 1.923034e0 2.075395e-3 2.075395e-3
-2.6923105e0 1.923034e0 4.865775e-3 4.865775e-3
-2.5384657e0 1.923034e0 1.088002e-2 1.088002e-2
-2.384621e0 1.923034e0 2.320427e-2 2.320427e-2
-2.2307762e0 1.923034e0 4.719986e-2 4.719986e-2
-2.0769315e0 1.923034e0 9.157127e-2 9.157127e-2
-1.9230867e0 1.923034e0 1.6943e-1 1.6943e-1
-1.769242e0 1.923034e0 2.9906e-1 2.9906e-1
-1.6153972e0 1.923034e0 5.0342e-1 5.0342e-1
-1.4615524e0 1.923034e0 8.0818e-1 8.0818e-1
-1.3077077e0 1.923034e0 1.23727e0 1.23727e0
-1.1538629e0 1.923034e0 1.80687e0 1.80687e0
-1.0000182e0 1.923034e0 2.51674e0 2.51674e0
-8.461734e-1 1.923034e0 3.3434e0 3.3434e0
-6.923285e-1 1.923034e0 4.23619e0 4.23619e0
-5.3848361e-1 1.923034e0 5.11937e0 5.11937e0
-3.8463872e-1 1.923034e0 5.90054e0 5.90054e0
-2.3079382e-1 1.923034e0 6.48647e0 6.48647e0
-7.694893e-2 1.923034e0 6.80112e0 6.80112e0
7.689597e-2 1.923034e0 6.80112e0 6.80112e0
2.3074086e-1 1.923034e0 6.4867e0 6.4867e0
3.8458575e-1 1.923034e0 5.90086e0 5.90086e0
5.3843065e-1 1.923034e0 5.11966e0 5.11966e0
6.9227554e-1 1.923034e0 4.2366e0 4.2366e0
8.4612044e-1 1.923034e0 3.34369e0 3.34369e0
9.9996533e-1 1.923034e0 2.51695e0 2.51695e0
1.15381023e0 1.923034e0 1.80708e0 1.80708e0
1.307655e0 1.923034e0 1.23744e0 1.23744e0
1.4614998e0 1.923034e0 8.084e-1 8.084e-1
1.6153445e0 1.923034e0 5.0351e-1 5.0351e-1
1.7691893e0 1.923034e0 2.9916e-1 2.9916e-1
1.923034e0 1.923034e0 1.6943e-1 1.6943e-1
2.0768788e0 1.923034e0 9.159117e-2 9.159117e-2
2.2307236e0 1.923034e0 4.721085e-2 4.721085e-2
2.3845683e0 1.923034e0 2.320976e-2 2.320976e-2
2.5384131e0 1.923034e0 1.088301e-2 1.088301e-2
2.6922578e0 1.923034e0 4.867142e-3 4.867142e-3
2.8461026e0 1.923034e0 2.076031e-3 2.076031e-3
2.9999474e0 1.923034e0 8.445642e-4 8.445642e-4

-3.0e0 2.0768788e0 9.847198e-4 9.847198e-4
-2.8461552e0 2.0768788e0 2.420578e-3 2.420578e-3
-2.6923105e0 2.0768788e0 5.674939e-3 5.674939e-3
-2.5384657e0 2.0768788e0 1.268959e-2 1.268959e-2
-2.384621e0 2.0768788e0 2.706311e-2 2.706311e-2
-2.2307762e0 2.0768788e0 5.505061e-2 5.505061e-2
-2.0769315e0 2.0768788e0 1.0681e-1 1.0681e-1
-1.9230867e0 2.0768788e0 1.9763e-1 1.9763e-1
-1.769242e0 2.0768788e0 3.4877e-1 3.4877e-1
-1.6153972e0 2.0768788e0 5.8713e-1 5.8713e-1
-1.4615524e0 2.0768788e0 9.4263e-1 9.4263e-1
-1.3077077e0 2.0768788e0 1.44302e0 1.44302e0
-1.1538629e0 2.0768788e0 2.10739e0 2.10739e0
-1.0000182e0 2.0768788e0 2.93529e0 2.93529e0
-8.461734e-1 2.0768788e0 3.8994e0 3.8994e0
-6.923285e-1 2.0768788e0 4.94081e0 4.94081e0
-5.3848361e-1 2.0768788e0 5.9708e0 5.9708e0
-3.8463872e-1 2.0768788e0 6.88185e0 6.88185e0
-2.3079382e-1 2.0768788e0 7.56541e0 7.56541e0
-7.694893e-2 2.0768788e0 7.93207e0 7.93207e0
7.689597e-2 2.0768788e0 7.93222e0 7.93222e0
2.3074086e-1 2.0768788e0 7.56549e0 7.56549e0
3.8458575e-1 2.0768788e0 6.88216e0 6.88216e0
5.3843065e-1 2.0768788e0 5.97108e0 5.97108e0
6.9227554e-1 2.0768788e0 4.94118e0 4.94118e0
8.4612044e-1 2.0768788e0 3.89978e0 3.89978e0
9.9996533e-1 2.0768788e0 2.9356e0 2.9356e0
1.15381023e0 2.0768788e0 2.10764e0 2.10764e0
1.307655e0 2.0768788e0 1.44324e0 1.44324e0
1.4614998e0 2.0768788e0 9.4283e-1 9.4283e-1
1.6153445e0 2.0768788e0 5.8723e-1 5.8723e-1
1.7691893e0 2.0768788e0 3.4888e-1 3.4888e-1
1.923034e0 2.0768788e0 1.9763e-1 1.9763e-1
2.0768788e0 2.0768788e0 1.0681e-1 1.0681e-1
2.2307236e0 2.0768788e0 5.506294e-2 5.506294e-2
2.3845683e0 2.0768788e0 2.707037e-2 2.707037e-2
2.5384131e0 2.0768788e0 1.269302e-2 1.269302e-2
2.6922578e0 2.0768788e0 5.676604e-3 5.676604e-3
2.8461026e0 2.0768788e0 2.421292e-3 2.421292e-3
2.9999474e0 2.0768788e0 9.8503e-4 9.8503e-4

-3.0e0 2.2307236e0 1.148491e-3 1.148491e-3
-2.8461552e0 2.2307236e0 2.823132e-3 2.823132e-3
-2.6923105e0 2.2307236e0 6.618742e-3 6.618742e-3
-2.5384657e0 2.2307236e0 1.479994e-2 1.479994e-2
-2.384621e0 2.2307236e0 3.156464e-2 3.156464e-2
-2.2307762e0 2.2307236e0 6.420573e-2 6.420573e-2
-2.0769315e0 2.2307236e0 1.2453e-1 1.2453e-1
-1.9230867e0 2.2307236e0 2.3055e-1 2.3055e-1
-1.769242e0 2.2307236e0 4.0678e-1 4.0678e-1
-1.6153972e0 2.2307236e0 6.8486e-1 6.8486e-1
-1.4615524e0 2.2307236e0 1.0992e0 1.0992e0
-1.3077077e0 2.2307236e0 1.68303e0 1.68303e0
-1.1538629e0 2.2307236e0 2.45787e0 2.45787e0
-1.0000182e0 2.2307236e0 3.42342e0 3.42342e0
-8.461734e-1 2.2307236e0 4.54791e0 4.54791e0
-6.923285e-1 2.2307236e0 5.76248e0 5.76248e0
-5.3848361e-1 2.2307236e0 6.96376e0 6.96376e0
-3.8463872e-1 2.2307236e0 8.02646e0 8.02646e0
-2.3079382e-1 2.2307236e0 8.82346e0 8.82346e0
-7.694893e-2 2.2307236e0 9.25133e0 9.25133e0
7.689597e-2 2.2307236e0 9.25133e0 9.25133e0
2.3074086e-1 2.2307236e0 8.8236e0 8.8236e0
3.8458575e-1 2.2307236e0 8.02686e0 8.02686e0
5.3843065e-1 2.2307236e0 6.9641e0 6.9641e0
6.9227554e-1 2.2307236e0 5.76288e0 5.76288e0
8.4612044e-1 2.2307236e0 4.54832e0 4.54832e0
9.9996533e-1 2.2307236e0 3.42374e0 3.42374e0
1.15381023e0 2.2307236e0 2.45815e0 2.45815e0
1.307655e0 2.2307236e0 1.68326e0 1.68326e0
1.4614998e0 2.2307236e0 1.09937e0 1.09937e0
1.6153445e0 2.2307236e0 6.8495e-1 6.8495e-1
1.7691893e0 2.2307236e0 4.0689e-1 4.0689e-1
1.923034e0 2.2307236e0 2.3055e-1 2.3055e-1
2.0768788e0 2.2307236e0 1.2453e-1 1.2453e-1
2.2307236e0 2.2307236e0 6.422047e-2 6.422047e-2
2.3845683e0 2.2307236e0 3.157228e-2 3.157228e-2
2.5384131e0 2.2307236e0 1.480414e-2 1.480414e-2
2.6922578e0 2.2307236e0 6.620624e-3 6.620624e-3
2.8461026e0 2.2307236e0 2.823921e-3 2.823921e-3
2.9999474e0 2.2307236e0 1.14882e-3 1.14882e-3

-3.0e0 2.3845683e0 1.339479e-3 1.339479e-3
-2.8461552e0 2.3845683e0 3.292609e-3 3.292609e-3
-2.6923105e0 2.3845683e0 7.719557e-3 7.719557e-3
-2.5384657e0 2.3845683e0 1.72615e-2 1.72615e-2
-2.384621e0 2.3845683e0 3.681389e-2 3.681389e-2
-2.2307762e0 2.3845683e0 7.488351e-2 7.488351e-2
-2.0769315e0 2.3845683e0 1.4523e-1 1.4523e-1
-1.9230867e0 2.3845683e0 2.6886e-1 2.6886e-1
-1.769242e0 2.3845683e0 4.745e-1 4.745e-1
-1.6153972e0 2.3845683e0 7.9869e-1 7.9869e-1
-1.4615524e0 2.3845683e0 1.28198e0 1.28198e0
-1.3077077e0 2.3845683e0 1.9629e0 1.9629e0
-1.1538629e0 2.3845683e0 2.86656e0 2.86656e0
-1.0000182e0 2.3845683e0 3.99277e0 3.99277e0
-8.461734e-1 2.3845683e0 5.30428e0 5.30428e0
-6.923285e-1 2.3845683e0 6.72075e0 6.72075e0
-5.3848361e-1 2.3845683e0 8.12187e0 8.12187e0
-3.8463872e-1 2.3845683e0 9.36122e0 9.36122e0
-2.3079382e-1 2.3845683e0 1.02913e1 1.02913e1
-7.694893e-2 2.3845683e0 1.07901e1 1.07901e1
7.689597e-2 2.3845683e0 1.07903e1 1.07903e1
2.3074086e-1 2.3845683e0 1.02916e1 1.02916e1
3.8458575e-1 2.3845683e0 9.36168e0 9.36168e0
5.3843065e-1 2.3845683e0 8.12245e0 8.12245e0
6.9227554e-1 2.3845683e0 6.7212e0 6.7212e0
8.4612044e-1 2.3845683e0 5.30476e0 5.30476e0
9.9996533e-1 2.3845683e0 3.99324e0 3.99324e0
1.15381023e0 2.3845683e0 2.86691e0 2.86691e0
1.307655e0 2.3845683e0 1.9632e0 1.9632e0
1.4614998e0 2.3845683e0 1.28217e0 1.28217e0
1.6153445e0 2.3845683e0 7.9889e-1 7.9889e-1
1.7691893e0 2.3845683e0 4.7461e-1 4.7461e-1
1.923034e0 2.3845683e0 2.6886e-1 2.6886e-1
2.0768788e0 2.3845683e0 1.4532e-1 1.4532e-1
2.2307236e0 2.3845683e0 7.490198e-2 7.490198e-2
2.3845683e0 2.3845683e0 3.682292e-2 3.682292e-2
2.5384131e0 2.3845683e0 1.7266e-2 1.7266e-2
2.6922578e0 2.3845683e0 7.721811e-3 7.721811e-3
2.8461026e0 2.3845683e0 3.293625e-3 3.293625e-3
2.9999474e0 2.3845683e0 1.33988e-3 1.33988e-3

-3.0e0 2.5384131e0 1.562238e-3 1.562238e-3
-2.8461552e0 2.5384131e0 3.840234e-3 3.840234e-3
-2.6923105e0 2.5384131e0 9.003342e-3 9.003342e-3
-2.5384657e0 2.5384131e0 2.013231e-2 2.013231e-2
-2.384621e0 2.5384131e0 4.293678e-2 4.293678e-2
-2.2307762e0 2.5384131e0 8.73379e-2 8.73379e-2
-2.0769315e0 2.5384131e0 1.6943e-1 1.6943e-1
-1.9230867e0 2.5384131e0 3.1357e-1 3.1357e-1
-1.769242e0 2.5384131e0 5.5342e-1 5.5342e-1
-1.6153972e0 2.5384131e0 9.3163e-1 9.3163e-1
-1.4615524e0 2.5384131e0 1.49518e0 1.49518e0
-1.3077077e0 2.5384131e0 2.28934e0 2.28934e0
-1.1538629e0 2.5384131e0 3.34334e0 3.34334e0
-1.0000182e0 2.5384131e0 4.65683e0 4.65683e0
-8.461734e-1 2.5384131e0 6.18643e0 6.18643e0
-6.923285e-1 2.5384131e0 7.83867e0 7.83867e0
-5.3848361e-1 2.5384131e0 9.47264e0 9.47264e0
-3.8463872e-1 2.5384131e0 1.09186e1 1.09186e1
-2.3079382e-1 2.5384131e0 1.20027e1 1.20027e1
-7.694893e-2 2.5384131e0 1.25844e1 1.25844e1
7.689597e-2 2.5384131e0 1.25847e1 1.25847e1
2.3074086e-1 2.5384131e0 1.20029e1 1.20029e1
3.8458575e-1 2.5384131e0 1.09189e1 1.09189e1
5.3843065e-1 2.5384131e0 9.47325e0 9.47325e0
6.9227554e-1 2.5384131e0 7.83925e0 7.83925e0
8.4612044e-1 2.5384131e0 6.187e0 6.187e0
9.9996533e-1 2.5384131e0 4.65736e0 4.65736e0
1.15381023e0 2.5384131e0 3.3438e0 3.3438e0
1.307655e0 2.5384131e0 2.28966e0 2.28966e0
1.4614998e0 2.5384131e0 1.4954e0 1.4954e0
1.6153445e0 2.5384131e0 9.3172e-1 9.3172e-1
1.7691893e0 2.5384131e0 5.5353e-1 5.5353e-1
1.923034e0 2.5384131e0 3.1367e-1 3.1367e-1
2.0768788e0 2.5384131e0 1.6943e-1 1.6943e-1
2.2307236e0 2.5384131e0 8.735791e-2 8.735791e-2
2.3845683e0 2.5384131e0 4.294731e-2 4.294731e-2
2.5384131e0 2.5384131e0 2.013792e-2 2.013792e-2
2.6922578e0 2.5384131e0 9.006029e-3 9.006029e-3
2.8461026e0 2.5384131e0 3.841379e-3 3.841379e-3
2.9999474e0 2.5384131e0 1.562729e-3 1.562729e-3

-3.0e0 2.6922578e0 1.822064e-3 1.822064e-3
-2.8461552e0 2.6922578e0 4.478899e-3 4.478899e-3
-2.6923105e0 2.6922578e0 1.05006e-2 1.05006e-2
-2.5384657e0 2.6922578e0 2.348038e-2 2.348038e-2
-2.384621e0 2.6922578e0 5.00772e-2 5.00772e-2
-2.2307762e0 2.6922578e0 1.0182e-1 1.0182e-1
-2.0769315e0 2.6922578e0 1.9763e-1 1.9763e-1
-1.9230867e0 2.6922578e0 3.6568e-1 3.6568e-1
-1.769242e0 2.6922578e0 6.4545e-1 6.4545e-1
-1.6153972e0 2.6922578e0 1.08626e0 1.08626e0
-1.4615524e0 2.6922578e0 1.74384e0 1.74384e0
-1.3077077e0 2.6922578e0 2.6701e0 2.6701e0
-1.1538629e0 2.6922578e0 3.89934e0 3.89934e0
-1.0000182e0 2.6922578e0 5.43127e0 5.43127e0
-8.461734e-1 2.6922578e0 7.21527e0 7.21527e0
-6.923285e-1 2.6922578e0 9.1421e0 9.1421e0
-5.3848361e-1 2.6922578e0 1.10483e1 1.10483e1
-3.8463872e-1 2.6922578e0 1.27342e1 1.27342e1
-2.3079382e-1 2.6922578e0 1.39987e1 1.39987e1
-7.694893e-2 2.6922578e0 1.46776e1 1.46776e1
7.689597e-2 2.6922578e0 1.46776e1 1.46776e1
2.3074086e-1 2.6922578e0 1.3999e1 1.3999e1
3.8458575e-1 2.6922578e0 1.27348e1 1.27348e1
5.3843065e-1 2.6922578e0 1.10489e1 1.10489e1
6.9227554e-1 2.6922578e0 9.14287e0 9.14287e0
8.4612044e-1 2.6922578e0 7.21596e0 7.21596e0
9.9996533e-1 2.6922578e0 5.43195e0 5.43195e0
1.15381023e0 2.6922578e0 3.89981e0 3.89981e0
1.307655e0 2.6922578e0 2.6705e0 2.6705e0
1.4614998e0 2.6922578e0 1.74408e0 1.74408e0
1.6153445e0 2.6922578e0 1.08644e0 1.08644e0
1.7691893e0 2.6922578e0 6.4555e-1 6.4555e-1
1.923034e0 2.6922578e0 3.6578e-1 3.6578e-1
2.0768788e0 2.6922578e0 1.9763e-1 1.9763e-1
2.2307236e0 2.6922578e0 1.0182e-1 1.0182e-1
2.3845683e0 2.6922578e0 5.008942e-2 5.008942e-2
2.5384131e0 2.6922578e0 2.348683e-2 2.348683e-2
2.6922578e0 2.6922578e0 1.050356e-2 1.050356e-2
2.8461026e0 2.6922578e0 4.480229e-3 4.480229e-3
2.9999474e0 2.6922578e0 1.822627e-3 1.822627e-3

-3.0e0 2.8461026e0 2.125093e-3 2.125093e-3
-2.8461552e0 2.8461026e0 5.223782e-3 5.223782e-3
-2.6923105e0 2.8461026e0 1.2247e-2 1.2247e-2
-2.5384657e0 2.8461026e0 2.738567e-2 2.738567e-2
-2.384621e0 2.8461026e0 5.840547e-2 5.840547e-2
-2.2307762e0 2.8461026e0 1.1882e-1 1.1882e-1
-2.0769315e0 2.8461026e0 2.3055e-1 2.3055e-1
-1.9230867e0 2.8461026e0 4.2659e-1 4.2659e-1
-1.769242e0 2.8461026e0 7.5287e-1 7.5287e-1
-1.6153972e0 2.8461026e0 1.26689e0 1.26689e0
-1.4615524e0 2.8461026e0 2.03383e0 2.03383e0
-1.3077077e0 2.8461026e0 3.11414e0 3.11414e0
-1.1538629e0 2.8461026e0 4.5478e0 4.5478e0
-1.0000182e0 2.8461026e0 6.33464e0 6.33464e0
-8.461734e-1 2.8461026e0 8.41545e0 8.41545e0
-6.923285e-1 2.8461026e0 1.0663e1 1.0663e1
-5.3848361e-1 2.8461026e0 1.28856e1 1.28856e1
-3.8463872e-1 2.8461026e0 1.4852e1 1.4852e1
-2.3079382e-1 2.8461026e0 1.63266e1 1.63266e1
-7.694893e-2 2.8461026e0 1.71184e1 1.71184e1
7.689597e-2 2.8461026e0 1.71185e1 1.71185e1
2.3074086e-1 2.8461026e0 1.6327e1 1.6327e1
3.8458575e-1 2.8461026e0 1.48526e1 1.48526e1
5.3843065e-1 2.8461026e0 1.28865e1 1.28865e1
6.9227554e-1 2.8461026e0 1.06636e1 1.06636e1
8.4612044e-1 2.8461026e0 8.41614e0 8.41614e0
9.9996533e-1 2.8461026e0 6.33531e0 6.33531e0
1.15381023e0 2.8461026e0 4.54845e0 4.54845e0
1.307655e0 2.8461026e0 3.1146e0 3.1146e0
1.4614998e0 2.8461026e0 2.03412e0 2.03412e0
1.6153445e0 2.8461026e0 1.2671e0 1.2671e0
1.7691893e0 2.8461026e0 7.5298e-1 7.5298e-1
1.923034e0 2.8461026e0 4.2659e-1 4.2659e-1
2.0768788e0 2.8461026e0 2.3055e-1 2.3055e-1
2.2307236e0 2.8461026e0 1.1882e-1 1.1882e-1
2.3845683e0 2.8461026e0 5.841971e-2 5.841971e-2
2.5384131e0 2.8461026e0 2.73929e-2 2.73929e-2
2.6922578e0 2.8461026e0 1.225052e-2 1.225052e-2
2.8461026e0 2.8461026e0 5.225368e-3 5.225368e-3
2.9999474e0 2.8461026e0 2.12576e-3 2.12576e-3

-3.0e0 2.9999474e0 2.478525e-3 2.478525e-3
-2.8461552e0 2.9999474e0 6.092632e-3 6.092632e-3
-2.6923105e0 2.9999474e0 1.428363e-2 1.428363e-2
-2.5384657e0 2.9999474e0 3.193974e-2 3.193974e-2
-2.384621e0 2.9999474e0 6.812006e-2 6.812006e-2
-2.2307762e0 2.9999474e0 1.3852e-1 1.3852e-1
-2.0769315e0 2.9999474e0 2.6886e-1 2.6886e-1
-1.9230867e0 2.9999474e0 4.9751e-1 4.9751e-1
-1.769242e0 2.9999474e0 8.78e-1 8.78e-1
-1.6153972e0 2.9999474e0 1.4776e0 1.4776e0
-1.4615524e0 2.9999474e0 2.37213e0 2.37213e0
-1.3077077e0 2.9999474e0 3.63211e0 3.63211e0
-1.1538629e0 2.9999474e0 5.30421e0 5.30421e0
-1.0000182e0 2.9999474e0 7.38805e0 7.38805e0
-8.461734e-1 2.9999474e0 9.81491e0 9.81491e0
-6.923285e-1 2.9999474e0 1.24362e1 1.24362e1
-5.3848361e-1 2.9999474e0 1.50284e1 1.50284e1
-3.8463872e-1 2.9999474e0 1.7322e1 1.7322e1
-2.3079382e-1 2.9999474e0 1.90419e1 1.90419e1
-7.694893e-2 2.9999474e0 1.99652e1 1.99652e1
7.689597e-2 2.9999474e0 1.99652e1 1.99652e1
2.3074086e-1 2.9999474e0 1.9042e1 1.9042e1
3.8458575e-1 2.9999474e0 1.73224e1 1.73224e1
5.3843065e-1 2.9999474e0 1.50291e1 1.50291e1
6.9227554e-1 2.9999474e0 1.24371e1 1.24371e1
8.4612044e-1 2.9999474e0 9.81583e0 9.81583e0
9.9996533e-1 2.9999474e0 7.389e0 7.389e0
1.15381023e0 2.9999474e0 5.30492e0 5.30492e0
1.307655e0 2.9999474e0 3.63258e0 3.63258e0
1.4614998e0 2.9999474e0 2.37245e0 2.37245e0
1.6153445e0 2.9999474e0 1.47783e0 1.47783e0
1.7691893e0 2.9999474e0 8.782e-1 8.782e-1
1.923034e0 2.9999474e0 4.9762e-1 4.9762e-1
2.0768788e0 2.9999474e0 2.6886e-1 2.6886e-1
2.2307236e0 2.9999474e0 1.3863e-1 1.3863e-1
2.3845683e0 2.9999474e0 6.813644e-2 6.813644e-2
2.5384131e0 2.9999474e0 3.194858e-2 3.194858e-2
2.6922578e0 2.9999474e0 1.428786e-2 1.428786e-2
2.8461026e0 2.9999474e0 6.094377e-3 6.094377e-3
2.9999474e0 2.9999474e0 2.479277e-3 2.479277e-3
