-3.0e0 -3.0e0 -4.92861754e-2 -4.92861754e-2
-2.8461552e0 -3.0e0 -5.74822273e-2 -5.74822273e-2
-2.6923105e0 -3.0e0 -6.70426315e-2 -6.70426315e-2
-2.5384657e0 -3.0e0 -7.819231e-2 -7.819231e-2
-2.384621e0 -3.0e0 -9.11958072e-2 -9.11958072e-2
-2.2307762e0 -3.0e0 -1.06341548e-1 -1.06341548e-1
-2.0769315e0 -3.0e0 -1.24061766e-1 -1.24061766e-1
-1.9230867e0 -3.0e0 -1.44662923e-1 -1.44662923e-1
-1.769242e0 -3.0e0 -1.68718878e-1 -1.68718878e-1
-1.6153972e0 -3.0e0 -1.96843677e-1 -1.96843677e-1
-1.4615524e0 -3.0e0 -2.29512387e-1 -2.29512387e-1
-1.3077077e0 -3.0e0 -2.67744638e-1 -2.67744638e-1
-1.1538629e0 -3.0e0 -3.12312628e-1 -3.12312628e-1
-1.0000182e0 -3.0e0 -3.64176617e-1 -3.64176617e-1
-8.461734e-1 -3.0e0 -4.24791881e-1 -4.24791881e-1
-6.923285e-1 -3.0e0 -4.95494809e-1 -4.95494809e-1
-5.3848361e-1 -3.0e0 -5.77879193e-1 -5.77879193e-1
-3.8463872e-1 -3.0e0 -6.74024165e-1 -6.74024165e-1
-2.3079382e-1 -3.0e0 -7.86107501e-1 -7.86107501e-1
-7.694893e-2 -3.0e0 -9.1682177e-1 -9.1682177e-1
7.689597e-2 -3.0e0 -1.06905742e0 -1.06905742e0
2.3074086e-1 -3.0e0 -1.24685477e0 -1.24685477e0
3.8458575e-1 -3.0e0 -1.45421223e0 -1.45421223e0
5.3843065e-1 -3.0e0 -1.69606937e0 -1.69606937e0
6.9227554e-1 -3.0e0 -1.97810887e0 -1.97810887e0
8.4612044e-1 -3.0e0 -2.30706183e0 -2.30706183e0
9.9996533e-1 -3.0e0 -2.69076045e0 -2.69076045e0
1.15381023e0 -3.0e0 -3.1382923e0 -3.1382923e0
1.307655e0 -3.0e0 -3.66018896e0 -3.66018896e0
1.4614998e0 -3.0e0 -4.26894579e0 -4.26894579e0
1.6153445e0 -3.0e0 -4.97887535e0 -4.97887535e0
1.7691893e0 -3.0e0 -5.80708621e0 -5.80708621e0
1.923034e0 -3.0e0 -6.77273227e0 -6.77273227e0
2.0768788e0 -3.0e0 -7.89902931e0 -7.89902931e0
2.2307236e0 -3.0e0 -9.21282602e0 -9.21282602e0
2.3845683e0 -3.0e0 -1.07452263e1 -1.07452263e1
2.5384131e0 -3.0e0 -1.25322026e1 -1.25322026e1
2.6922578e0 -3.0e0 -1.46163663e1 -1.46163663e1
2.8461026e0 -3.0e0 -1.70473091e1 -1.70473091e1
2.9999474e0 -3.0e0 -1.9881964e1 -1.9881964e1

-3.0e0 -2.8461552e0 -4.76277983e-2 -4.76277983e-2
-2.8461552e0 -2.8461552e0 -5.55480704e-2 -5.55480704e-2
-2.6923105e0 -2.8461552e0 -6.4786787e-2 -6.4786787e-2
-2.5384657e0 -2.8461552e0 -7.5561302e-2 -7.5561302e-2
-2.384621e0 -2.8461552e0 -8.81272586e-2 -8.81272586e-2
-2.2307762e0 -2.8461552e0 -1.02763377e-1 -1.02763377e-1
-2.0769315e0 -2.8461552e0 -1.19887346e-1 -1.19887346e-1
-1.9230867e0 -2.8461552e0 -1.39795317e-1 -1.39795317e-1
-1.769242e0 -2.8461552e0 -1.6304184e-1 -1.6304184e-1
-1.6153972e0 -2.8461552e0 -1.90220297e-1 -1.90220297e-1
-1.4615524e0 -2.8461552e0 -2.21789775e-1 -2.21789775e-1
-1.3077077e0 -2.8461552e0 -2.5873559e-1 -2.5873559e-1
-1.1538629e0 -2.8461552e0 -3.0180396e-1 -3.0180396e-1
-1.0000182e0 -2.8461552e0 -3.51922835e-1 -3.51922835e-1
-8.461734e-1 -2.8461552e0 -4.1049852e-1 -4.1049852e-1
-6.923285e-1 -2.8461552e0 -4.78822443e-1 -4.78822443e-1
-5.3848361e-1 -2.8461552e0 -5.58434763e-1 -5.58434763e-1
-3.8463872e-1 -2.8461552e0 -6.51344658e-1 -6.51344658e-1
-2.3079382e-1 -2.8461552e0 -7.59656624e-1 -7.59656624e-1
-7.694893e-2 -2.8461552e0 -8.8597263e-1 -8.8597263e-1
7.689597e-2 -2.8461552e0 -1.03308588e0 -1.03308588e0
2.3074086e-1 -2.8461552e0 -1.2049007e0 -1.2049007e0
3.8458575e-1 -2.8461552e0 -1.40528102e0 -1.40528102e0
5.3843065e-1 -2.8461552e0 -1.63900017e0 -1.63900017e0
6.9227554e-1 -2.8461552e0 -1.91154964e0 -1.91154964e0
8.4612044e-1 -2.8461552e0 -2.229434e0 -2.229434e0
9.9996533e-1 -2.8461552e0 -2.60022198e0 -2.60022198e0
1.15381023e0 -2.8461552e0 -3.03269531e0 -3.03269531e0
1.307655e0 -2.8461552e0 -3.53703123e0 -3.53703123e0
1.4614998e0 -2.8461552e0 -4.12530467e0 -4.12530467e0
1.6153445e0 -2.8461552e0 -4.81134657e0 -4.81134657e0
1.7691893e0 -2.8461552e0 -5.61168987e0 -5.61168987e0
1.923034e0 -2.8461552e0 -6.54484396e0 -6.54484396e0
2.0768788e0 -2.8461552e0 -7.63324345e0 -7.63324345e0
2.2307236e0 -2.8461552e0 -8.90283365e0 -8.90283365e0
2.3845683e0 -2.8461552e0 -1.03836717e1 -1.03836717e1
2.5384131e0 -2.8461552e0 -1.21105202e1 -1.21105202e1
2.6922578e0 -2.8461552e0 -1.41245561e1 -1.41245561e1
2.8461026e0 -2.8461552e0 -1.64737027e1 -1.64737027e1
2.9999474e0 -2.8461552e0 -1.92129773e1 -1.92129773e1

-3.0e0 -2.6923105e0 -4.4842771e-2 -4.4842771e-2
-2.8461552e0 -2.6923105e0 -5.22999065e-2 -5.22999065e-2
-2.6923105e0 -2.6923105e0 -6.09983907e-2 -6.09983907e-2
-2.5384657e0 -2.6923105e0 -7.11428677e-2 -7.11428677e-2
-2.384621e0 -2.6923105e0 -8.29740321e-2 -8.29740321e-2
-2.2307762e0 -2.6923105e0 -9.6754306e-2 -9.6754306e-2
-2.0769315e0 -2.6923105e0 -1.12876955e-1 -1.12876955e-1
-1.9230867e0 -2.6923105e0 -1.3162081e-1 -1.3162081e-1
-1.769242e0 -2.6923105e0 -1.53507997e-1 -1.53507997e-1
-1.6153972e0 -2.6923105e0 -1.79097198e-1 -1.79097198e-1
-1.4615524e0 -2.6923105e0 -2.08820656e-1 -2.08820656e-1
-1.3077077e0 -2.6923105e0 -2.43606071e-1 -2.43606071e-1
-1.1538629e0 -2.6923105e0 -2.84156024e-1 -2.84156024e-1
-1.0000182e0 -2.6923105e0 -3.31344206e-1 -3.31344206e-1
-8.461734e-1 -2.6923105e0 -3.8649469e-1 -3.8649469e-1
-6.923285e-1 -2.6923105e0 -4.50823381e-1 -4.50823381e-1
-5.3848361e-1 -2.6923105e0 -5.25780386e-1 -5.25780386e-1
-3.8463872e-1 -2.6923105e0 -6.13257391e-1 -6.13257391e-1
-2.3079382e-1 -2.6923105e0 -7.15235832e-1 -7.15235832e-1
-7.694893e-2 -2.6923105e0 -8.34165532e-1 -8.34165532e-1
7.689597e-2 -2.6923105e0 -9.7267635e-1 -9.7267635e-1
2.3074086e-1 -2.6923105e0 -1.13444434e0 -1.13444434e0
3.8458575e-1 -2.6923105e0 -1.32310745e0 -1.32310745e0
5.3843065e-1 -2.6923105e0 -1.54315991e0 -1.54315991e0
6.9227554e-1 -2.6923105e0 -1.7997721e0 -1.7997721e0
8.4612044e-1 -2.6923105e0 -2.09906824e0 -2.09906824e0
9.9996533e-1 -2.6923105e0 -2.44817444e0 -2.44817444e0
1.15381023e0 -2.6923105e0 -2.85535896e0 -2.85535896e0
1.307655e0 -2.6923105e0 -3.33020393e0 -3.33020393e0
1.4614998e0 -2.6923105e0 -3.88407819e0 -3.88407819e0
1.6153445e0 -2.6923105e0 -4.5300039e0 -4.5300039e0
1.7691893e0 -2.6923105e0 -5.28354727e0 -5.28354727e0
1.923034e0 -2.6923105e0 -6.16213533e0 -6.16213533e0
2.0768788e0 -2.6923105e0 -7.18689085e0 -7.18689085e0
2.2307236e0 -2.6923105e0 -8.38224197e0 -8.38224197e0
2.3845683e0 -2.6923105e0 -9.7764883e0 -9.7764883e0
2.5384131e0 -2.6923105e0 -1.14023595e1 -1.14023595e1
2.6922578e0 -2.6923105e0 -1.3298625e1 -1.3298625e1
2.8461026e0 -2.6923105e0 -1.55104057e1 -1.55104057e1
2.9999474e0 -2.6923105e0 -1.80895018e1 -1.80895018e1

-3.0e0 -2.5384657e0 -4.09997905e-2 -4.09997905e-2
-2.8461552e0 -2.5384657e0 -4.7817857e-2 -4.7817857e-2
-2.6923105e0 -2.5384657e0 -5.57708897e-2 -5.57708897e-2
-2.5384657e0 -2.5384657e0 -6.50459955e-2 -6.50459955e-2
-2.384621e0 -2.5384657e0 -7.5863241e-2 -7.5863241e-2
-2.2307762e0 -2.5384657e0 -8.846256e-2 -8.846256e-2
-2.0769315e0 -2.5384657e0 -1.03203513e-1 -1.03203513e-1
-1.9230867e0 -2.5384657e0 -1.20341039e-1 -1.20341039e-1
-1.769242e0 -2.5384657e0 -1.40352515e-1 -1.40352515e-1
-1.6153972e0 -2.5384657e0 -1.63748749e-1 -1.63748749e-1
-1.4615524e0 -2.5384657e0 -1.90924934e-1 -1.90924934e-1
-1.3077077e0 -2.5384657e0 -2.22729276e-1 -2.22729276e-1
-1.1538629e0 -2.5384657e0 -2.59804138e-1 -2.59804138e-1
-1.0000182e0 -2.5384657e0 -3.02948341e-1 -3.02948341e-1
-8.461734e-1 -2.5384657e0 -3.53372482e-1 -3.53372482e-1
-6.923285e-1 -2.5384657e0 -4.1218827e-1 -4.1218827e-1
-5.3848361e-1 -2.5384657e0 -4.80721535e-1 -4.80721535e-1
-3.8463872e-1 -2.5384657e0 -5.60701848e-1 -5.60701848e-1
-2.3079382e-1 -2.5384657e0 -6.5394084e-1 -6.5394084e-1
-7.694893e-2 -2.5384657e0 -7.62678384e-1 -7.62678384e-1
7.689597e-2 -2.5384657e0 -8.8931897e-1 -8.8931897e-1
2.3074086e-1 -2.5384657e0 -1.0372236e0 -1.0372236e0
3.8458575e-1 -2.5384657e0 -1.20971848e0 -1.20971848e0
5.3843065e-1 -2.5384657e0 -1.41091266e0 -1.41091266e0
6.9227554e-1 -2.5384657e0 -1.64553343e0 -1.64553343e0
8.4612044e-1 -2.5384657e0 -1.91918019e0 -1.91918019e0
9.9996533e-1 -2.5384657e0 -2.23836835e0 -2.23836835e0
1.15381023e0 -2.5384657e0 -2.61065758e0 -2.61065758e0
1.307655e0 -2.5384657e0 -3.0448088e0 -3.0448088e0
1.4614998e0 -2.5384657e0 -3.55121658e0 -3.55121658e0
1.6153445e0 -2.5384657e0 -4.14178712e0 -4.14178712e0
1.7691893e0 -2.5384657e0 -4.83075258e0 -4.83075258e0
1.923034e0 -2.5384657e0 -5.63404652e0 -5.63404652e0
2.0768788e0 -2.5384657e0 -6.57098152e0 -6.57098152e0
2.2307236e0 -2.5384657e0 -7.66389226e0 -7.66389226e0
2.3845683e0 -2.5384657e0 -8.9386531e0 -8.9386531e0
2.5384131e0 -2.5384657e0 -1.04251888e1 -1.04251888e1
2.6922578e0 -2.5384657e0 -1.21589462e1 -1.21589462e1
2.8461026e0 -2.5384657e0 -1.41811795e1 -1.41811795e1
2.9999474e0 -2.5384657e0 -1.65392496e1 -1.65392496e1

-3.0e0 -2.384621e0 -3.61884683e-2 -3.61884683e-2
-2.8461552e0 -2.384621e0 -4.22064351e-2 -4.22064351e-2
-2.6923105e0 -2.384621e0 -4.92261801e-2 -4.92261801e-2
-2.5384657e0 -2.384621e0 -5.7412853e-2 -5.7412853e-2
-2.384621e0 -2.384621e0 -6.69606955e-2 -6.69606955e-2
-2.2307762e0 -2.384621e0 -7.8081485e-2 -7.8081485e-2
-2.0769315e0 -2.384621e0 -9.1092589e-2 -9.1092589e-2
-1.9230867e0 -2.384621e0 -1.06219026e-1 -1.06219026e-1
-1.769242e0 -2.384621e0 -1.23882158e-1 -1.23882158e-1
-1.6153972e0 -2.384621e0 -1.44532845e-1 -1.44532845e-1
-1.4615524e0 -2.384621e0 -1.68519908e-1 -1.68519908e-1
-1.3077077e0 -2.384621e0 -1.96592012e-1 -1.96592012e-1
-1.1538629e0 -2.384621e0 -2.29316142e-1 -2.29316142e-1
-1.0000182e0 -2.384621e0 -2.67397377e-1 -2.67397377e-1
-8.461734e-1 -2.384621e0 -3.1190425e-1 -3.1190425e-1
-6.923285e-1 -2.384621e0 -3.63818008e-1 -3.63818008e-1
-5.3848361e-1 -2.384621e0 -4.24308899e-1 -4.24308899e-1
-3.8463872e-1 -2.384621e0 -4.9490353e-1 -4.9490353e-1
-2.3079382e-1 -2.384621e0 -5.77200932e-1 -5.77200932e-1
-7.694893e-2 -2.384621e0 -6.73178134e-1 -6.73178134e-1
7.689597e-2 -2.384621e0 -7.8495744e-1 -7.8495744e-1
2.3074086e-1 -2.384621e0 -9.155055e-1 -9.155055e-1
3.8458575e-1 -2.384621e0 -1.0677581e0 -1.0677581e0
5.3843065e-1 -2.384621e0 -1.24534216e0 -1.24534216e0
6.9227554e-1 -2.384621e0 -1.45243022e0 -1.45243022e0
8.4612044e-1 -2.384621e0 -1.69396454e0 -1.69396454e0
9.9996533e-1 -2.384621e0 -1.975696e0 -1.975696e0
1.15381023e0 -2.384621e0 -2.3042971e0 -2.3042971e0
1.307655e0 -2.384621e0 -2.68750073e0 -2.68750073e0
1.4614998e0 -2.384621e0 -3.1344816e0 -3.1344816e0
1.6153445e0 -2.384621e0 -3.65574872e0 -3.65574872e0
1.7691893e0 -2.384621e0 -4.26386412e0 -4.26386412e0
1.923034e0 -2.384621e0 -4.97289159e0 -4.97289159e0
2.0768788e0 -2.384621e0 -5.79987735e0 -5.79987735e0
2.2307236e0 -2.384621e0 -6.76453508e0 -6.76453508e0
2.3845683e0 -2.384621e0 -7.8897029e0 -7.8897029e0
2.5384131e0 -2.384621e0 -9.2017937e0 -9.2017937e0
2.6922578e0 -2.384621e0 -1.07320949e1 -1.07320949e1
2.8461026e0 -2.384621e0 -1.25170192e1 -1.25170192e1
2.9999474e0 -2.384621e0 -1.45983699e1 -1.45983699e1

-3.0e0 -2.2307762e0 -3.05223222e-2 -3.05223222e-2
-2.8461552e0 -2.2307762e0 -3.55980365e-2 -3.55980365e-2
-2.6923105e0 -2.2307762e0 -4.15186774e-2 -4.15186774e-2
-2.5384657e0 -2.2307762e0 -4.8423536e-2 -4.8423536e-2
-2.384621e0 -2.2307762e0 -5.6476442e-2 -5.6476442e-2
-2.2307762e0 -2.2307762e0 -6.5856013e-2 -6.5856013e-2
-2.0769315e0 -2.2307762e0 -7.6829926e-2 -7.6829926e-2
-1.9230867e0 -2.2307762e0 -8.9587968e-2 -8.9587968e-2
-1.769242e0 -2.2307762e0 -1.04485527e-1 -1.04485527e-1
-1.6153972e0 -2.2307762e0 -1.21902869e-1 -1.21902869e-1
-1.4615524e0 -2.2307762e0 -1.421342e-1 -1.421342e-1
-1.3077077e0 -2.2307762e0 -1.65810962e-1 -1.65810962e-1
-1.1538629e0 -2.2307762e0 -1.9341137e-1 -1.9341137e-1
-1.0000182e0 -2.2307762e0 -2.25530101e-1 -2.25530101e-1
-8.461734e-1 -2.2307762e0 -2.63068388e-1 -2.63068388e-1
-6.923285e-1 -2.2307762e0 -3.06853842e-1 -3.06853842e-1
-5.3848361e-1 -2.2307762e0 -3.57873477e-1 -3.57873477e-1
-3.8463872e-1 -2.2307762e0 -4.17414877e-1 -4.17414877e-1
-2.3079382e-1 -2.2307762e0 -4.86826709e-1 -4.86826709e-1
-7.694893e-2 -2.2307762e0 -5.67776448e-1 -5.67776448e-1
7.689597e-2 -2.2307762e0 -6.6205411e-1 -6.6205411e-1
2.3074086e-1 -2.2307762e0 -7.7216182e-1 -7.7216182e-1
3.8458575e-1 -2.2307762e0 -9.0057574e-1 -9.0057574e-1
5.3843065e-1 -2.2307762e0 -1.0503549e0 -1.0503549e0
6.9227554e-1 -2.2307762e0 -1.2250185e0 -1.2250185e0
8.4612044e-1 -2.2307762e0 -1.42873502e0 -1.42873502e0
9.9996533e-1 -2.2307762e0 -1.66635486e0 -1.66635486e0
1.15381023e0 -2.2307762e0 -1.94350583e0 -1.94350583e0
1.307655e0 -2.2307762e0 -2.26671e0 -2.26671e0
1.4614998e0 -2.2307762e0 -2.64370563e0 -2.64370563e0
1.6153445e0 -2.2307762e0 -3.08335628e0 -3.08335628e0
1.7691893e0 -2.2307762e0 -3.59625708e0 -3.59625708e0
1.923034e0 -2.2307762e0 -4.1942698e0 -4.1942698e0
2.0768788e0 -2.2307762e0 -4.89177171e0 -4.89177171e0
2.2307236e0 -2.2307762e0 -5.70538986e0 -5.70538986e0
2.3845683e0 -2.2307762e0 -6.6543864e0 -6.6543864e0
2.5384131e0 -2.2307762e0 -7.761039e0 -7.761039e0
2.6922578e0 -2.2307762e0 -9.0517358e0 -9.0517358e0
2.8461026e0 -2.2307762e0 -1.05571889e1 -1.05571889e1
2.9999474e0 -2.2307762e0 -1.23126558e1 -1.23126558e1

-3.0e0 -2.0769315e0 -2.41357693e-2 -2.41357693e-2
-2.8461552e0 -2.0769315e0 -2.81494308e-2 -2.81494308e-2
-2.6923105e0 -2.0769315e0 -3.28312247e-2 -3.28312247e-2
-2.5384657e0 -2.0769315e0 -3.82912968e-2 -3.82912968e-2
-2.384621e0 -2.0769315e0 -4.46591962e-2 -4.46591962e-2
-2.2307762e0 -2.0769315e0 -5.2076167e-2 -5.2076167e-2
-2.0769315e0 -2.0769315e0 -6.0753876e-2 -6.0753876e-2
-1.9230867e0 -2.0769315e0 -7.08424e-2 -7.08424e-2
-1.769242e0 -2.0769315e0 -8.2622762e-2 -8.2622762e-2
-1.6153972e0 -2.0769315e0 -9.6395663e-2 -9.6395663e-2
-1.4615524e0 -2.0769315e0 -1.1239375e-1 -1.1239375e-1
-1.3077077e0 -2.0769315e0 -1.31116339e-1 -1.31116339e-1
-1.1538629e0 -2.0769315e0 -1.5294158e-1 -1.5294158e-1
-1.0000182e0 -2.0769315e0 -1.78339723e-1 -1.78339723e-1
-8.461734e-1 -2.0769315e0 -2.08023422e-1 -2.08023422e-1
-6.923285e-1 -2.0769315e0 -2.42647119e-1 -2.42647119e-1
-5.3848361e-1 -2.0769315e0 -2.82991302e-1 -2.82991302e-1
-3.8463872e-1 -2.0769315e0 -3.30074138e-1 -3.30074138e-1
-2.3079382e-1 -2.0769315e0 -3.84962097e-1 -3.84962097e-1
-7.694893e-2 -2.0769315e0 -4.48973747e-1 -4.48973747e-1
7.689597e-2 -2.0769315e0 -5.2352457e-1 -5.2352457e-1
2.3074086e-1 -2.0769315e0 -6.1059311e-1 -6.1059311e-1
3.8458575e-1 -2.0769315e0 -7.1213745e-1 -7.1213745e-1
5.3843065e-1 -2.0769315e0 -8.3057649e-1 -8.3057649e-1
6.9227554e-1 -2.0769315e0 -9.6869313e-1 -9.6869313e-1
8.4612044e-1 -2.0769315e0 -1.12978358e0 -1.12978358e0
9.9996533e-1 -2.0769315e0 -1.31768338e0 -1.31768338e0
1.15381023e0 -2.0769315e0 -1.53684271e0 -1.53684271e0
1.307655e0 -2.0769315e0 -1.79241899e0 -1.79241899e0
1.4614998e0 -2.0769315e0 -2.09053128e0 -2.09053128e0
1.6153445e0 -2.0769315e0 -2.43818852e0 -2.43818852e0
1.7691893e0 -2.0769315e0 -2.84376892e0 -2.84376892e0
1.923034e0 -2.0769315e0 -3.31665225e0 -3.31665225e0
2.0768788e0 -2.0769315e0 -3.86820744e0 -3.86820744e0
2.2307236e0 -2.0769315e0 -4.51158247e0 -4.51158247e0
2.3845683e0 -2.0769315e0 -5.2620091e0 -5.2620091e0
2.5384131e0 -2.0769315e0 -6.1371033e0 -6.1371033e0
2.6922578e0 -2.0769315e0 -7.1577322e0 -7.1577322e0
2.8461026e0 -2.0769315e0 -8.3481812e0 -8.3481812e0
2.9999474e0 -2.0769315e0 -9.7363306e0 -9.7363306e0

-3.0e0 -1.9230867e0 -1.71776755e-2 -1.71776755e-2
-2.8461552e0 -1.9230867e0 -2.00342397e-2 -2.00342397e-2
-2.6923105e0 -1.9230867e0 -2.33663205e-2 -2.33663205e-2
-2.5384657e0 -1.9230867e0 -2.725231e-2 -2.725231e-2
-2.384621e0 -1.9230867e0 -3.17844095e-2 -3.17844095e-2
-2.2307762e0 -1.9230867e0 -3.7063144e-2 -3.7063144e-2
-2.0769315e0 -1.9230867e0 -4.3239159e-2 -4.3239159e-2
-1.9230867e0 -1.9230867e0 -5.0419264e-2 -5.0419264e-2
-1.769242e0 -1.9230867e0 -5.880347e-2 -5.880347e-2
-1.6153972e0 -1.9230867e0 -6.8605786e-2 -6.8605786e-2
-1.4615524e0 -1.9230867e0 -7.9991788e-2 -7.9991788e-2
-1.3077077e0 -1.9230867e0 -9.3316847e-2 -9.3316847e-2
-1.1538629e0 -1.9230867e0 -1.08850096e-1 -1.08850096e-1
-1.0000182e0 -1.9230867e0 -1.26926216e-1 -1.26926216e-1
-8.461734e-1 -1.9230867e0 -1.48052411e-1 -1.48052411e-1
-6.923285e-1 -1.9230867e0 -1.72694452e-1 -1.72694452e-1
-5.3848361e-1 -1.9230867e0 -2.01407822e-1 -2.01407822e-1
-3.8463872e-1 -1.9230867e0 -2.3491716e-1 -2.3491716e-1
-2.3079382e-1 -1.9230867e0 -2.73981485e-1 -2.73981485e-1
-7.694893e-2 -1.9230867e0 -3.19539236e-1 -3.19539236e-1
7.689597e-2 -1.9230867e0 -3.7259781e-1 -3.7259781e-1
2.3074086e-1 -1.9230867e0 -4.345654e-1 -4.345654e-1
3.8458575e-1 -1.9230867e0 -5.0683554e-1 -5.0683554e-1
5.3843065e-1 -1.9230867e0 -5.9112984e-1 -5.9112984e-1
6.9227554e-1 -1.9230867e0 -6.8942886e-1 -6.8942886e-1
8.4612044e-1 -1.9230867e0 -8.0407861e-1 -8.0407861e-1
9.9996533e-1 -1.9230867e0 -9.3780882e-1 -9.3780882e-1
1.15381023e0 -1.9230867e0 -1.09378677e0 -1.09378677e0
1.307655e0 -1.9230867e0 -1.27568304e0 -1.27568304e0
1.4614998e0 -1.9230867e0 -1.48785263e0 -1.48785263e0
1.6153445e0 -1.9230867e0 -1.73528386e0 -1.73528386e0
1.7691893e0 -1.9230867e0 -2.0239396e0 -2.0239396e0
1.923034e0 -1.9230867e0 -2.36049554e0 -2.36049554e0
2.0768788e0 -1.9230867e0 -2.75304305e0 -2.75304305e0
2.2307236e0 -1.9230867e0 -3.21093967e0 -3.21093967e0
2.3845683e0 -1.9230867e0 -3.745026e0 -3.745026e0
2.5384131e0 -1.9230867e0 -4.3678395e0 -4.3678395e0
2.6922578e0 -1.9230867e0 -5.0942317e0 -5.0942317e0
2.8461026e0 -1.9230867e0 -5.9414864e0 -5.9414864e0
2.9999474e0 -1.9230867e0 -6.9294466e0 -6.9294466e0

-3.0e0 -1.769242e0 -9.814318e-3 -9.814318e-3
-2.8461552e0 -1.769242e0 -1.14463914e-2 -1.14463914e-2
-2.6923105e0 -1.769242e0 -1.33501474e-2 -1.33501474e-2
-2.5384657e0 -1.769242e0 -1.55703743e-2 -1.55703743e-2
-2.384621e0 -1.769242e0 -1.81597505e-2 -1.81597505e-2
-2.2307762e0 -1.769242e0 -2.117571e-2 -2.117571e-2
-2.0769315e0 -1.769242e0 -2.4704323e-2 -2.4704323e-2
-1.9230867e0 -1.769242e0 -2.8806615e-2 -2.8806615e-2
-1.769242e0 -1.769242e0 -3.359686e-2 -3.359686e-2
-1.6153972e0 -1.769242e0 -3.9197328e-2 -3.9197328e-2
-1.4615524e0 -1.769242e0 -4.5702625e-2 -4.5702625e-2
-1.3077077e0 -1.769242e0 -5.3315782e-2 -5.3315782e-2
-1.1538629e0 -1.769242e0 -6.2190572e-2 -6.2190572e-2
-1.0000182e0 -1.769242e0 -7.2518208e-2 -7.2518208e-2
-8.461734e-1 -1.769242e0 -8.4588478e-2 -8.4588478e-2
-6.923285e-1 -1.769242e0 -9.8667497e-2 -9.8667497e-2
-5.3848361e-1 -1.769242e0 -1.15072636e-1 -1.15072636e-1
-3.8463872e-1 -1.769242e0 -1.34217911e-1 -1.34217911e-1
-2.3079382e-1 -1.769242e0 -1.56536978e-1 -1.56536978e-1
-7.694893e-2 -1.769242e0 -1.8256601e-1 -1.8256601e-1
7.689597e-2 -1.769242e0 -2.1288057e-1 -2.1288057e-1
2.3074086e-1 -1.769242e0 -2.4828522e-1 -2.4828522e-1
3.8458575e-1 -1.769242e0 -2.8957616e-1 -2.8957616e-1
5.3843065e-1 -1.769242e0 -3.3773697e-1 -3.3773697e-1
6.9227554e-1 -1.769242e0 -3.9389929e-1 -3.9389929e-1
8.4612044e-1 -1.769242e0 -4.5940343e-1 -4.5940343e-1
9.9996533e-1 -1.769242e0 -5.3580905e-1 -5.3580905e-1
1.15381023e0 -1.769242e0 -6.2492572e-1 -6.2492572e-1
1.307655e0 -1.769242e0 -7.2885059e-1 -7.2885059e-1
1.4614998e0 -1.769242e0 -8.5007187e-1 -8.5007187e-1
1.6153445e0 -1.769242e0 -9.9143959e-1 -9.9143959e-1
1.7691893e0 -1.769242e0 -1.15636058e0 -1.15636058e0
1.923034e0 -1.769242e0 -1.34864894e0 -1.34864894e0
2.0768788e0 -1.769242e0 -1.5729276e0 -1.5729276e0
2.2307236e0 -1.769242e0 -1.83454292e0 -1.83454292e0
2.3845683e0 -1.769242e0 -2.1396886e0 -2.1396886e0
2.5384131e0 -1.769242e0 -2.4955278e0 -2.4955278e0
2.6922578e0 -1.769242e0 -2.9105457e0 -2.9105457e0
2.8461026e0 -1.769242e0 -3.3946175e0 -3.3946175e0
2.9999474e0 -1.769242e0 -3.95908e0 -3.95908e0

-3.0e0 -1.6153972e0 -2.21896353e-3 -2.21896353e-3
-2.8461552e0 -1.6153972e0 -2.58796642e-3 -2.58796642e-3
-2.6923105e0 -1.6153972e0 -3.0183952e-3 -3.0183952e-3
-2.5384657e0 -1.6153972e0 -3.52037633e-3 -3.52037633e-3
-2.384621e0 -1.6153972e0 -4.10582013e-3 -4.10582013e-3
-2.2307762e0 -1.6153972e0 -4.7877121e-3 -4.7877121e-3
-2.0769315e0 -1.6153972e0 -5.5855122e-3 -5.5855122e-3
-1.9230867e0 -1.6153972e0 -6.513018e-3 -6.513018e-3
-1.769242e0 -1.6153972e0 -7.596066e-3 -7.596066e-3
-1.6153972e0 -1.6153972e0 -8.8623013e-3 -8.8623013e-3
-1.4615524e0 -1.6153972e0 -1.0333113e-2 -1.0333113e-2
-1.3077077e0 -1.6153972e0 -1.20544064e-2 -1.20544064e-2
-1.1538629e0 -1.6153972e0 -1.40609477e-2 -1.40609477e-2
-1.0000182e0 -1.6153972e0 -1.63959697e-2 -1.63959697e-2
-8.461734e-1 -1.6153972e0 -1.91249918e-2 -1.91249918e-2
-6.923285e-1 -1.6153972e0 -2.23081808e-2 -2.23081808e-2
-5.3848361e-1 -1.6153972e0 -2.60172928e-2 -2.60172928e-2
-3.8463872e-1 -1.6153972e0 -3.03459344e-2 -3.03459344e-2
-2.3079382e-1 -1.6153972e0 -3.53921535e-2 -3.53921535e-2
-7.694893e-2 -1.6153972e0 -4.12771748e-2 -4.12771748e-2
7.689597e-2 -1.6153972e0 -4.8131133e-2 -4.8131133e-2
2.3074086e-1 -1.6153972e0 -5.6135928e-2 -5.6135928e-2
3.8458575e-1 -1.6153972e0 -6.5471582e-2 -6.5471582e-2
5.3843065e-1 -1.6153972e0 -7.6360481e-2 -7.6360481e-2
6.9227554e-1 -1.6153972e0 -8.9058472e-2 -8.9058472e-2
8.4612044e-1 -1.6153972e0 -1.038686e-1 -1.038686e-1
9.9996533e-1 -1.6153972e0 -1.2114349e-1 -1.2114349e-1
1.15381023e0 -1.6153972e0 -1.41292282e-1 -1.41292282e-1
1.307655e0 -1.6153972e0 -1.64789128e-1 -1.64789128e-1
1.4614998e0 -1.6153972e0 -1.92196594e-1 -1.92196594e-1
1.6153445e0 -1.6153972e0 -2.24159062e-1 -2.24159062e-1
1.7691893e0 -1.6153972e0 -2.61446794e-1 -2.61446794e-1
1.923034e0 -1.6153972e0 -3.04922137e-1 -3.04922137e-1
2.0768788e0 -1.6153972e0 -3.55630315e-1 -3.55630315e-1
2.2307236e0 -1.6153972e0 -4.14780106e-1 -4.14780106e-1
2.3845683e0 -1.6153972e0 -4.8377187e-1 -4.8377187e-1
2.5384131e0 -1.6153972e0 -5.6422516e-1 -5.6422516e-1
2.6922578e0 -1.6153972e0 -6.5805844e-1 -6.5805844e-1
2.8461026e0 -1.6153972e0 -7.6750441e-1 -7.6750441e-1
2.9999474e0 -1.6153972e0 -8.9512633e-1 -8.9512633e-1

-3.0e0 -1.4615524e0 5.4271751e-3 5.4271751e-3
-2.8461552e0 -1.4615524e0 6.329688e-3 6.329688e-3
-2.6923105e0 -1.4615524e0 7.3824374e-3 7.3824374e-3
-2.5384657e0 -1.4615524e0 8.6101906e-3 8.6101906e-3
-2.384621e0 -1.4615524e0 1.0042078e-2 1.0042078e-2
-2.2307762e0 -1.4615524e0 1.1709859e-2 1.1709859e-2
-2.0769315e0 -1.4615524e0 1.3661131e-2 1.3661131e-2
-1.9230867e0 -1.4615524e0 1.5929639e-2 1.5929639e-2
-1.769242e0 -1.4615524e0 1.8578575e-2 1.8578575e-2
-1.6153972e0 -1.4615524e0 2.1675552e-2 2.1675552e-2
-1.4615524e0 -1.4615524e0 2.5272887e-2 2.5272887e-2
-1.3077077e0 -1.4615524e0 2.9482852e-2 2.9482852e-2
-1.1538629e0 -1.4615524e0 3.4390482e-2 3.4390482e-2
-1.0000182e0 -1.4615524e0 4.0101514e-2 4.0101514e-2
-8.461734e-1 -1.4615524e0 4.6776198e-2 4.6776198e-2
-6.923285e-1 -1.4615524e0 5.4561691e-2 5.4561691e-2
-5.3848361e-1 -1.4615524e0 6.3633495e-2 6.3633495e-2
-3.8463872e-1 -1.4615524e0 7.4220554e-2 7.4220554e-2
-2.3079382e-1 -1.4615524e0 8.6562672e-2 8.6562672e-2
-7.694893e-2 -1.4615524e0 1.00956349e-1 1.00956349e-1
7.689597e-2 -1.4615524e0 1.1771986e-1 1.1771986e-1
2.3074086e-1 -1.4615524e0 1.3729811e-1 1.3729811e-1
3.8458575e-1 -1.4615524e0 1.601314e-1 1.601314e-1
5.3843065e-1 -1.4615524e0 1.8676364e-1 1.8676364e-1
6.9227554e-1 -1.4615524e0 2.1782057e-1 2.1782057e-1
8.4612044e-1 -1.4615524e0 2.5404341e-1 2.5404341e-1
9.9996533e-1 -1.4615524e0 2.962946e-1 2.962946e-1
1.15381023e0 -1.4615524e0 3.4557483e-1 3.4557483e-1
1.307655e0 -1.4615524e0 4.0304378e-1 4.0304378e-1
1.4614998e0 -1.4615524e0 4.7007738e-1 4.7007738e-1
1.6153445e0 -1.4615524e0 5.4825168e-1 5.4825168e-1
1.7691893e0 -1.4615524e0 6.3945059e-1 6.3945059e-1
1.923034e0 -1.4615524e0 7.4578325e-1 7.4578325e-1
2.0768788e0 -1.4615524e0 8.6980609e-1 8.6980609e-1
2.2307236e0 -1.4615524e0 1.01447556e0 1.01447556e0
2.3845683e0 -1.4615524e0 1.1832166e0 1.1832166e0
2.5384131e0 -1.4615524e0 1.3799905e0 1.3799905e0
2.6922578e0 -1.4615524e0 1.6094894e0 1.6094894e0
2.8461026e0 -1.4615524e0 1.877174e0 1.877174e0
2.9999474e0 -1.4615524e0 2.1893137e0 2.1893137e0

-3.0e0 -1.3077077e0 1.2946357e-2 1.2946357e-2
-2.8461552e0 -1.3077077e0 1.50992735e-2 1.50992735e-2
-2.6923105e0 -1.3077077e0 1.76105742e-2 1.76105742e-2
-2.5384657e0 -1.3077077e0 2.05393411e-2 2.05393411e-2
-2.384621e0 -1.3077077e0 2.3955064e-2 2.3955064e-2
-2.2307762e0 -1.3077077e0 2.7933505e-2 2.7933505e-2
-2.0769315e0 -1.3077077e0 3.2588203e-2 3.2588203e-2
-1.9230867e0 -1.3077077e0 3.7999658e-2 3.7999658e-2
-1.769242e0 -1.3077077e0 4.4318611e-2 4.4318611e-2
-1.6153972e0 -1.3077077e0 5.1706355e-2 5.1706355e-2
-1.4615524e0 -1.3077077e0 6.0287683e-2 6.0287683e-2
-1.3077077e0 -1.3077077e0 7.0330426e-2 7.0330426e-2
-1.1538629e0 -1.3077077e0 8.2037422e-2 8.2037422e-2
-1.0000182e0 -1.3077077e0 9.5660913e-2 9.5660913e-2
-8.461734e-1 -1.3077077e0 1.11583163e-1 1.11583163e-1
-6.923285e-1 -1.3077077e0 1.30155214e-1 1.30155214e-1
-5.3848361e-1 -1.3077077e0 1.51795717e-1 1.51795717e-1
-3.8463872e-1 -1.3077077e0 1.77050815e-1 1.77050815e-1
-2.3079382e-1 -1.3077077e0 2.06492557e-1 2.06492557e-1
-7.694893e-2 -1.3077077e0 2.40828223e-1 2.40828223e-1
7.689597e-2 -1.3077077e0 2.8081706e-1 2.8081706e-1
2.3074086e-1 -1.3077077e0 3.2752037e-1 3.2752037e-1
3.8458575e-1 -1.3077077e0 3.8198846e-1 3.8198846e-1
5.3843065e-1 -1.3077077e0 4.4551883e-1 4.4551883e-1
6.9227554e-1 -1.3077077e0 5.196042e-1 5.196042e-1
8.4612044e-1 -1.3077077e0 6.0601265e-1 6.0601265e-1
9.9996533e-1 -1.3077077e0 7.0680156e-1 7.0680156e-1
1.15381023e0 -1.3077077e0 8.2435799e-1 8.2435799e-1
1.307655e0 -1.3077077e0 9.6144836e-1 9.6144836e-1
1.4614998e0 -1.3077077e0 1.12135495e0 1.12135495e0
1.6153445e0 -1.3077077e0 1.30783728e0 1.30783728e0
1.7691893e0 -1.3077077e0 1.52538943e0 1.52538943e0
1.923034e0 -1.3077077e0 1.7790427e0 1.7790427e0
2.0768788e0 -1.3077077e0 2.07489531e0 2.07489531e0
2.2307236e0 -1.3077077e0 2.41999982e0 2.41999982e0
2.3845683e0 -1.3077077e0 2.8225264e0 2.8225264e0
2.5384131e0 -1.3077077e0 3.2919244e0 3.2919244e0
2.6922578e0 -1.3077077e0 3.8393869e0 3.8393869e0
2.8461026e0 -1.3077077e0 4.4779402e0 4.4779402e0
2.9999474e0 -1.3077077e0 5.2225395e0 5.2225395e0

-3.0e0 -1.1538629e0 2.01603549e-2 2.01603549e-2
-2.8461552e0 -1.1538629e0 2.35129242e-2 2.35129242e-2
-2.6923105e0 -1.1538629e0 2.74235776e-2 2.74235776e-2
-2.5384657e0 -1.1538629e0 3.19843184e-2 3.19843184e-2
-2.384621e0 -1.1538629e0 3.7303358e-2 3.7303358e-2
-2.2307762e0 -1.1538629e0 4.3498676e-2 4.3498676e-2
-2.0769315e0 -1.1538629e0 5.0747075e-2 5.0747075e-2
-1.9230867e0 -1.1538629e0 5.9173914e-2 5.9173914e-2
-1.769242e0 -1.1538629e0 6.9013927e-2 6.9013927e-2
-1.6153972e0 -1.1538629e0 8.0518286e-2 8.0518286e-2
-1.4615524e0 -1.1538629e0 9.388132e-2 9.388132e-2
-1.3077077e0 -1.1538629e0 1.09520102e-1 1.09520102e-1
-1.1538629e0 -1.1538629e0 1.27750497e-1 1.27750497e-1
-1.0000182e0 -1.1538629e0 1.489653e-1 1.489653e-1
-8.461734e-1 -1.1538629e0 1.73759782e-1 1.73759782e-1
-6.923285e-1 -1.1538629e0 2.02680592e-1 2.02680592e-1
-5.3848361e-1 -1.1538629e0 2.36379666e-1 2.36379666e-1
-3.8463872e-1 -1.1538629e0 2.75707465e-1 2.75707465e-1
-2.3079382e-1 -1.1538629e0 3.215548e-1 3.215548e-1
-7.694893e-2 -1.1538629e0 3.7502306e-1 3.7502306e-1
7.689597e-2 -1.1538629e0 4.3729457e-1 4.3729457e-1
2.3074086e-1 -1.1538629e0 5.1002202e-1 5.1002202e-1
3.8458575e-1 -1.1538629e0 5.9484093e-1 5.9484093e-1
5.3843065e-1 -1.1538629e0 6.9377184e-1 6.9377184e-1
6.9227554e-1 -1.1538629e0 8.091392e-1 8.091392e-1
8.4612044e-1 -1.1538629e0 9.4369638e-1 9.4369638e-1
9.9996533e-1 -1.1538629e0 1.1006471e0 1.1006471e0
1.15381023e0 -1.1538629e0 1.28370859e0 1.28370859e0
1.307655e0 -1.1538629e0 1.49718878e0 1.49718878e0
1.4614998e0 -1.1538629e0 1.74619884e0 1.74619884e0
1.6153445e0 -1.1538629e0 2.03659329e0 2.03659329e0
1.7691893e0 -1.1538629e0 2.37537035e0 2.37537035e0
1.923034e0 -1.1538629e0 2.77036482e0 2.77036482e0
2.0768788e0 -1.1538629e0 3.23107309e0 3.23107309e0
2.2307236e0 -1.1538629e0 3.7684775e0 3.7684775e0
2.3845683e0 -1.1538629e0 4.3953009e0 4.3953009e0
2.5384131e0 -1.1538629e0 5.126258e0 5.126258e0
2.6922578e0 -1.1538629e0 5.9787787e0 5.9787787e0
2.8461026e0 -1.1538629e0 6.973148e0 6.973148e0
2.9999474e0 -1.1538629e0 8.1326547e0 8.1326547e0

-3.0e0 -1.0000182e0 2.68968974e-2 2.68968974e-2
-2.8461552e0 -1.0000182e0 3.1369721e-2 3.1369721e-2
-2.6923105e0 -1.0000182e0 3.65871114e-2 3.65871114e-2
-2.5384657e0 -1.0000182e0 4.26718147e-2 4.26718147e-2
-2.384621e0 -1.0000182e0 4.97682008e-2 4.97682008e-2
-2.2307762e0 -1.0000182e0 5.8033672e-2 5.8033672e-2
-2.0769315e0 -1.0000182e0 6.7704109e-2 6.7704109e-2
-1.9230867e0 -1.0000182e0 7.8946759e-2 7.8946759e-2
-1.769242e0 -1.0000182e0 9.2074792e-2 9.2074792e-2
-1.6153972e0 -1.0000182e0 1.07423311e-1 1.07423311e-1
-1.4615524e0 -1.0000182e0 1.25251576e-1 1.25251576e-1
-1.3077077e0 -1.0000182e0 1.46116026e-1 1.46116026e-1
-1.1538629e0 -1.0000182e0 1.70438072e-1 1.70438072e-1
-1.0000182e0 -1.0000182e0 1.98741759e-1 1.98741759e-1
-8.461734e-1 -1.0000182e0 2.31821268e-1 2.31821268e-1
-6.923285e-1 -1.0000182e0 2.7040591e-1 2.7040591e-1
-5.3848361e-1 -1.0000182e0 3.1536546e-1 3.1536546e-1
-3.8463872e-1 -1.0000182e0 3.67834564e-1 3.67834564e-1
-2.3079382e-1 -1.0000182e0 4.29001697e-1 4.29001697e-1
-7.694893e-2 -1.0000182e0 5.0033627e-1 5.0033627e-1
7.689597e-2 -1.0000182e0 5.8341568e-1 5.8341568e-1
2.3074086e-1 -1.0000182e0 6.8044485e-1 6.8044485e-1
3.8458575e-1 -1.0000182e0 7.9360585e-1 7.9360585e-1
5.3843065e-1 -1.0000182e0 9.2559431e-1 9.2559431e-1
6.9227554e-1 -1.0000182e0 1.07951147e0 1.07951147e0
8.4612044e-1 -1.0000182e0 1.25903064e0 1.25903064e0
9.9996533e-1 -1.0000182e0 1.46842613e0 1.46842613e0
1.15381023e0 -1.0000182e0 1.71265726e0 1.71265726e0
1.307655e0 -1.0000182e0 1.99747142e0 1.99747142e0
1.4614998e0 -1.0000182e0 2.32968771e0 2.32968771e0
1.6153445e0 -1.0000182e0 2.7171169e0 2.7171169e0
1.7691893e0 -1.0000182e0 3.16909561e0 3.16909561e0
1.923034e0 -1.0000182e0 3.69607672e0 3.69607672e0
2.0768788e0 -1.0000182e0 4.31072974e0 4.31072974e0
2.2307236e0 -1.0000182e0 5.02770676e0 5.02770676e0
2.3845683e0 -1.0000182e0 5.8639821e0 5.8639821e0
2.5384131e0 -1.0000182e0 6.8391869e0 6.8391869e0
2.6922578e0 -1.0000182e0 7.9765756e0 7.9765756e0
2.8461026e0 -1.0000182e0 9.3032117e0 9.3032117e0
2.9999474e0 -1.0000182e0 1.08501651e1 1.08501651e1

-3.0e0 -8.461734e-1 3.29996739e-2 3.29996739e-2
-2.8461552e0 -8.461734e-1 3.84873598e-2 3.84873598e-2
-2.6923105e0 -8.461734e-1 4.48885507e-2 4.48885507e-2
-2.5384657e0 -8.461734e-1 5.2353844e-2 5.2353844e-2
-2.384621e0 -8.461734e-1 6.10603659e-2 6.10603659e-2
-2.2307762e0 -8.461734e-1 7.1201231e-2 7.1201231e-2
-2.0769315e0 -8.461734e-1 8.3065845e-2 8.3065845e-2
-1.9230867e0 -8.461734e-1 9.6859398e-2 9.6859398e-2
-1.769242e0 -8.461734e-1 1.1296612e-1 1.1296612e-1
-1.6153972e0 -8.461734e-1 1.31797144e-1 1.31797144e-1
-1.4615524e0 -8.461734e-1 1.53670555e-1 1.53670555e-1
-1.3077077e0 -8.461734e-1 1.79269049e-1 1.79269049e-1
-1.1538629e0 -8.461734e-1 2.0910965e-1 2.0910965e-1
-1.0000182e0 -8.461734e-1 2.43835306e-1 2.43835306e-1
-8.461734e-1 -8.461734e-1 2.84420396e-1 2.84420396e-1
-6.923285e-1 -8.461734e-1 3.31759708e-1 3.31759708e-1
-5.3848361e-1 -8.461734e-1 3.86920364e-1 3.86920364e-1
-3.8463872e-1 -8.461734e-1 4.51294456e-1 4.51294456e-1
-2.3079382e-1 -8.461734e-1 5.26340115e-1 5.26340115e-1
-7.694893e-2 -8.461734e-1 6.1386016e-1 6.1386016e-1
7.689597e-2 -8.461734e-1 7.1578989e-1 7.1578989e-1
2.3074086e-1 -8.461734e-1 8.3483452e-1 8.3483452e-1
3.8458575e-1 -8.461734e-1 9.736712e-1 9.736712e-1
5.3843065e-1 -8.461734e-1 1.13560721e0 1.13560721e0
6.9227554e-1 -8.461734e-1 1.32444742e0 1.32444742e0
8.4612044e-1 -8.461734e-1 1.54469864e0 1.54469864e0
9.9996533e-1 -8.461734e-1 1.80160495e0 1.80160495e0
1.15381023e0 -8.461734e-1 2.10125095e0 2.10125095e0
1.307655e0 -8.461734e-1 2.45068808e0 2.45068808e0
1.4614998e0 -8.461734e-1 2.85828264e0 2.85828264e0
1.6153445e0 -8.461734e-1 3.33361763e0 3.33361763e0
1.7691893e0 -8.461734e-1 3.88814815e0 3.88814815e0
1.923034e0 -8.461734e-1 4.53469873e0 4.53469873e0
2.0768788e0 -8.461734e-1 5.28881355e0 5.28881355e0
2.2307236e0 -8.461734e-1 6.16846921e0 6.16846921e0
2.3845683e0 -8.461734e-1 7.1944913e0 7.1944913e0
2.5384131e0 -8.461734e-1 8.3909656e0 8.3909656e0
2.6922578e0 -8.461734e-1 9.7864223e0 9.7864223e0
2.8461026e0 -8.461734e-1 1.14140657e1 1.14140657e1
2.9999474e0 -8.461734e-1 1.33120154e1 1.33120154e1

-3.0e0 -6.923285e-1 3.83207985e-2 3.83207985e-2
-2.8461552e0 -6.923285e-1 4.46933617e-2 4.46933617e-2
-2.6923105e0 -6.923285e-1 5.21267305e-2 5.21267305e-2
-2.5384657e0 -6.923285e-1 6.07957858e-2 6.07957858e-2
-2.384621e0 -6.923285e-1 7.09062152e-2 7.09062152e-2
-2.2307762e0 -6.923285e-1 8.2682274e-2 8.2682274e-2
-2.0769315e0 -6.923285e-1 9.646003e-2 9.646003e-2
-1.9230867e0 -6.923285e-1 1.12477762e-1 1.12477762e-1
-1.769242e0 -6.923285e-1 1.31181657e-1 1.31181657e-1
-1.6153972e0 -6.923285e-1 1.53049142e-1 1.53049142e-1
-1.4615524e0 -6.923285e-1 1.78449594e-1 1.78449594e-1
-1.3077077e0 -6.923285e-1 2.08175787e-1 2.08175787e-1
-1.1538629e0 -6.923285e-1 2.4282812e-1 2.4282812e-1
-1.0000182e0 -6.923285e-1 2.8315321e-1 2.8315321e-1
-8.461734e-1 -6.923285e-1 3.30282559e-1 3.30282559e-1
-6.923285e-1 -6.923285e-1 3.85255229e-1 3.85255229e-1
-5.3848361e-1 -6.923285e-1 4.4931042e-1 4.4931042e-1
-3.8463872e-1 -6.923285e-1 5.24064691e-1 5.24064691e-1
-2.3079382e-1 -6.923285e-1 6.11211298e-1 6.11211298e-1
-7.694893e-2 -6.923285e-1 7.12843756e-1 7.12843756e-1
7.689597e-2 -6.923285e-1 8.3120944e-1 8.3120944e-1
2.3074086e-1 -6.923285e-1 9.6944974e-1 9.6944974e-1
3.8458575e-1 -6.923285e-1 1.13067354e0 1.13067354e0
5.3843065e-1 -6.923285e-1 1.31872136e0 1.31872136e0
6.9227554e-1 -6.923285e-1 1.53801164e0 1.53801164e0
8.4612044e-1 -6.923285e-1 1.79377788e0 1.79377788e0
9.9996533e-1 -6.923285e-1 2.09210977e0 2.09210977e0
1.15381023e0 -6.923285e-1 2.44007303e0 2.44007303e0
1.307655e0 -6.923285e-1 2.84585612e0 2.84585612e0
1.4614998e0 -6.923285e-1 3.31917441e0 3.31917441e0
1.6153445e0 -6.923285e-1 3.87115611e0 3.87115611e0
1.7691893e0 -6.923285e-1 4.51510345e0 4.51510345e0
1.923034e0 -6.923285e-1 5.26590889e0 5.26590889e0
2.0768788e0 -6.923285e-1 6.14162306e0 6.14162306e0
2.2307236e0 -6.923285e-1 7.16312125e0 7.16312125e0
2.3845683e0 -6.923285e-1 8.3545872e0 8.3545872e0
2.5384131e0 -6.923285e-1 9.7439902e0 9.7439902e0
2.6922578e0 -6.923285e-1 1.13644612e1 1.13644612e1
2.8461026e0 -6.923285e-1 1.32545586e1 1.32545586e1
2.9999474e0 -6.923285e-1 1.54585486e1 1.54585486e1

-3.0e0 -5.3848361e-1 4.27383131e-2 4.27383131e-2
-2.8461552e0 -5.3848361e-1 4.98454875e-2 4.98454875e-2
-2.6923105e0 -5.3848361e-1 5.81357544e-2 5.81357544e-2
-2.5384657e0 -5.3848361e-1 6.78041544e-2 6.78041544e-2
-2.384621e0 -5.3848361e-1 7.90800856e-2 7.90800856e-2
-2.2307762e0 -5.3848361e-1 9.2213655e-2 9.2213655e-2
-2.0769315e0 -5.3848361e-1 1.07579672e-1 1.07579672e-1
-1.9230867e0 -5.3848361e-1 1.25443884e-1 1.25443884e-1
-1.769242e0 -5.3848361e-1 1.46303912e-1 1.46303912e-1
-1.6153972e0 -5.3848361e-1 1.7069222e-1 1.7069222e-1
-1.4615524e0 -5.3848361e-1 1.99020764e-1 1.99020764e-1
-1.3077077e0 -5.3848361e-1 2.3217371e-1 2.3217371e-1
-1.1538629e0 -5.3848361e-1 2.70820668e-1 2.70820668e-1
-1.0000182e0 -5.3848361e-1 3.15794322e-1 3.15794322e-1
-8.461734e-1 -5.3848361e-1 3.6835661e-1 3.6835661e-1
-6.923285e-1 -5.3848361e-1 4.29666376e-1 4.29666376e-1
-5.3848361e-1 -5.3848361e-1 5.0110567e-1 5.0110567e-1
-3.8463872e-1 -5.3848361e-1 5.84477405e-1 5.84477405e-1
-2.3079382e-1 -5.3848361e-1 6.81670029e-1 6.81670029e-1
-7.694893e-2 -5.3848361e-1 7.95018393e-1 7.95018393e-1
7.689597e-2 -5.3848361e-1 9.2702895e-1 9.2702895e-1
2.3074086e-1 -5.3848361e-1 1.0812052e0 1.0812052e0
3.8458575e-1 -5.3848361e-1 1.26101442e0 1.26101442e0
5.3843065e-1 -5.3848361e-1 1.47073988e0 1.47073988e0
6.9227554e-1 -5.3848361e-1 1.71530934e0 1.71530934e0
8.4612044e-1 -5.3848361e-1 2.00055959e0 2.00055959e0
9.9996533e-1 -5.3848361e-1 2.33328235e0 2.33328235e0
1.15381023e0 -5.3848361e-1 2.72135782e0 2.72135782e0
1.307655e0 -5.3848361e-1 3.17391847e0 3.17391847e0
1.4614998e0 -5.3848361e-1 3.70179956e0 3.70179956e0
1.6153445e0 -5.3848361e-1 4.31741219e0 4.31741219e0
1.7691893e0 -5.3848361e-1 5.03559198e0 5.03559198e0
1.923034e0 -5.3848361e-1 5.87294817e0 5.87294817e0
2.0768788e0 -5.3848361e-1 6.84961221e0 6.84961221e0
2.2307236e0 -5.3848361e-1 7.98886586e0 7.98886586e0
2.3845683e0 -5.3848361e-1 9.3176807e0 9.3176807e0
2.5384131e0 -5.3848361e-1 1.08672502e1 1.08672502e1
2.6922578e0 -5.3848361e-1 1.26745245e1 1.26745245e1
2.8461026e0 -5.3848361e-1 1.4782507e1 1.4782507e1
2.9999474e0 -5.3848361e-1 1.72405669e1 1.72405669e1

-3.0e0 -3.8463872e-1 4.61481577e-2 4.61481577e-2
-2.8461552e0 -3.8463872e-1 5.38223726e-2 5.38223726e-2
-2.6923105e0 -3.8463872e-1 6.27740721e-2 6.27740721e-2
-2.5384657e0 -3.8463872e-1 7.32138582e-2 7.32138582e-2
-2.384621e0 -3.8463872e-1 8.53894313e-2 8.53894313e-2
-2.2307762e0 -3.8463872e-1 9.9570853e-2 9.9570853e-2
-2.0769315e0 -3.8463872e-1 1.16162837e-1 1.16162837e-1
-1.9230867e0 -3.8463872e-1 1.35452332e-1 1.35452332e-1
-1.769242e0 -3.8463872e-1 1.5797666e-1 1.5797666e-1
-1.6153972e0 -3.8463872e-1 1.84310771e-1 1.84310771e-1
-1.4615524e0 -3.8463872e-1 2.14899487e-1 2.14899487e-1
-1.3077077e0 -3.8463872e-1 2.50697517e-1 2.50697517e-1
-1.1538629e0 -3.8463872e-1 2.92427893e-1 2.92427893e-1
-1.0000182e0 -3.8463872e-1 3.40989737e-1 3.40989737e-1
-8.461734e-1 -3.8463872e-1 3.97745667e-1 3.97745667e-1
-6.923285e-1 -3.8463872e-1 4.63946986e-1 4.63946986e-1
-5.3848361e-1 -3.8463872e-1 5.41086012e-1 5.41086012e-1
-3.8463872e-1 -3.8463872e-1 6.31109499e-1 6.31109499e-1
-2.3079382e-1 -3.8463872e-1 7.36056563e-1 7.36056563e-1
-7.694893e-2 -3.8463872e-1 8.58448343e-1 8.58448343e-1
7.689597e-2 -3.8463872e-1 1.00099126e0 1.00099126e0
2.3074086e-1 -3.8463872e-1 1.16746835e0 1.16746835e0
3.8458575e-1 -3.8463872e-1 1.36162352e0 1.36162352e0
5.3843065e-1 -3.8463872e-1 1.58808176e0 1.58808176e0
6.9227554e-1 -3.8463872e-1 1.85216402e0 1.85216402e0
8.4612044e-1 -3.8463872e-1 2.16017274e0 2.16017274e0
9.9996533e-1 -3.8463872e-1 2.51944154e0 2.51944154e0
1.15381023e0 -3.8463872e-1 2.93847932e0 2.93847932e0
1.307655e0 -3.8463872e-1 3.42714719e0 3.42714719e0
1.4614998e0 -3.8463872e-1 3.99714488e0 3.99714488e0
1.6153445e0 -3.8463872e-1 4.66187369e0 4.66187369e0
1.7691893e0 -3.8463872e-1 5.43735292e0 5.43735292e0
1.923034e0 -3.8463872e-1 6.34151695e0 6.34151695e0
2.0768788e0 -3.8463872e-1 7.39610342e0 7.39610342e0
2.2307236e0 -3.8463872e-1 8.62625157e0 8.62625157e0
2.3845683e0 -3.8463872e-1 1.00610849e1 1.00610849e1
2.5384131e0 -3.8463872e-1 1.17342856e1 1.17342856e1
2.6922578e0 -3.8463872e-1 1.36857521e1 1.36857521e1
2.8461026e0 -3.8463872e-1 1.59619183e1 1.59619183e1
2.9999474e0 -3.8463872e-1 1.86160925e1 1.86160925e1

-3.0e0 -2.3079382e-1 4.84642076e-2 4.84642076e-2
-2.8461552e0 -2.3079382e-1 5.65235704e-2 5.65235704e-2
-2.6923105e0 -2.3079382e-1 6.59245314e-2 6.59245314e-2
-2.5384657e0 -2.3079382e-1 7.68882617e-2 7.68882617e-2
-2.384621e0 -2.3079382e-1 8.96748935e-2 8.96748935e-2
-2.2307762e0 -2.3079382e-1 1.04568042e-1 1.04568042e-1
-2.0769315e0 -2.3079382e-1 1.21992732e-1 1.21992732e-1
-1.9230867e0 -2.3079382e-1 1.42250314e-1 1.42250314e-1
-1.769242e0 -2.3079382e-1 1.65905078e-1 1.65905078e-1
-1.6153972e0 -2.3079382e-1 1.93560826e-1 1.93560826e-1
-1.4615524e0 -2.3079382e-1 2.25684706e-1 2.25684706e-1
-1.3077077e0 -2.3079382e-1 2.63279341e-1 2.63279341e-1
-1.1538629e0 -2.3079382e-1 3.0710405e-1 3.0710405e-1
-1.0000182e0 -2.3079382e-1 3.5810308e-1 3.5810308e-1
-8.461734e-1 -2.3079382e-1 4.17707436e-1 4.17707436e-1
-6.923285e-1 -2.3079382e-1 4.87231218e-1 4.87231218e-1
-5.3848361e-1 -2.3079382e-1 5.6824164e-1 5.6824164e-1
-3.8463872e-1 -2.3079382e-1 6.6278316e-1 6.6278316e-1
-2.3079382e-1 -2.3079382e-1 7.7299723e-1 7.7299723e-1
-7.694893e-2 -2.3079382e-1 9.0153152e-1 9.0153152e-1
7.689597e-2 -2.3079382e-1 1.05122827e0 1.05122827e0
2.3074086e-1 -2.3079382e-1 1.2260604e0 1.2260604e0
3.8458575e-1 -2.3079382e-1 1.42995967e0 1.42995967e0
5.3843065e-1 -2.3079382e-1 1.66778325e0 1.66778325e0
6.9227554e-1 -2.3079382e-1 1.94511906e0 1.94511906e0
8.4612044e-1 -2.3079382e-1 2.2685859e0 2.2685859e0
9.9996533e-1 -2.3079382e-1 2.64588544e0 2.64588544e0
1.15381023e0 -2.3079382e-1 3.08595358e0 3.08595358e0
1.307655e0 -2.3079382e-1 3.59914633e0 3.59914633e0
1.4614998e0 -2.3079382e-1 4.19775066e0 4.19775066e0
1.6153445e0 -2.3079382e-1 4.8958404e0 4.8958404e0
1.7691893e0 -2.3079382e-1 5.71023882e0 5.71023882e0
1.923034e0 -2.3079382e-1 6.65978036e0 6.65978036e0
2.0768788e0 -2.3079382e-1 7.76729364e0 7.76729364e0
2.2307236e0 -2.3079382e-1 9.05917957e0 9.05917957e0
2.3845683e0 -2.3079382e-1 1.05660233e1 1.05660233e1
2.5384131e0 -2.3079382e-1 1.23231973e1 1.23231973e1
2.6922578e0 -2.3079382e-1 1.43726025e1 1.43726025e1
2.8461026e0 -2.3079382e-1 1.67630034e1 1.67630034e1
2.9999474e0 -2.3079382e-1 1.95503835e1 1.95503835e1

-3.0e0 -7.694893e-2 4.96356711e-2 4.96356711e-2
-2.8461552e0 -7.694893e-2 5.78898427e-2 5.78898427e-2
-2.6923105e0 -7.694893e-2 6.75180411e-2 6.75180411e-2
-2.5384657e0 -7.694893e-2 7.87467838e-2 7.87467838e-2
-2.384621e0 -7.694893e-2 9.18424907e-2 9.18424907e-2
-2.2307762e0 -7.694893e-2 1.07095633e-1 1.07095633e-1
-2.0769315e0 -7.694893e-2 1.24941507e-1 1.24941507e-1
-1.9230867e0 -7.694893e-2 1.4568875e-1 1.4568875e-1
-1.769242e0 -7.694893e-2 1.6991529e-1 1.6991529e-1
-1.6153972e0 -7.694893e-2 1.98239525e-1 1.98239525e-1
-1.4615524e0 -7.694893e-2 2.31139896e-1 2.31139896e-1
-1.3077077e0 -7.694893e-2 2.69643257e-1 2.69643257e-1
-1.1538629e0 -7.694893e-2 3.14527284e-1 3.14527284e-1
-1.0000182e0 -7.694893e-2 3.6675905e-1 3.6675905e-1
-8.461734e-1 -7.694893e-2 4.27804146e-1 4.27804146e-1
-6.923285e-1 -7.694893e-2 4.99008438e-1 4.99008438e-1
-5.3848361e-1 -7.694893e-2 5.81977022e-1 5.81977022e-1
-3.8463872e-1 -7.694893e-2 6.78803773e-1 6.78803773e-1
-2.3079382e-1 -7.694893e-2 7.91681909e-1 7.91681909e-1
-7.694893e-2 -7.694893e-2 9.23323094e-1 9.23323094e-1
7.689597e-2 -7.694893e-2 1.07663828e0 1.07663828e0
2.3074086e-1 -7.694893e-2 1.2556964e0 1.2556964e0
3.8458575e-1 -7.694893e-2 1.46452428e0 1.46452428e0
5.3843065e-1 -7.694893e-2 1.70809645e0 1.70809645e0
6.9227554e-1 -7.694893e-2 1.99213596e0 1.99213596e0
8.4612044e-1 -7.694893e-2 2.32342155e0 2.32342155e0
9.9996533e-1 -7.694893e-2 2.70984105e0 2.70984105e0
1.15381023e0 -7.694893e-2 3.1605464e0 3.1605464e0
1.307655e0 -7.694893e-2 3.68614392e0 3.68614392e0
1.4614998e0 -7.694893e-2 4.29921754e0 4.29921754e0
1.6153445e0 -7.694893e-2 5.01418132e0 5.01418132e0
1.7691893e0 -7.694893e-2 5.84826515e0 5.84826515e0
1.923034e0 -7.694893e-2 6.82075876e0 6.82075876e0
2.0768788e0 -7.694893e-2 7.95504254e0 7.95504254e0
2.2307236e0 -7.694893e-2 9.27815558e0 9.27815558e0
2.3845683e0 -7.694893e-2 1.08214223e1 1.08214223e1
2.5384131e0 -7.694893e-2 1.26210704e1 1.26210704e1
2.6922578e0 -7.694893e-2 1.47200131e1 1.47200131e1
2.8461026e0 -7.694893e-2 1.71681941e1 1.71681941e1
2.9999474e0 -7.694893e-2 2.002295e1 2.002295e1

-3.0e0 7.689597e-2 4.96356711e-2 4.96356711e-2
-2.8461552e0 7.689597e-2 5.78898427e-2 5.78898427e-2
-2.6923105e0 7.689597e-2 6.75180411e-2 6.75180411e-2
-2.5384657e0 7.689597e-2 7.87467838e-2 7.87467838e-2
-2.384621e0 7.689597e-2 9.18424907e-2 9.18424907e-2
-2.2307762e0 7.689597e-2 1.07095633e-1 1.07095633e-1
-2.0769315e0 7.689597e-2 1.24941507e-1 1.24941507e-1
-1.9230867e0 7.689597e-2 1.4568875e-1 1.4568875e-1
-1.769242e0 7.689597e-2 1.6991529e-1 1.6991529e-1
-1.6153972e0 7.689597e-2 1.98239525e-1 1.98239525e-1
-1.4615524e0 7.689597e-2 2.31139896e-1 2.31139896e-1
-1.3077077e0 7.689597e-2 2.69643257e-1 2.69643257e-1
-1.1538629e0 7.689597e-2 3.14527284e-1 3.14527284e-1
-1.0000182e0 7.689597e-2 3.6675905e-1 3.6675905e-1
-8.461734e-1 7.689597e-2 4.27804146e-1 4.27804146e-1
-6.923285e-1 7.689597e-2 4.99008438e-1 4.99008438e-1
-5.3848361e-1 7.689597e-2 5.81977022e-1 5.81977022e-1
-3.8463872e-1 7.689597e-2 6.78803773e-1 6.78803773e-1
-2.3079382e-1 7.689597e-2 7.91681909e-1 7.91681909e-1
-7.694893e-2 7.689597e-2 9.23323094e-1 9.23323094e-1
7.689597e-2 7.689597e-2 1.07663828e0 1.07663828e0
2.3074086e-1 7.689597e-2 1.2556964e0 1.2556964e0
3.8458575e-1 7.689597e-2 1.46452428e0 1.46452428e0
5.3843065e-1 7.689597e-2 1.70809645e0 1.70809645e0
6.9227554e-1 7.689597e-2 1.99213596e0 1.99213596e0
8.4612044e-1 7.689597e-2 2.32342155e0 2.32342155e0
9.9996533e-1 7.689597e-2 2.70984105e0 2.70984105e0
1.15381023e0 7.689597e-2 3.1605464e0 3.1605464e0
1.307655e0 7.689597e-2 3.68614392e0 3.68614392e0
1.4614998e0 7.689597e-2 4.29921754e0 4.29921754e0
1.6153445e0 7.689597e-2 5.01418132e0 5.01418132e0
1.7691893e0 7.689597e-2 5.84826515e0 5.84826515e0
1.923034e0 7.689597e-2 6.82075876e0 6.82075876e0
2.0768788e0 7.689597e-2 7.95504254e0 7.95504254e0
2.2307236e0 7.689597e-2 9.27815558e0 9.27815558e0
2.3845683e0 7.689597e-2 1.08214223e1 1.08214223e1
2.5384131e0 7.689597e-2 1.26210704e1 1.26210704e1
2.6922578e0 7.689597e-2 1.47200131e1 1.47200131e1
2.8461026e0 7.689597e-2 1.71681941e1 1.71681941e1
2.9999474e0 7.689597e-2 2.002295e1 2.002295e1

-3.0e0 2.3074086e-1 4.84642076e-2 4.84642076e-2
-2.8461552e0 2.3074086e-1 5.65235704e-2 5.65235704e-2
-2.6923105e0 2.3074086e-1 6.59245314e-2 6.59245314e-2
-2.5384657e0 2.3074086e-1 7.68882617e-2 7.68882617e-2
-2.384621e0 2.3074086e-1 8.96748935e-2 8.96748935e-2
-2.2307762e0 2.3074086e-1 1.04568042e-1 1.04568042e-1
-2.0769315e0 2.3074086e-1 1.21992732e-1 1.21992732e-1
-1.9230867e0 2.3074086e-1 1.42250314e-1 1.42250314e-1
-1.769242e0 2.3074086e-1 1.65905078e-1 1.65905078e-1
-1.6153972e0 2.3074086e-1 1.93560826e-1 1.93560826e-1
-1.4615524e0 2.3074086e-1 2.25684706e-1 2.25684706e-1
-1.3077077e0 2.3074086e-1 2.63279341e-1 2.63279341e-1
-1.1538629e0 2.3074086e-1 3.0710405e-1 3.0710405e-1
-1.0000182e0 2.3074086e-1 3.5810308e-1 3.5810308e-1
-8.461734e-1 2.3074086e-1 4.17707436e-1 4.17707436e-1
-6.923285e-1 2.3074086e-1 4.87231218e-1 4.87231218e-1
-5.3848361e-1 2.3074086e-1 5.6824164e-1 5.6824164e-1
-3.8463872e-1 2.3074086e-1 6.6278316e-1 6.6278316e-1
-2.3079382e-1 2.3074086e-1 7.7299723e-1 7.7299723e-1
-7.694893e-2 2.3074086e-1 9.0153152e-1 9.0153152e-1
7.689597e-2 2.3074086e-1 1.05122827e0 1.05122827e0
2.3074086e-1 2.3074086e-1 1.2260604e0 1.2260604e0
3.8458575e-1 2.3074086e-1 1.42995967e0 1.42995967e0
5.3843065e-1 2.3074086e-1 1.66778325e0 1.66778325e0
6.9227554e-1 2.3074086e-1 1.94511906e0 1.94511906e0
8.4612044e-1 2.3074086e-1 2.2685859e0 2.2685859e0
9.9996533e-1 2.3074086e-1 2.64588544e0 2.64588544e0
1.15381023e0 2.3074086e-1 3.08595358e0 3.08595358e0
1.307655e0 2.3074086e-1 3.59914633e0 3.59914633e0
1.4614998e0 2.3074086e-1 4.19775066e0 4.19775066e0
1.6153445e0 2.3074086e-1 4.8958404e0 4.8958404e0
1.7691893e0 2.3074086e-1 5.71023882e0 5.71023882e0
1.923034e0 2.3074086e-1 6.65978036e0 6.65978036e0
2.0768788e0 2.3074086e-1 7.76729364e0 7.76729364e0
2.2307236e0 2.3074086e-1 9.05917957e0 9.05917957e0
2.3845683e0 2.3074086e-1 1.05660233e1 1.05660233e1
2.5384131e0 2.3074086e-1 1.23231973e1 1.23231973e1
2.6922578e0 2.3074086e-1 1.43726025e1 1.43726025e1
2.8461026e0 2.3074086e-1 1.67630034e1 1.67630034e1
2.9999474e0 2.3074086e-1 1.95503835e1 1.95503835e1

-3.0e0 3.8458575e-1 4.61481577e-2 4.61481577e-2
-2.8461552e0 3.8458575e-1 5.38223726e-2 5.38223726e-2
-2.6923105e0 3.8458575e-1 6.27740721e-2 6.27740721e-2
-2.5384657e0 3.8458575e-1 7.32138582e-2 7.32138582e-2
-2.384621e0 3.8458575e-1 8.53894313e-2 8.53894313e-2
-2.2307762e0 3.8458575e-1 9.9570853e-2 9.9570853e-2
-2.0769315e0 3.8458575e-1 1.16162837e-1 1.16162837e-1
-1.9230867e0 3.8458575e-1 1.35452332e-1 1.35452332e-1
-1.769242e0 3.8458575e-1 1.5797666e-1 1.5797666e-1
-1.6153972e0 3.8458575e-1 1.84310771e-1 1.84310771e-1
-1.4615524e0 3.8458575e-1 2.14899487e-1 2.14899487e-1
-1.3077077e0 3.8458575e-1 2.50697517e-1 2.50697517e-1
-1.1538629e0 3.8458575e-1 2.92427893e-1 2.92427893e-1
-1.0000182e0 3.8458575e-1 3.40989737e-1 3.40989737e-1
-8.461734e-1 3.8458575e-1 3.97745667e-1 3.97745667e-1
-6.923285e-1 3.8458575e-1 4.63946986e-1 4.63946986e-1
-5.3848361e-1 3.8458575e-1 5.41086012e-1 5.41086012e-1
-3.8463872e-1 3.8458575e-1 6.31109499e-1 6.31109499e-1
-2.3079382e-1 3.8458575e-1 7.36056563e-1 7.36056563e-1
-7.694893e-2 3.8458575e-1 8.58448343e-1 8.58448343e-1
7.689597e-2 3.8458575e-1 1.00099126e0 1.00099126e0
2.3074086e-1 3.8458575e-1 1.16746835e0 1.16746835e0
3.8458575e-1 3.8458575e-1 1.36162352e0 1.36162352e0
5.3843065e-1 3.8458575e-1 1.58808176e0 1.58808176e0
6.9227554e-1 3.8458575e-1 1.85216402e0 1.85216402e0
8.4612044e-1 3.8458575e-1 2.16017274e0 2.16017274e0
9.9996533e-1 3.8458575e-1 2.51944154e0 2.51944154e0
1.15381023e0 3.8458575e-1 2.93847932e0 2.93847932e0
1.307655e0 3.8458575e-1 3.42714719e0 3.42714719e0
1.4614998e0 3.8458575e-1 3.99714488e0 3.99714488e0
1.6153445e0 3.8458575e-1 4.66187369e0 4.66187369e0
1.7691893e0 3.8458575e-1 5.43735292e0 5.43735292e0
1.923034e0 3.8458575e-1 6.34151695e0 6.34151695e0
2.0768788e0 3.8458575e-1 7.39610342e0 7.39610342e0
2.2307236e0 3.8458575e-1 8.62625157e0 8.62625157e0
2.3845683e0 3.8458575e-1 1.00610849e1 1.00610849e1
2.5384131e0 3.8458575e-1 1.17342856e1 1.17342856e1
2.6922578e0 3.8458575e-1 1.36857521e1 1.36857521e1
2.8461026e0 3.8458575e-1 1.59619183e1 1.59619183e1
2.9999474e0 3.8458575e-1 1.86160925e1 1.86160925e1

-3.0e0 5.3843065e-1 4.27398097e-2 4.27398097e-2
-2.8461552e0 5.3843065e-1 4.9847233e-2 4.9847233e-2
-2.6923105e0 5.3843065e-1 5.813779e-2 5.813779e-2
-2.5384657e0 5.3843065e-1 6.78065286e-2 6.78065286e-2
-2.384621e0 5.3843065e-1 7.90828548e-2 7.90828548e-2
-2.2307762e0 5.3843065e-1 9.2216884e-2 9.2216884e-2
-2.0769315e0 5.3843065e-1 1.0758344e-1 1.0758344e-1
-1.9230867e0 5.3843065e-1 1.25448277e-1 1.25448277e-1
-1.769242e0 5.3843065e-1 1.46309035e-1 1.46309035e-1
-1.6153972e0 5.3843065e-1 1.70698198e-1 1.70698198e-1
-1.4615524e0 5.3843065e-1 1.99027733e-1 1.99027733e-1
-1.3077077e0 5.3843065e-1 2.3218184e-1 2.3218184e-1
-1.1538629e0 5.3843065e-1 2.70830151e-1 2.70830151e-1
-1.0000182e0 5.3843065e-1 3.1580538e-1 3.1580538e-1
-8.461734e-1 5.3843065e-1 3.68369508e-1 3.68369508e-1
-6.923285e-1 5.3843065e-1 4.29681421e-1 4.29681421e-1
-5.3848361e-1 5.3843065e-1 5.01123216e-1 5.01123216e-1
-3.8463872e-1 5.3843065e-1 5.84497871e-1 5.84497871e-1
-2.3079382e-1 5.3843065e-1 6.81693898e-1 6.81693898e-1
-7.694893e-2 5.3843065e-1 7.95046233e-1 7.95046233e-1
7.689597e-2 5.3843065e-1 9.270614e-1 9.270614e-1
2.3074086e-1 5.3843065e-1 1.08124306e0 1.08124306e0
3.8458575e-1 5.3843065e-1 1.26105858e0 1.26105858e0
5.3843065e-1 5.3843065e-1 1.47079138e0 1.47079138e0
6.9227554e-1 5.3843065e-1 1.7153694e0 1.7153694e0
8.4612044e-1 5.3843065e-1 2.00062964e0 2.00062964e0
9.9996533e-1 5.3843065e-1 2.33336406e0 2.33336406e0
1.15381023e0 5.3843065e-1 2.72145313e0 2.72145313e0
1.307655e0 5.3843065e-1 3.1740296e0 3.1740296e0
1.4614998e0 5.3843065e-1 3.70192918e0 3.70192918e0
1.6153445e0 5.3843065e-1 4.31756337e0 4.31756337e0
1.7691893e0 5.3843065e-1 5.03576831e0 5.03576831e0
1.923034e0 5.3843065e-1 5.87315381e0 5.87315381e0
2.0768788e0 5.3843065e-1 6.84985207e0 6.84985207e0
2.2307236e0 5.3843065e-1 7.98914561e0 7.98914561e0
2.3845683e0 5.3843065e-1 9.3180069e0 9.3180069e0
2.5384131e0 5.3843065e-1 1.08676308e1 1.08676308e1
2.6922578e0 5.3843065e-1 1.26749684e1 1.26749684e1
2.8461026e0 5.3843065e-1 1.47830247e1 1.47830247e1
2.9999474e0 5.3843065e-1 1.72411705e1 1.72411705e1

-3.0e0 6.9227554e-1 3.8322295e-2 3.8322295e-2
-2.8461552e0 6.9227554e-1 4.4695107e-2 4.4695107e-2
-2.6923105e0 6.9227554e-1 5.21287662e-2 5.21287662e-2
-2.5384657e0 6.9227554e-1 6.07981602e-2 6.07981602e-2
-2.384621e0 6.9227554e-1 7.09089844e-2 7.09089844e-2
-2.2307762e0 6.9227554e-1 8.2685503e-2 8.2685503e-2
-2.0769315e0 6.9227554e-1 9.6463797e-2 9.6463797e-2
-1.9230867e0 6.9227554e-1 1.12482155e-1 1.12482155e-1
-1.769242e0 6.9227554e-1 1.3118678e-1 1.3118678e-1
-1.6153972e0 6.9227554e-1 1.5305512e-1 1.5305512e-1
-1.4615524e0 6.9227554e-1 1.78456563e-1 1.78456563e-1
-1.3077077e0 6.9227554e-1 2.08183917e-1 2.08183917e-1
-1.1538629e0 6.9227554e-1 2.42837604e-1 2.42837604e-1
-1.0000182e0 6.9227554e-1 2.83164268e-1 2.83164268e-1
-8.461734e-1 6.9227554e-1 3.30295457e-1 3.30295457e-1
-6.923285e-1 6.9227554e-1 3.85270274e-1 3.85270274e-1
-5.3848361e-1 6.9227554e-1 4.49327966e-1 4.49327966e-1
-3.8463872e-1 6.9227554e-1 5.24085158e-1 5.24085158e-1
-2.3079382e-1 6.9227554e-1 6.11235167e-1 6.11235167e-1
-7.694893e-2 6.9227554e-1 7.12871596e-1 7.12871596e-1
7.689597e-2 6.9227554e-1 8.312419e-1 8.312419e-1
2.3074086e-1 6.9227554e-1 9.6948761e-1 9.6948761e-1
3.8458575e-1 6.9227554e-1 1.13071768e0 1.13071768e0
5.3843065e-1 6.9227554e-1 1.31877286e0 1.31877286e0
6.9227554e-1 6.9227554e-1 1.53807172e0 1.53807172e0
8.4612044e-1 6.9227554e-1 1.79384793e0 1.79384793e0
9.9996533e-1 6.9227554e-1 2.09219148e0 2.09219148e0
1.15381023e0 6.9227554e-1 2.44016832e0 2.44016832e0
1.307655e0 6.9227554e-1 2.84596725e0 2.84596725e0
1.4614998e0 6.9227554e-1 3.31930403e0 3.31930403e0
1.6153445e0 6.9227554e-1 3.8713073e0 3.8713073e0
1.7691893e0 6.9227554e-1 4.51527979e0 4.51527979e0
1.923034e0 6.9227554e-1 5.26611455e0 5.26611455e0
2.0768788e0 6.9227554e-1 6.14186292e0 6.14186292e0
2.2307236e0 6.9227554e-1 7.163401e0 7.163401e0
2.3845683e0 6.9227554e-1 8.3549135e0 8.3549135e0
2.5384131e0 6.9227554e-1 9.7443707e0 9.7443707e0
2.6922578e0 6.9227554e-1 1.13649051e1 1.13649051e1
2.8461026e0 6.9227554e-1 1.32550761e1 1.32550761e1
2.9999474e0 6.9227554e-1 1.54591522e1 1.54591522e1

-3.0e0 8.4612044e-1 3.30011629e-2 3.30011629e-2
-2.8461552e0 8.4612044e-1 3.84890964e-2 3.84890964e-2
-2.6923105e0 8.4612044e-1 4.48905762e-2 4.48905762e-2
-2.5384657e0 8.4612044e-1 5.23562062e-2 5.23562062e-2
-2.384621e0 8.4612044e-1 6.1063121e-2 6.1063121e-2
-2.2307762e0 8.4612044e-1 7.1204445e-2 7.1204445e-2
-2.0769315e0 8.4612044e-1 8.3069594e-2 8.3069594e-2
-1.9230867e0 8.4612044e-1 9.6863768e-2 9.6863768e-2
-1.769242e0 8.4612044e-1 1.12971216e-1 1.12971216e-1
-1.6153972e0 8.4612044e-1 1.3180309e-1 1.3180309e-1
-1.4615524e0 8.4612044e-1 1.53677489e-1 1.53677489e-1
-1.3077077e0 8.4612044e-1 1.79277138e-1 1.79277138e-1
-1.1538629e0 8.4612044e-1 2.09119086e-1 2.09119086e-1
-1.0000182e0 8.4612044e-1 2.43846307e-1 2.43846307e-1
-8.461734e-1 8.4612044e-1 2.8443323e-1 2.8443323e-1
-6.923285e-1 8.4612044e-1 3.31774677e-1 3.31774677e-1
-5.3848361e-1 8.4612044e-1 3.86937822e-1 3.86937822e-1
-3.8463872e-1 8.4612044e-1 4.51314818e-1 4.51314818e-1
-2.3079382e-1 8.4612044e-1 5.26363864e-1 5.26363864e-1
-7.694893e-2 8.4612044e-1 6.13887857e-1 6.13887857e-1
7.689597e-2 8.4612044e-1 7.1582219e-1 7.1582219e-1
2.3074086e-1 8.4612044e-1 8.348722e-1 8.348722e-1
3.8458575e-1 8.4612044e-1 9.7371513e-1 9.7371513e-1
5.3843065e-1 8.4612044e-1 1.13565845e0 1.13565845e0
6.9227554e-1 8.4612044e-1 1.32450719e0 1.32450719e0
8.4612044e-1 8.4612044e-1 1.54476834e0 1.54476834e0
9.9996533e-1 8.4612044e-1 1.80168625e0 1.80168625e0
1.15381023e0 8.4612044e-1 2.10134575e0 2.10134575e0
1.307655e0 8.4612044e-1 2.45079865e0 2.45079865e0
1.4614998e0 8.4612044e-1 2.8584116e0 2.8584116e0
1.6153445e0 8.4612044e-1 3.33376804e0 3.33376804e0
1.7691893e0 8.4612044e-1 3.88832358e0 3.88832358e0
1.923034e0 8.4612044e-1 4.53490334e0 4.53490334e0
2.0768788e0 8.4612044e-1 5.28905219e0 5.28905219e0
2.2307236e0 8.4612044e-1 6.16874753e0 6.16874753e0
2.3845683e0 8.4612044e-1 7.194816e0 7.194816e0
2.5384131e0 8.4612044e-1 8.3913441e0 8.3913441e0
2.6922578e0 8.4612044e-1 9.7868637e0 9.7868637e0
2.8461026e0 8.4612044e-1 1.14145807e1 1.14145807e1
2.9999474e0 8.4612044e-1 1.3312616e1 1.3312616e1

-3.0e0 9.9996533e-1 2.68998906e-2 2.68998906e-2
-2.8461552e0 9.9996533e-1 3.1373212e-2 3.1373212e-2
-2.6923105e0 9.9996533e-1 3.65911829e-2 3.65911829e-2
-2.5384657e0 9.9996533e-1 4.26765634e-2 4.26765634e-2
-2.384621e0 9.9996533e-1 4.97737392e-2 4.97737392e-2
-2.2307762e0 9.9996533e-1 5.8040129e-2 5.8040129e-2
-2.0769315e0 9.9996533e-1 6.7711644e-2 6.7711644e-2
-1.9230867e0 9.9996533e-1 7.8955544e-2 7.8955544e-2
-1.769242e0 9.9996533e-1 9.2085039e-2 9.2085039e-2
-1.6153972e0 9.9996533e-1 1.07435266e-1 1.07435266e-1
-1.4615524e0 9.9996533e-1 1.25265514e-1 1.25265514e-1
-1.3077077e0 9.9996533e-1 1.46132286e-1 1.46132286e-1
-1.1538629e0 9.9996533e-1 1.70457039e-1 1.70457039e-1
-1.0000182e0 9.9996533e-1 1.98763875e-1 1.98763875e-1
-8.461734e-1 9.9996533e-1 2.31847066e-1 2.31847066e-1
-6.923285e-1 9.9996533e-1 2.70436e-1 2.70436e-1
-5.3848361e-1 9.9996533e-1 3.15400554e-1 3.15400554e-1
-3.8463872e-1 9.9996533e-1 3.67875497e-1 3.67875497e-1
-2.3079382e-1 9.9996533e-1 4.29049437e-1 4.29049437e-1
-7.694893e-2 9.9996533e-1 5.00391948e-1 5.00391948e-1
7.689597e-2 9.9996533e-1 5.834806e-1 5.834806e-1
2.3074086e-1 9.9996533e-1 6.8052058e-1 6.8052058e-1
3.8458575e-1 9.9996533e-1 7.9369417e-1 7.9369417e-1
5.3843065e-1 9.9996533e-1 9.2569731e-1 9.2569731e-1
6.9227554e-1 9.9996533e-1 1.07963159e0 1.07963159e0
8.4612044e-1 9.9996533e-1 1.25917075e0 1.25917075e0
9.9996533e-1 9.9996533e-1 1.46858954e0 1.46858954e0
1.15381023e0 9.9996533e-1 1.71284784e0 1.71284784e0
1.307655e0 9.9996533e-1 1.99769371e0 1.99769371e0
1.4614998e0 9.9996533e-1 2.32994696e0 2.32994696e0
1.6153445e0 9.9996533e-1 2.71741925e0 2.71741925e0
1.7691893e0 9.9996533e-1 3.16944827e0 3.16944827e0
1.923034e0 9.9996533e-1 3.69648802e0 3.69648802e0
2.0768788e0 9.9996533e-1 4.31120944e0 4.31120944e0
2.2307236e0 9.9996533e-1 5.02826625e0 5.02826625e0
2.3845683e0 9.9996533e-1 5.8646346e0 5.8646346e0
2.5384131e0 9.9996533e-1 6.839948e0 6.839948e0
2.6922578e0 9.9996533e-1 7.9774632e0 7.9774632e0
2.8461026e0 9.9996533e-1 9.304247e0 9.304247e0
2.9999474e0 9.9996533e-1 1.08513725e1 1.08513725e1

-3.0e0 1.15381023e0 2.01623453e-2 2.01623453e-2
-2.8461552e0 1.15381023e0 2.35152455e-2 2.35152455e-2
-2.6923105e0 1.15381023e0 2.7426285e-2 2.7426285e-2
-2.5384657e0 1.15381023e0 3.1987476e-2 3.1987476e-2
-2.384621e0 1.15381023e0 3.73070409e-2 3.73070409e-2
-2.2307762e0 1.15381023e0 4.350297e-2 4.350297e-2
-2.0769315e0 1.15381023e0 5.0752084e-2 5.0752084e-2
-1.9230867e0 1.15381023e0 5.9179755e-2 5.9179755e-2
-1.769242e0 1.15381023e0 6.902074e-2 6.902074e-2
-1.6153972e0 1.15381023e0 8.0526236e-2 8.0526236e-2
-1.4615524e0 1.15381023e0 9.3890588e-2 9.3890588e-2
-1.3077077e0 1.15381023e0 1.09530914e-1 1.09530914e-1
-1.1538629e0 1.15381023e0 1.2776311e-1 1.2776311e-1
-1.0000182e0 1.15381023e0 1.48980006e-1 1.48980006e-1
-8.461734e-1 1.15381023e0 1.73776936e-1 1.73776936e-1
-6.923285e-1 1.15381023e0 2.02700603e-1 2.02700603e-1
-5.3848361e-1 1.15381023e0 2.36403003e-1 2.36403003e-1
-3.8463872e-1 1.15381023e0 2.75734683e-1 2.75734683e-1
-2.3079382e-1 1.15381023e0 3.21586546e-1 3.21586546e-1
-7.694893e-2 1.15381023e0 3.75060085e-1 3.75060085e-1
7.689597e-2 1.15381023e0 4.3733774e-1 4.3733774e-1
2.3074086e-1 1.15381023e0 5.1007237e-1 5.1007237e-1
3.8458575e-1 1.15381023e0 5.9489966e-1 5.9489966e-1
5.3843065e-1 1.15381023e0 6.9384033e-1 6.9384033e-1
6.9227554e-1 1.15381023e0 8.0921909e-1 8.0921909e-1
8.4612044e-1 1.15381023e0 9.4378955e-1 9.4378955e-1
9.9996533e-1 1.15381023e0 1.10075575e0 1.10075575e0
1.15381023e0 1.15381023e0 1.28383533e0 1.28383533e0
1.307655e0 1.15381023e0 1.4973366e0 1.4973366e0
1.4614998e0 1.15381023e0 1.74637123e0 1.74637123e0
1.6153445e0 1.15381023e0 2.03679436e0 2.03679436e0
1.7691893e0 1.15381023e0 2.37560486e0 2.37560486e0
1.923034e0 1.15381023e0 2.77063834e0 2.77063834e0
2.0768788e0 1.15381023e0 3.23139207e0 3.23139207e0
2.2307236e0 1.15381023e0 3.76884955e0 3.76884955e0
2.3845683e0 1.15381023e0 4.3957349e0 4.3957349e0
2.5384131e0 1.15381023e0 5.126764e0 5.126764e0
2.6922578e0 1.15381023e0 5.9793689e0 5.9793689e0
2.8461026e0 1.15381023e0 6.9738365e0 6.9738365e0
2.9999474e0 1.15381023e0 8.1334576e0 8.1334576e0

-3.0e0 1.307655e0 1.29493425e-2 1.29493425e-2
-2.8461552e0 1.307655e0 1.51027554e-2 1.51027554e-2
-2.6923105e0 1.307655e0 1.76146353e-2 1.76146353e-2
-2.5384657e0 1.307655e0 2.05440776e-2 2.05440776e-2
-2.384621e0 1.307655e0 2.39605882e-2 2.39605882e-2
-2.2307762e0 1.307655e0 2.7939948e-2 2.7939948e-2
-2.0769315e0 1.307655e0 3.2595718e-2 3.2595718e-2
-1.9230867e0 1.307655e0 3.8008421e-2 3.8008421e-2
-1.769242e0 1.307655e0 4.4328831e-2 4.4328831e-2
-1.6153972e0 1.307655e0 5.171828e-2 5.171828e-2
-1.4615524e0 1.307655e0 6.0301585e-2 6.0301585e-2
-1.3077077e0 1.307655e0 7.0346645e-2 7.0346645e-2
-1.1538629e0 1.307655e0 8.205634e-2 8.205634e-2
-1.0000182e0 1.307655e0 9.5682973e-2 9.5682973e-2
-8.461734e-1 1.307655e0 1.11608896e-1 1.11608896e-1
-6.923285e-1 1.307655e0 1.3018523e-1 1.3018523e-1
-5.3848361e-1 1.307655e0 1.51830722e-1 1.51830722e-1
-3.8463872e-1 1.307655e0 1.77091644e-1 1.77091644e-1
-2.3079382e-1 1.307655e0 2.06540176e-1 2.06540176e-1
-7.694893e-2 1.307655e0 2.40883759e-1 2.40883759e-1
7.689597e-2 1.307655e0 2.8088182e-1 2.8088182e-1
2.3074086e-1 1.307655e0 3.275959e-1 3.275959e-1
3.8458575e-1 1.307655e0 3.8207655e-1 3.8207655e-1
5.3843065e-1 1.307655e0 4.4562157e-1 4.4562157e-1
6.9227554e-1 1.307655e0 5.1972403e-1 5.1972403e-1
8.4612044e-1 1.307655e0 6.061524e-1 6.061524e-1
9.9996533e-1 1.307655e0 7.0696455e-1 7.0696455e-1
1.15381023e0 1.307655e0 8.245481e-1 8.245481e-1
1.307655e0 1.307655e0 9.6167009e-1 9.6167009e-1
1.4614998e0 1.307655e0 1.12161354e0 1.12161354e0
1.6153445e0 1.307655e0 1.30813889e0 1.30813889e0
1.7691893e0 1.307655e0 1.52574121e0 1.52574121e0
1.923034e0 1.307655e0 1.77945296e0 1.77945296e0
2.0768788e0 1.307655e0 2.0753738e0 2.0753738e0
2.2307236e0 1.307655e0 2.42055789e0 2.42055789e0
2.3845683e0 1.307655e0 2.8231773e0 2.8231773e0
2.5384131e0 1.307655e0 3.2926836e0 3.2926836e0
2.6922578e0 1.307655e0 3.8402722e0 3.8402722e0
2.8461026e0 1.307655e0 4.478973e0 4.478973e0
2.9999474e0 1.307655e0 5.2237439e0 5.2237439e0

-3.0e0 1.4614998e0 5.4291655e-3 5.4291655e-3
-2.8461552e0 1.4614998e0 6.3320094e-3 6.3320094e-3
-2.6923105e0 1.4614998e0 7.3851448e-3 7.3851448e-3
-2.5384657e0 1.4614998e0 8.6133482e-3 8.6133482e-3
-2.384621e0 1.4614998e0 1.00457608e-2 1.00457608e-2
-2.2307762e0 1.4614998e0 1.1714154e-2 1.1714154e-2
-2.0769315e0 1.4614998e0 1.366614e-2 1.366614e-2
-1.9230867e0 1.4614998e0 1.5935481e-2 1.5935481e-2
-1.769242e0 1.4614998e0 1.8585388e-2 1.8585388e-2
-1.6153972e0 1.4614998e0 2.1683502e-2 2.1683502e-2
-1.4615524e0 1.4614998e0 2.5282155e-2 2.5282155e-2
-1.3077077e0 1.4614998e0 2.9493665e-2 2.9493665e-2
-1.1538629e0 1.4614998e0 3.4403094e-2 3.4403094e-2
-1.0000182e0 1.4614998e0 4.0116222e-2 4.0116222e-2
-8.461734e-1 1.4614998e0 4.6793353e-2 4.6793353e-2
-6.923285e-1 1.4614998e0 5.4581702e-2 5.4581702e-2
-5.3848361e-1 1.4614998e0 6.3656831e-2 6.3656831e-2
-3.8463872e-1 1.4614998e0 7.4247772e-2 7.4247772e-2
-2.3079382e-1 1.4614998e0 8.6594418e-2 8.6594418e-2
-7.694893e-2 1.4614998e0 1.00993373e-1 1.00993373e-1
7.689597e-2 1.4614998e0 1.1776303e-1 1.1776303e-1
2.3074086e-1 1.4614998e0 1.3734846e-1 1.3734846e-1
3.8458575e-1 1.4614998e0 1.6019012e-1 1.6019012e-1
5.3843065e-1 1.4614998e0 1.8683212e-1 1.8683212e-1
6.9227554e-1 1.4614998e0 2.1790045e-1 2.1790045e-1
8.4612044e-1 1.4614998e0 2.5413658e-1 2.5413658e-1
9.9996533e-1 1.4614998e0 2.9640327e-1 2.9640327e-1
1.15381023e0 1.4614998e0 3.4570157e-1 3.4570157e-1
1.307655e0 1.4614998e0 4.0319159e-1 4.0319159e-1
1.4614998e0 1.4614998e0 4.7024977e-1 4.7024977e-1
1.6153445e0 1.4614998e0 5.4845274e-1 5.4845274e-1
1.7691893e0 1.4614998e0 6.396851e-1 6.396851e-1
1.923034e0 1.4614998e0 7.4605676e-1 7.4605676e-1
2.0768788e0 1.4614998e0 8.7012508e-1 8.7012508e-1
2.2307236e0 1.4614998e0 1.01484761e0 1.01484761e0
2.3845683e0 1.4614998e0 1.1836505e0 1.1836505e0
2.5384131e0 1.4614998e0 1.3804967e0 1.3804967e0
2.6922578e0 1.4614998e0 1.6100797e0 1.6100797e0
2.8461026e0 1.4614998e0 1.8778625e0 1.8778625e0
2.9999474e0 1.4614998e0 2.1901166e0 2.1901166e0

-3.0e0 1.6153445e0 -2.21597574e-3 -2.21597574e-3
-2.8461552e0 1.6153445e0 -2.58448177e-3 -2.58448177e-3
-2.6923105e0 1.6153445e0 -3.01433098e-3 -3.01433098e-3
-2.5384657e0 1.6153445e0 -3.5156362e-3 -3.5156362e-3
-2.384621e0 1.6153445e0 -4.10029172e-3 -4.10029172e-3
-2.2307762e0 1.6153445e0 -4.7812656e-3 -4.7812656e-3
-2.0769315e0 1.6153445e0 -5.5779913e-3 -5.5779913e-3
-1.9230867e0 1.6153445e0 -6.5042484e-3 -6.5042484e-3
-1.769242e0 1.6153445e0 -7.585838e-3 -7.585838e-3
-1.6153972e0 1.6153445e0 -8.8503685e-3 -8.8503685e-3
-1.4615524e0 1.6153445e0 -1.03191997e-2 -1.03191997e-2
-1.3077077e0 1.6153445e0 -1.20381754e-2 -1.20381754e-2
-1.1538629e0 1.6153445e0 -1.40420148e-2 -1.40420148e-2
-1.0000182e0 1.6153445e0 -1.63738927e-2 -1.63738927e-2
-8.461734e-1 1.6153445e0 -1.90992403e-2 -1.90992403e-2
-6.923285e-1 1.6153445e0 -2.22781433e-2 -2.22781433e-2
-5.3848361e-1 1.6153445e0 -2.59822609e-2 -2.59822609e-2
-3.8463872e-1 1.6153445e0 -3.03050742e-2 -3.03050742e-2
-2.3079382e-1 1.6153445e0 -3.53444984e-2 -3.53444984e-2
-7.694893e-2 1.6153445e0 -4.12215958e-2 -4.12215958e-2
7.689597e-2 1.6153445e0 -4.8066324e-2 -4.8066324e-2
2.3074086e-1 1.6153445e0 -5.6060342e-2 -5.6060342e-2
3.8458575e-1 1.6153445e0 -6.5383426e-2 -6.5383426e-2
5.3843065e-1 1.6153445e0 -7.6257663e-2 -7.6257663e-2
6.9227554e-1 1.6153445e0 -8.8938556e-2 -8.8938556e-2
8.4612044e-1 1.6153445e0 -1.03728743e-1 -1.03728743e-1
9.9996533e-1 1.6153445e0 -1.20980373e-1 -1.20980373e-1
1.15381023e0 1.6153445e0 -1.41102034e-1 -1.41102034e-1
1.307655e0 1.6153445e0 -1.64567241e-1 -1.64567241e-1
1.4614998e0 1.6153445e0 -1.91937805e-1 -1.91937805e-1
1.6153445e0 1.6153445e0 -2.23857236e-1 -2.23857236e-1
1.7691893e0 1.6153445e0 -2.6109476e-1 -2.6109476e-1
1.923034e0 1.6153445e0 -3.04511565e-1 -3.04511565e-1
2.0768788e0 1.6153445e0 -3.55151463e-1 -3.55151463e-1
2.2307236e0 1.6153445e0 -4.14221611e-1 -4.14221611e-1
2.3845683e0 1.6153445e0 -4.8312048e-1 -4.8312048e-1
2.5384131e0 1.6153445e0 -5.6346544e-1 -5.6346544e-1
2.6922578e0 1.6153445e0 -6.5717238e-1 -6.5717238e-1
2.8461026e0 1.6153445e0 -7.6647098e-1 -7.6647098e-1
2.9999474e0 1.6153445e0 -8.9392105e-1 -8.9392105e-1

-3.0e0 1.7691893e0 -9.8113324e-3 -9.8113324e-3
-2.8461552e0 1.7691893e0 -1.14429095e-2 -1.14429095e-2
-2.6923105e0 1.7691893e0 -1.33460863e-2 -1.33460863e-2
-2.5384657e0 1.7691893e0 -1.55656377e-2 -1.55656377e-2
-2.384621e0 1.7691893e0 -1.81542264e-2 -1.81542264e-2
-2.2307762e0 1.7691893e0 -2.1169269e-2 -2.1169269e-2
-2.0769315e0 1.7691893e0 -2.4696808e-2 -2.4696808e-2
-1.9230867e0 1.7691893e0 -2.8797853e-2 -2.8797853e-2
-1.769242e0 1.7691893e0 -3.358664e-2 -3.358664e-2
-1.6153972e0 1.7691893e0 -3.9185405e-2 -3.9185405e-2
-1.4615524e0 1.7691893e0 -4.568872e-2 -4.568872e-2
-1.3077077e0 1.7691893e0 -5.3299564e-2 -5.3299564e-2
-1.1538629e0 1.7691893e0 -6.2171654e-2 -6.2171654e-2
-1.0000182e0 1.7691893e0 -7.2496147e-2 -7.2496147e-2
-8.461734e-1 1.7691893e0 -8.4562747e-2 -8.4562747e-2
-6.923285e-1 1.7691893e0 -9.8637483e-2 -9.8637483e-2
-5.3848361e-1 1.7691893e0 -1.15037631e-1 -1.15037631e-1
-3.8463872e-1 1.7691893e0 -1.34177081e-1 -1.34177081e-1
-2.3079382e-1 1.7691893e0 -1.5648936e-1 -1.5648936e-1
-7.694893e-2 1.7691893e0 -1.82510474e-1 -1.82510474e-1
7.689597e-2 1.7691893e0 -2.1281581e-1 -2.1281581e-1
2.3074086e-1 1.7691893e0 -2.4820969e-1 -2.4820969e-1
3.8458575e-1 1.7691893e0 -2.8948807e-1 -2.8948807e-1
5.3843065e-1 1.7691893e0 -3.3763423e-1 -3.3763423e-1
6.9227554e-1 1.7691893e0 -3.9377946e-1 -3.9377946e-1
8.4612044e-1 1.7691893e0 -4.5926369e-1 -4.5926369e-1
9.9996533e-1 1.7691893e0 -5.3564606e-1 -5.3564606e-1
1.15381023e0 1.7691893e0 -6.2473561e-1 -6.2473561e-1
1.307655e0 1.7691893e0 -7.2862888e-1 -7.2862888e-1
1.4614998e0 1.7691893e0 -8.4981328e-1 -8.4981328e-1
1.6153445e0 1.7691893e0 -9.91138e-1 -9.91138e-1
1.7691893e0 1.7691893e0 -1.15600882e0 -1.15600882e0
1.923034e0 1.7691893e0 -1.34823868e0 -1.34823868e0
2.0768788e0 1.7691893e0 -1.57244911e0 -1.57244911e0
2.2307236e0 1.7691893e0 -1.83398485e0 -1.83398485e0
2.3845683e0 1.7691893e0 -2.1390376e0 -2.1390376e0
2.5384131e0 1.7691893e0 -2.4947687e0 -2.4947687e0
2.6922578e0 1.7691893e0 -2.9096603e0 -2.9096603e0
2.8461026e0 1.7691893e0 -3.3935847e0 -3.3935847e0
2.9999474e0 1.7691893e0 -3.9578757e0 -3.9578757e0

-3.0e0 1.923034e0 -1.71746823e-2 -1.71746823e-2
-2.8461552e0 1.923034e0 -2.00307487e-2 -2.00307487e-2
-2.6923105e0 1.923034e0 -2.3362249e-2 -2.3362249e-2
-2.5384657e0 1.923034e0 -2.72475613e-2 -2.72475613e-2
-2.384621e0 1.923034e0 -3.17788713e-2 -3.17788713e-2
-2.2307762e0 1.923034e0 -3.7056685e-2 -3.7056685e-2
-2.0769315e0 1.923034e0 -4.3231624e-2 -4.3231624e-2
-1.9230867e0 1.923034e0 -5.041048e-2 -5.041048e-2
-1.769242e0 1.923034e0 -5.8793224e-2 -5.8793224e-2
-1.6153972e0 1.923034e0 -6.8593831e-2 -6.8593831e-2
-1.4615524e0 1.923034e0 -7.997785e-2 -7.997785e-2
-1.3077077e0 1.923034e0 -9.3300587e-2 -9.3300587e-2
-1.1538629e0 1.923034e0 -1.08831131e-1 -1.08831131e-1
-1.0000182e0 1.923034e0 -1.269041e-1 -1.269041e-1
-8.461734e-1 1.923034e0 -1.48026613e-1 -1.48026613e-1
-6.923285e-1 1.923034e0 -1.7266436e-1 -1.7266436e-1
-5.3848361e-1 1.923034e0 -2.01372728e-1 -2.01372728e-1
-3.8463872e-1 1.923034e0 -2.34876228e-1 -2.34876228e-1
-2.3079382e-1 1.923034e0 -2.73933746e-1 -2.73933746e-1
-7.694893e-2 1.923034e0 -3.19483559e-1 -3.19483559e-1
7.689597e-2 1.923034e0 -3.725329e-1 -3.725329e-1
2.3074086e-1 1.923034e0 -4.3448967e-1 -4.3448967e-1
3.8458575e-1 1.923034e0 -5.0674724e-1 -5.0674724e-1
5.3843065e-1 1.923034e0 -5.9102684e-1 -5.9102684e-1
6.9227554e-1 1.923034e0 -6.8930875e-1 -6.8930875e-1
8.4612044e-1 1.923034e0 -8.0393849e-1 -8.0393849e-1
9.9996533e-1 1.923034e0 -9.376454e-1 -9.376454e-1
1.15381023e0 1.923034e0 -1.09359618e0 -1.09359618e0
1.307655e0 1.923034e0 -1.27546075e0 -1.27546075e0
1.4614998e0 1.923034e0 -1.48759337e0 -1.48759337e0
1.6153445e0 1.923034e0 -1.7349815e0 -1.7349815e0
1.7691893e0 1.923034e0 -2.02358694e0 -2.02358694e0
1.923034e0 1.923034e0 -2.36008423e0 -2.36008423e0
2.0768788e0 1.923034e0 -2.75256334e0 -2.75256334e0
2.2307236e0 1.923034e0 -3.21038019e0 -3.21038019e0
2.3845683e0 1.923034e0 -3.7443735e0 -3.7443735e0
2.5384131e0 1.923034e0 -4.3670786e0 -4.3670786e0
2.6922578e0 1.923034e0 -5.093344e0 -5.093344e0
2.8461026e0 1.923034e0 -5.9404512e0 -5.9404512e0
2.9999474e0 1.923034e0 -6.9282393e0 -6.9282393e0

-3.0e0 2.0768788e0 -2.41342729e-2 -2.41342729e-2
-2.8461552e0 2.0768788e0 -2.81476854e-2 -2.81476854e-2
-2.6923105e0 2.0768788e0 -3.2829189e-2 -3.2829189e-2
-2.5384657e0 2.0768788e0 -3.82889226e-2 -3.82889226e-2
-2.384621e0 2.0768788e0 -4.46564272e-2 -4.46564272e-2
-2.2307762e0 2.0768788e0 -5.2072937e-2 -5.2072937e-2
-2.0769315e0 2.0768788e0 -6.0750108e-2 -6.0750108e-2
-1.9230867e0 2.0768788e0 -7.0838007e-2 -7.0838007e-2
-1.769242e0 2.0768788e0 -8.2617639e-2 -8.2617639e-2
-1.6153972e0 2.0768788e0 -9.6389687e-2 -9.6389687e-2
-1.4615524e0 2.0768788e0 -1.12386781e-1 -1.12386781e-1
-1.3077077e0 2.0768788e0 -1.31108209e-1 -1.31108209e-1
-1.1538629e0 2.0768788e0 -1.52932097e-1 -1.52932097e-1
-1.0000182e0 2.0768788e0 -1.78328665e-1 -1.78328665e-1
-8.461734e-1 2.0768788e0 -2.08010524e-1 -2.08010524e-1
-6.923285e-1 2.0768788e0 -2.42632074e-1 -2.42632074e-1
-5.3848361e-1 2.0768788e0 -2.82973755e-1 -2.82973755e-1
-3.8463872e-1 2.0768788e0 -3.30053671e-1 -3.30053671e-1
-2.3079382e-1 2.0768788e0 -3.84938226e-1 -3.84938226e-1
-7.694893e-2 2.0768788e0 -4.48945909e-1 -4.48945909e-1
7.689597e-2 2.0768788e0 -5.234921e-1 -5.234921e-1
2.3074086e-1 2.0768788e0 -6.1055525e-1 -6.1055525e-1
3.8458575e-1 2.0768788e0 -7.1209329e-1 -7.1209329e-1
5.3843065e-1 2.0768788e0 -8.30525e-1 -8.30525e-1
6.9227554e-1 2.0768788e0 -9.6863307e-1 -9.6863307e-1
8.4612044e-1 2.0768788e0 -1.12971353e0 -1.12971353e0
9.9996533e-1 2.0768788e0 -1.31760167e0 -1.31760167e0
1.15381023e0 2.0768788e0 -1.53674742e0 -1.53674742e0
1.307655e0 2.0768788e0 -1.79230785e0 -1.79230785e0
1.4614998e0 2.0768788e0 -2.09040166e0 -2.09040166e0
1.6153445e0 2.0768788e0 -2.43803735e0 -2.43803735e0
1.7691893e0 2.0768788e0 -2.84359259e0 -2.84359259e0
1.923034e0 2.0768788e0 -3.3164466e0 -3.3164466e0
2.0768788e0 2.0768788e0 -3.86796759e0 -3.86796759e0
2.2307236e0 2.0768788e0 -4.51130273e0 -4.51130273e0
2.3845683e0 2.0768788e0 -5.2616827e0 -5.2616827e0
2.5384131e0 2.0768788e0 -6.1367227e0 -6.1367227e0
2.6922578e0 2.0768788e0 -7.1572884e0 -7.1572884e0
2.8461026e0 2.0768788e0 -8.3476636e0 -8.3476636e0
2.9999474e0 2.0768788e0 -9.7357268e0 -9.7357268e0

-3.0e0 2.2307236e0 -3.05198306e-2 -3.05198306e-2
-2.8461552e0 2.2307236e0 -3.55951305e-2 -3.55951305e-2
-2.6923105e0 2.2307236e0 -4.1515288e-2 -4.1515288e-2
-2.5384657e0 2.2307236e0 -4.8419583e-2 -4.8419583e-2
-2.384621e0 2.2307236e0 -5.64718314e-2 -5.64718314e-2
-2.2307762e0 2.2307236e0 -6.5850636e-2 -6.5850636e-2
-2.0769315e0 2.2307236e0 -7.6823654e-2 -7.6823654e-2
-1.9230867e0 2.2307236e0 -8.9580655e-2 -8.9580655e-2
-1.769242e0 2.2307236e0 -1.04476997e-1 -1.04476997e-1
-1.6153972e0 2.2307236e0 -1.21892917e-1 -1.21892917e-1
-1.4615524e0 2.2307236e0 -1.42122595e-1 -1.42122595e-1
-1.3077077e0 2.2307236e0 -1.65797426e-1 -1.65797426e-1
-1.1538629e0 2.2307236e0 -1.93395581e-1 -1.93395581e-1
-1.0000182e0 2.2307236e0 -2.2551169e-1 -2.2551169e-1
-8.461734e-1 2.2307236e0 -2.63046912e-1 -2.63046912e-1
-6.923285e-1 2.2307236e0 -3.06828792e-1 -3.06828792e-1
-5.3848361e-1 2.2307236e0 -3.57844263e-1 -3.57844263e-1
-3.8463872e-1 2.2307236e0 -4.17380801e-1 -4.17380801e-1
-2.3079382e-1 2.2307236e0 -4.86786966e-1 -4.86786966e-1
-7.694893e-2 2.2307236e0 -5.67730096e-1 -5.67730096e-1
7.689597e-2 2.2307236e0 -6.6200006e-1 -6.6200006e-1
2.3074086e-1 2.2307236e0 -7.7209879e-1 -7.7209879e-1
3.8458575e-1 2.2307236e0 -9.0050223e-1 -9.0050223e-1
5.3843065e-1 2.2307236e0 -1.05026915e0 -1.05026915e0
6.9227554e-1 2.2307236e0 -1.22491849e0 -1.22491849e0
8.4612044e-1 2.2307236e0 -1.42861838e0 -1.42861838e0
9.9996533e-1 2.2307236e0 -1.66621883e0 -1.66621883e0
1.15381023e0 2.2307236e0 -1.94334717e0 -1.94334717e0
1.307655e0 2.2307236e0 -2.26652496e0 -2.26652496e0
1.4614998e0 2.2307236e0 -2.6434898e0 -2.6434898e0
1.6153445e0 2.2307236e0 -3.08310455e0 -3.08310455e0
1.7691893e0 2.2307236e0 -3.59596349e0 -3.59596349e0
1.923034e0 2.2307236e0 -4.1939274e0 -4.1939274e0
2.0768788e0 2.2307236e0 -4.89137238e0 -4.89137238e0
2.2307236e0 2.2307236e0 -5.7049241e0 -5.7049241e0
2.3845683e0 2.2307236e0 -6.6538432e0 -6.6538432e0
2.5384131e0 2.2307236e0 -7.7604053e0 -7.7604053e0
2.6922578e0 2.2307236e0 -9.050997e0 -9.050997e0
2.8461026e0 2.2307236e0 -1.0556327e1 -1.0556327e1
2.9999474e0 2.2307236e0 -1.23116505e1 -1.23116505e1

-3.0e0 2.3845683e0 -3.6186478e-2 -3.6186478e-2
-2.8461552e0 2.3845683e0 -4.22041138e-2 -4.22041138e-2
-2.6923105e0 2.3845683e0 -4.92234727e-2 -4.92234727e-2
-2.5384657e0 2.3845683e0 -5.74096951e-2 -5.74096951e-2
-2.384621e0 2.3845683e0 -6.69570126e-2 -6.69570126e-2
-2.2307762e0 2.3845683e0 -7.807719e-2 -7.807719e-2
-2.0769315e0 2.3845683e0 -9.1087578e-2 -9.1087578e-2
-1.9230867e0 2.3845683e0 -1.06213185e-1 -1.06213185e-1
-1.769242e0 2.3845683e0 -1.23875345e-1 -1.23875345e-1
-1.6153972e0 2.3845683e0 -1.44524896e-1 -1.44524896e-1
-1.4615524e0 2.3845683e0 -1.6851064e-1 -1.6851064e-1
-1.3077077e0 2.3845683e0 -1.965812e-1 -1.965812e-1
-1.1538629e0 2.3845683e0 -2.29303531e-1 -2.29303531e-1
-1.0000182e0 2.3845683e0 -2.67382669e-1 -2.67382669e-1
-8.461734e-1 2.3845683e0 -3.11887094e-1 -3.11887094e-1
-6.923285e-1 2.3845683e0 -3.63798e-1 -3.63798e-1
-5.3848361e-1 2.3845683e0 -4.24285562e-1 -4.24285562e-1
-3.8463872e-1 2.3845683e0 -4.9487631e-1 -4.9487631e-1
-2.3079382e-1 2.3845683e0 -5.77169186e-1 -5.77169186e-1
-7.694893e-2 2.3845683e0 -6.7314111e-1 -6.7314111e-1
7.689597e-2 2.3845683e0 -7.8491428e-1 -7.8491428e-1
2.3074086e-1 2.3845683e0 -9.1545514e-1 -9.1545514e-1
3.8458575e-1 2.3845683e0 -1.06769937e0 -1.06769937e0
5.3843065e-1 2.3845683e0 -1.24527367e0 -1.24527367e0
6.9227554e-1 2.3845683e0 -1.45235033e0 -1.45235033e0
8.4612044e-1 2.3845683e0 -1.69387138e0 -1.69387138e0
9.9996533e-1 2.3845683e0 -1.97558734e0 -1.97558734e0
1.15381023e0 2.3845683e0 -2.30417036e0 -2.30417036e0
1.307655e0 2.3845683e0 -2.68735292e0 -2.68735292e0
1.4614998e0 2.3845683e0 -3.1343092e0 -3.1343092e0
1.6153445e0 2.3845683e0 -3.65554765e0 -3.65554765e0
1.7691893e0 2.3845683e0 -4.26362962e0 -4.26362962e0
1.923034e0 2.3845683e0 -4.97261809e0 -4.97261809e0
2.0768788e0 2.3845683e0 -5.79955835e0 -5.79955835e0
2.2307236e0 2.3845683e0 -6.76416304e0 -6.76416304e0
2.3845683e0 2.3845683e0 -7.889269e0 -7.889269e0
2.5384131e0 2.3845683e0 -9.2012875e0 -9.2012875e0
2.6922578e0 2.3845683e0 -1.07315045e1 -1.07315045e1
2.8461026e0 2.3845683e0 -1.25163307e1 -1.25163307e1
2.9999474e0 2.3845683e0 -1.4597567e1 -1.4597567e1

-3.0e0 2.5384131e0 -4.09982939e-2 -4.09982939e-2
-2.8461552e0 2.5384131e0 -4.78161116e-2 -4.78161116e-2
-2.6923105e0 2.5384131e0 -5.5768854e-2 -5.5768854e-2
-2.5384657e0 2.5384131e0 -6.50436212e-2 -6.50436212e-2
-2.384621e0 2.5384131e0 -7.58604718e-2 -7.58604718e-2
-2.2307762e0 2.5384131e0 -8.845933e-2 -8.845933e-2
-2.0769315e0 2.5384131e0 -1.03199745e-1 -1.03199745e-1
-1.9230867e0 2.5384131e0 -1.20336646e-1 -1.20336646e-1
-1.769242e0 2.5384131e0 -1.40347392e-1 -1.40347392e-1
-1.6153972e0 2.5384131e0 -1.6374277e-1 -1.6374277e-1
-1.4615524e0 2.5384131e0 -1.90917966e-1 -1.90917966e-1
-1.3077077e0 2.5384131e0 -2.22721146e-1 -2.22721146e-1
-1.1538629e0 2.5384131e0 -2.59794655e-1 -2.59794655e-1
-1.0000182e0 2.5384131e0 -3.02937283e-1 -3.02937283e-1
-8.461734e-1 2.5384131e0 -3.53359584e-1 -3.53359584e-1
-6.923285e-1 2.5384131e0 -4.12173225e-1 -4.12173225e-1
-5.3848361e-1 2.5384131e0 -4.80703987e-1 -4.80703987e-1
-3.8463872e-1 2.5384131e0 -5.60681381e-1 -5.60681381e-1
-2.3079382e-1 2.5384131e0 -6.5391697e-1 -6.5391697e-1
-7.694893e-2 2.5384131e0 -7.62650545e-1 -7.62650545e-1
7.689597e-2 2.5384131e0 -8.892865e-1 -8.892865e-1
2.3074086e-1 2.5384131e0 -1.03718573e0 -1.03718573e0
3.8458575e-1 2.5384131e0 -1.20967432e0 -1.20967432e0
5.3843065e-1 2.5384131e0 -1.41086116e0 -1.41086116e0
6.9227554e-1 2.5384131e0 -1.64547337e0 -1.64547337e0
8.4612044e-1 2.5384131e0 -1.91911014e0 -1.91911014e0
9.9996533e-1 2.5384131e0 -2.23828665e0 -2.23828665e0
1.15381023e0 2.5384131e0 -2.61056227e0 -2.61056227e0
1.307655e0 2.5384131e0 -3.04469766e0 -3.04469766e0
1.4614998e0 2.5384131e0 -3.55108696e0 -3.55108696e0
1.6153445e0 2.5384131e0 -4.14163594e0 -4.14163594e0
1.7691893e0 2.5384131e0 -4.83057625e0 -4.83057625e0
1.923034e0 2.5384131e0 -5.63384087e0 -5.63384087e0
2.0768788e0 2.5384131e0 -6.57074167e0 -6.57074167e0
2.2307236e0 2.5384131e0 -7.6636125e0 -7.6636125e0
2.3845683e0 2.5384131e0 -8.9383269e0 -8.9383269e0
2.5384131e0 2.5384131e0 -1.04248082e1 -1.04248082e1
2.6922578e0 2.5384131e0 -1.21585023e1 -1.21585023e1
2.8461026e0 2.5384131e0 -1.4180662e1 -1.4180662e1
2.9999474e0 2.5384131e0 -1.6538646e1 -1.6538646e1

-3.0e0 2.6922578e0 -4.48422772e-2 -4.48422772e-2
-2.8461552e0 2.6922578e0 -5.22993306e-2 -5.22993306e-2
-2.6923105e0 2.6922578e0 -6.0997719e-2 -6.0997719e-2
-2.5384657e0 2.6922578e0 -7.11420844e-2 -7.11420844e-2
-2.384621e0 2.6922578e0 -8.29731184e-2 -8.29731184e-2
-2.2307762e0 2.6922578e0 -9.6753241e-2 -9.6753241e-2
-2.0769315e0 2.6922578e0 -1.12875711e-1 -1.12875711e-1
-1.9230867e0 2.6922578e0 -1.3161936e-1 -1.3161936e-1
-1.769242e0 2.6922578e0 -1.53506306e-1 -1.53506306e-1
-1.6153972e0 2.6922578e0 -1.79095226e-1 -1.79095226e-1
-1.4615524e0 2.6922578e0 -2.08818356e-1 -2.08818356e-1
-1.3077077e0 2.6922578e0 -2.43603389e-1 -2.43603389e-1
-1.1538629e0 2.6922578e0 -2.84152896e-1 -2.84152896e-1
-1.0000182e0 2.6922578e0 -3.31340558e-1 -3.31340558e-1
-8.461734e-1 2.6922578e0 -3.86490434e-1 -3.86490434e-1
-6.923285e-1 2.6922578e0 -4.50818417e-1 -4.50818417e-1
-5.3848361e-1 2.6922578e0 -5.25774596e-1 -5.25774596e-1
-3.8463872e-1 2.6922578e0 -6.13250638e-1 -6.13250638e-1
-2.3079382e-1 2.6922578e0 -7.15227956e-1 -7.15227956e-1
-7.694893e-2 2.6922578e0 -8.34156346e-1 -8.34156346e-1
7.689597e-2 2.6922578e0 -9.7266563e-1 -9.7266563e-1
2.3074086e-1 2.6922578e0 -1.13443184e0 -1.13443184e0
3.8458575e-1 2.6922578e0 -1.32309288e0 -1.32309288e0
5.3843065e-1 2.6922578e0 -1.54314291e0 -1.54314291e0
6.9227554e-1 2.6922578e0 -1.79975229e0 -1.79975229e0
8.4612044e-1 2.6922578e0 -2.09904512e0 -2.09904512e0
9.9996533e-1 2.6922578e0 -2.44814749e0 -2.44814749e0
1.15381023e0 2.6922578e0 -2.85532753e0 -2.85532753e0
1.307655e0 2.6922578e0 -3.33016727e0 -3.33016727e0
1.4614998e0 2.6922578e0 -3.88403542e0 -3.88403542e0
1.6153445e0 2.6922578e0 -4.52995403e0 -4.52995403e0
1.7691893e0 2.6922578e0 -5.28348909e0 -5.28348909e0
1.923034e0 2.6922578e0 -6.16206747e0 -6.16206747e0
2.0768788e0 2.6922578e0 -7.1868117e0 -7.1868117e0
2.2307236e0 2.6922578e0 -8.38214967e0 -8.38214967e0
2.3845683e0 2.6922578e0 -9.7763808e0 -9.7763808e0
2.5384131e0 2.6922578e0 -1.14022339e1 -1.14022339e1
2.6922578e0 2.6922578e0 -1.32984785e1 -1.32984785e1
2.8461026e0 2.6922578e0 -1.5510235e1 -1.5510235e1
2.9999474e0 2.6922578e0 -1.80893025e1 -1.80893025e1

-3.0e0 2.8461026e0 -4.76268031e-2 -4.76268031e-2
-2.8461552e0 2.8461026e0 -5.55469096e-2 -5.55469096e-2
-2.6923105e0 2.8461026e0 -6.47854332e-2 -6.47854332e-2
-2.5384657e0 2.8461026e0 -7.55597232e-2 -7.55597232e-2
-2.384621e0 2.8461026e0 -8.81254172e-2 -8.81254172e-2
-2.2307762e0 2.8461026e0 -1.0276123e-1 -1.0276123e-1
-2.0769315e0 2.8461026e0 -1.19884842e-1 -1.19884842e-1
-1.9230867e0 2.8461026e0 -1.39792397e-1 -1.39792397e-1
-1.769242e0 2.8461026e0 -1.63038434e-1 -1.63038434e-1
-1.6153972e0 2.8461026e0 -1.90216322e-1 -1.90216322e-1
-1.4615524e0 2.8461026e0 -2.21785141e-1 -2.21785141e-1
-1.3077077e0 2.8461026e0 -2.58730183e-1 -2.58730183e-1
-1.1538629e0 2.8461026e0 -3.01797653e-1 -3.01797653e-1
-1.0000182e0 2.8461026e0 -3.51915482e-1 -3.51915482e-1
-8.461734e-1 2.8461026e0 -4.10489943e-1 -4.10489943e-1
-6.923285e-1 2.8461026e0 -4.78812437e-1 -4.78812437e-1
-5.3848361e-1 2.8461026e0 -5.58423094e-1 -5.58423094e-1
-3.8463872e-1 2.8461026e0 -6.51331049e-1 -6.51331049e-1
-2.3079382e-1 2.8461026e0 -7.5964075e-1 -7.5964075e-1
-7.694893e-2 2.8461026e0 -8.85954118e-1 -8.85954118e-1
7.689597e-2 2.8461026e0 -1.03306429e0 -1.03306429e0
2.3074086e-1 2.8461026e0 -1.20487552e0 -1.20487552e0
3.8458575e-1 2.8461026e0 -1.40525166e0 -1.40525166e0
5.3843065e-1 2.8461026e0 -1.63896593e0 -1.63896593e0
6.9227554e-1 2.8461026e0 -1.9115097e0 -1.9115097e0
8.4612044e-1 2.8461026e0 -2.22938742e0 -2.22938742e0
9.9996533e-1 2.8461026e0 -2.60016765e0 -2.60016765e0
1.15381023e0 2.8461026e0 -3.03263194e0 -3.03263194e0
1.307655e0 2.8461026e0 -3.53695734e0 -3.53695734e0
1.4614998e0 2.8461026e0 -4.12521848e0 -4.12521848e0
1.6153445e0 2.8461026e0 -4.81124605e0 -4.81124605e0
1.7691893e0 2.8461026e0 -5.61157262e0 -5.61157262e0
1.923034e0 2.8461026e0 -6.5447072e0 -6.5447072e0
2.0768788e0 2.8461026e0 -7.63308397e0 -7.63308397e0
2.2307236e0 2.8461026e0 -8.90264763e0 -8.90264763e0
2.3845683e0 2.8461026e0 -1.03834549e1 -1.03834549e1
2.5384131e0 2.8461026e0 -1.2110267e1 -1.2110267e1
2.6922578e0 2.8461026e0 -1.41242609e1 -1.41242609e1
2.8461026e0 2.8461026e0 -1.64733585e1 -1.64733585e1
2.9999474e0 2.8461026e0 -1.92125758e1 -1.92125758e1

-3.0e0 2.9999474e0 -4.92851802e-2 -4.92851802e-2
-2.8461552e0 2.9999474e0 -5.74810667e-2 -5.74810667e-2
-2.6923105e0 2.9999474e0 -6.70412779e-2 -6.70412779e-2
-2.5384657e0 2.9999474e0 -7.81907312e-2 -7.81907312e-2
-2.384621e0 2.9999474e0 -9.11939658e-2 -9.11939658e-2
-2.2307762e0 2.9999474e0 -1.06339401e-1 -1.06339401e-1
-2.0769315e0 2.9999474e0 -1.2405926e-1 -1.2405926e-1
-1.9230867e0 2.9999474e0 -1.44660002e-1 -1.44660002e-1
-1.769242e0 2.9999474e0 -1.68715472e-1 -1.68715472e-1
-1.6153972e0 2.9999474e0 -1.96839702e-1 -1.96839702e-1
-1.4615524e0 2.9999474e0 -2.29507753e-1 -2.29507753e-1
-1.3077077e0 2.9999474e0 -2.67739232e-1 -2.67739232e-1
-1.1538629e0 2.9999474e0 -3.12306322e-1 -3.12306322e-1
-1.0000182e0 2.9999474e0 -3.64169264e-1 -3.64169264e-1
-8.461734e-1 2.9999474e0 -4.24783304e-1 -4.24783304e-1
-6.923285e-1 2.9999474e0 -4.95484804e-1 -4.95484804e-1
-5.3848361e-1 2.9999474e0 -5.77867525e-1 -5.77867525e-1
-3.8463872e-1 2.9999474e0 -6.74010556e-1 -6.74010556e-1
-2.3079382e-1 2.9999474e0 -7.86091628e-1 -7.86091628e-1
-7.694893e-2 2.9999474e0 -9.16803258e-1 -9.16803258e-1
7.689597e-2 2.9999474e0 -1.06903583e0 -1.06903583e0
2.3074086e-1 2.9999474e0 -1.24682959e0 -1.24682959e0
3.8458575e-1 2.9999474e0 -1.45418286e0 -1.45418286e0
5.3843065e-1 2.9999474e0 -1.69603511e0 -1.69603511e0
6.9227554e-1 2.9999474e0 -1.97806894e0 -1.97806894e0
8.4612044e-1 2.9999474e0 -2.30701524e0 -2.30701524e0
9.9996533e-1 2.9999474e0 -2.69070613e0 -2.69070613e0
1.15381023e0 2.9999474e0 -3.13822893e0 -3.13822893e0
1.307655e0 2.9999474e0 -3.66011505e0 -3.66011505e0
1.4614998e0 2.9999474e0 -4.26885959e0 -4.26885959e0
1.6153445e0 2.9999474e0 -4.97877481e0 -4.97877481e0
1.7691893e0 2.9999474e0 -5.80696895e0 -5.80696895e0
1.923034e0 2.9999474e0 -6.77259552e0 -6.77259552e0
2.0768788e0 2.9999474e0 -7.89886981e0 -7.89886981e0
2.2307236e0 2.9999474e0 -9.21264e0 -9.21264e0
2.3845683e0 2.9999474e0 -1.07450093e1 -1.07450093e1
2.5384131e0 2.9999474e0 -1.25319495e1 -1.25319495e1
2.6922578e0 2.9999474e0 -1.46160712e1 -1.46160712e1
2.8461026e0 2.9999474e0 -1.70469649e1 -1.70469649e1
2.9999474e0 2.9999474e0 -1.98815625e1 -1.98815625e1
