-3.0e0 -3.0e0 4.1208e-1 4.1208e-1
-2.8461552e0 -3.0e0 7.7472e-1 7.7472e-1
-2.6923105e0 -3.0e0 9.752e-1 9.752e-1
-2.5384657e0 -3.0e0 9.7163e-1 9.7163e-1
-2.384621e0 -3.0e0 7.6472e-1 7.6472e-1
-2.2307762e0 -3.0e0 3.9778e-1 3.9778e-1
-2.0769315e0 -3.0e0 -5.235e-2 -5.235e-2
-1.9230867e0 -3.0e0 -4.9158e-1 -4.9158e-1
-1.769242e0 -3.0e0 -8.2794e-1 -8.2794e-1
-1.6153972e0 -3.0e0 -9.9101e-1 -9.9101e-1
-1.4615524e0 -3.0e0 -9.4673e-1 -9.4673e-1
-1.3077077e0 -3.0e0 -7.0433e-1 -7.0433e-1
-1.1538629e0 -3.0e0 -3.1454e-1 -3.1454e-1
-1.0000182e0 -3.0e0 1.4104e-1 1.4104e-1
-8.461734e-1 -3.0e0 5.6714e-1 5.6714e-1
-6.923285e-1 -3.0e0 8.7459e-1 8.7459e-1
-5.3848361e-1 -3.0e0 9.9895e-1 9.9895e-1
-3.8463872e-1 -3.0e0 9.1432e-1 9.1432e-1
-2.3079382e-1 -3.0e0 6.3834e-1 6.3834e-1
-7.694893e-2 -3.0e0 2.2878e-1 2.2878e-1
7.689597e-2 -3.0e0 -2.2862e-1 -2.2862e-1
2.3074086e-1 -3.0e0 -6.3821e-1 -6.3821e-1
3.8458575e-1 -3.0e0 -9.1426e-1 -9.1426e-1
5.3843065e-1 -3.0e0 -9.9895e-1 -9.9895e-1
6.9227554e-1 -3.0e0 -8.7466e-1 -8.7466e-1
8.4612044e-1 -3.0e0 -5.6728e-1 -5.6728e-1
9.9996533e-1 -3.0e0 -1.4122e-1 -1.4122e-1
1.15381023e0 -3.0e0 3.1439e-1 3.1439e-1
1.307655e0 -3.0e0 7.0422e-1 7.0422e-1
1.4614998e0 -3.0e0 9.4669e-1 9.4669e-1
1.6153445e0 -3.0e0 9.9103e-1 9.9103e-1
1.7691893e0 -3.0e0 8.2802e-1 8.2802e-1
1.923034e0 -3.0e0 4.9171e-1 4.9171e-1
2.0768788e0 -3.0e0 5.25e-2 5.25e-2
2.2307236e0 -3.0e0 -3.9766e-1 -3.9766e-1
2.3845683e0 -3.0e0 -7.6463e-1 -7.6463e-1
2.5384131e0 -3.0e0 -9.7159e-1 -9.7159e-1
2.6922578e0 -3.0e0 -9.7523e-1 -9.7523e-1
2.8461026e0 -3.0e0 -7.748e-1 -7.748e-1
2.9999474e0 -3.0e0 -4.1223e-1 -4.1223e-1

-3.0e0 -2.8461552e0 7.7472e-1 7.7472e-1
-2.8461552e0 -2.8461552e0 9.6971e-1 9.6971e-1
-2.6923105e0 -2.8461552e0 9.8174e-1 9.8174e-1
-2.5384657e0 -2.8461552e0 8.0853e-1 8.0853e-1
-2.384621e0 -2.8461552e0 4.8276e-1 4.8276e-1
-2.2307762e0 -2.8461552e0 6.587e-2 6.587e-2
-2.0769315e0 -2.8461552e0 -3.6337e-1 -3.6337e-1
-1.9230867e0 -2.8461552e0 -7.2409e-1 -7.2409e-1
-1.769242e0 -2.8461552e0 -9.482e-1 -9.482e-1
-1.6153972e0 -2.8461552e0 -9.9338e-1 -9.9338e-1
-1.4615524e0 -2.8461552e0 -8.5112e-1 -8.5112e-1
-1.3077077e0 -2.8461552e0 -5.483e-1 -5.483e-1
-1.1538629e0 -2.8461552e0 -1.4198e-1 -1.4198e-1
-1.0000182e0 -2.8461552e0 2.9109e-1 2.9109e-1
-8.461734e-1 -2.8461552e0 6.6928e-1 6.6928e-1
-6.923285e-1 -2.8461552e0 9.2116e-1 9.2116e-1
-5.3848361e-1 -2.8461552e0 9.9924e-1 9.9924e-1
-3.8463872e-1 -2.8461552e0 8.8876e-1 8.8876e-1
-2.3079382e-1 -2.8461552e0 6.1061e-1 6.1061e-1
-7.694893e-2 -2.8461552e0 2.1724e-1 2.1724e-1
7.689597e-2 -2.8461552e0 -2.171e-1 -2.171e-1
2.3074086e-1 -2.8461552e0 -6.105e-1 -6.105e-1
3.8458575e-1 -2.8461552e0 -8.887e-1 -8.887e-1
5.3843065e-1 -2.8461552e0 -9.9922e-1 -9.9922e-1
6.9227554e-1 -2.8461552e0 -9.212e-1 -9.212e-1
8.4612044e-1 -2.8461552e0 -6.6939e-1 -6.6939e-1
9.9996533e-1 -2.8461552e0 -2.9123e-1 -2.9123e-1
1.15381023e0 -2.8461552e0 1.4183e-1 1.4183e-1
1.307655e0 -2.8461552e0 5.4817e-1 5.4817e-1
1.4614998e0 -2.8461552e0 8.5106e-1 8.5106e-1
1.6153445e0 -2.8461552e0 9.9336e-1 9.9336e-1
1.7691893e0 -2.8461552e0 9.4826e-1 9.4826e-1
1.923034e0 -2.8461552e0 7.242e-1 7.242e-1
2.0768788e0 -2.8461552e0 3.6353e-1 3.6353e-1
2.2307236e0 -2.8461552e0 -6.575e-2 -6.575e-2
2.3845683e0 -2.8461552e0 -4.8262e-1 -4.8262e-1
2.5384131e0 -2.8461552e0 -8.0844e-1 -8.0844e-1
2.6922578e0 -2.8461552e0 -9.8172e-1 -9.8172e-1
2.8461026e0 -2.8461552e0 -9.6976e-1 -9.6976e-1
2.9999474e0 -2.8461552e0 -7.7481e-1 -7.7481e-1

-3.0e0 -2.6923105e0 9.752e-1 9.752e-1
-2.8461552e0 -2.6923105e0 9.8174e-1 9.8174e-1
-2.6923105e0 -2.6923105e0 8.222e-1 8.222e-1
-2.5384657e0 -2.6923105e0 5.2364e-1 5.2364e-1
-2.384621e0 -2.6923105e0 1.365e-1 1.365e-1
-2.2307762e0 -2.6923105e0 -2.7368e-1 -2.7368e-1
-2.0769315e0 -2.6923105e0 -6.376e-1 -6.376e-1
-1.9230867e0 -2.6923105e0 -8.9369e-1 -8.9369e-1
-1.769242e0 -2.6923105e0 -9.9867e-1 -9.9867e-1
-1.6153972e0 -2.6923105e0 -9.3471e-1 -9.3471e-1
-1.4615524e0 -2.6923105e0 -7.1266e-1 -7.1266e-1
-1.3077077e0 -2.6923105e0 -3.701e-1 -3.701e-1
-1.1538629e0 -2.6923105e0 3.5e-2 3.5e-2
-1.0000182e0 -2.6923105e0 4.3425e-1 4.3425e-1
-8.461734e-1 -2.6923105e0 7.6003e-1 7.6003e-1
-6.923285e-1 -2.6923105e0 9.5729e-1 9.5729e-1
-5.3848361e-1 -2.6923105e0 9.9266e-1 9.9266e-1
-3.8463872e-1 -2.6923105e0 8.6009e-1 8.6009e-1
-2.3079382e-1 -2.6923105e0 5.821e-1 5.821e-1
-7.694893e-2 -2.6923105e0 2.0567e-1 2.0567e-1
7.689597e-2 -2.6923105e0 -2.0554e-1 -2.0554e-1
2.3074086e-1 -2.6923105e0 -5.82e-1 -5.82e-1
3.8458575e-1 -2.6923105e0 -8.6003e-1 -8.6003e-1
5.3843065e-1 -2.6923105e0 -9.9265e-1 -9.9265e-1
6.9227554e-1 -2.6923105e0 -9.5734e-1 -9.5734e-1
8.4612044e-1 -2.6923105e0 -7.6013e-1 -7.6013e-1
9.9996533e-1 -2.6923105e0 -4.3437e-1 -4.3437e-1
1.15381023e0 -2.6923105e0 -3.516e-2 -3.516e-2
1.307655e0 -2.6923105e0 3.6998e-1 3.6998e-1
1.4614998e0 -2.6923105e0 7.1259e-1 7.1259e-1
1.6153445e0 -2.6923105e0 9.3468e-1 9.3468e-1
1.7691893e0 -2.6923105e0 9.9867e-1 9.9867e-1
1.923034e0 -2.6923105e0 8.9377e-1 8.9377e-1
2.0768788e0 -2.6923105e0 6.3773e-1 6.3773e-1
2.2307236e0 -2.6923105e0 2.7382e-1 2.7382e-1
2.3845683e0 -2.6923105e0 -1.3638e-1 -1.3638e-1
2.5384131e0 -2.6923105e0 -5.2351e-1 -5.2351e-1
2.6922578e0 -2.6923105e0 -8.2213e-1 -8.2213e-1
2.8461026e0 -2.6923105e0 -9.8172e-1 -9.8172e-1
2.9999474e0 -2.6923105e0 -9.7523e-1 -9.7523e-1

-3.0e0 -2.5384657e0 9.7163e-1 9.7163e-1
-2.8461552e0 -2.5384657e0 8.0853e-1 8.0853e-1
-2.6923105e0 -2.5384657e0 5.2364e-1 5.2364e-1
-2.5384657e0 -2.5384657e0 1.5991e-1 1.5991e-1
-2.384621e0 -2.5384657e0 -2.2786e-1 -2.2786e-1
-2.2307762e0 -2.5384657e0 -5.8136e-1 -5.8136e-1
-2.0769315e0 -2.5384657e0 -8.4734e-1 -8.4734e-1
-1.9230867e0 -2.5384657e0 -9.8567e-1 -9.8567e-1
-1.769242e0 -2.5384657e0 -9.7559e-1 -9.7559e-1
-1.6153972e0 -2.5384657e0 -8.1862e-1 -8.1862e-1
-1.4615524e0 -2.5384657e0 -5.3835e-1 -5.3835e-1
-1.3077077e0 -2.5384657e0 -1.7702e-1 -1.7702e-1
-1.1538629e0 -2.5384657e0 2.1094e-1 2.1094e-1
-1.0000182e0 -2.5384657e0 5.6714e-1 5.6714e-1
-8.461734e-1 -2.5384657e0 8.3797e-1 8.3797e-1
-6.923285e-1 -2.5384657e0 9.8259e-1 9.8259e-1
-5.3848361e-1 -2.5384657e0 9.7925e-1 9.7925e-1
-3.8463872e-1 -2.5384657e0 8.2846e-1 8.2846e-1
-2.3079382e-1 -2.5384657e0 5.5289e-1 5.5289e-1
-7.694893e-2 -2.5384657e0 1.9408e-1 1.9408e-1
7.689597e-2 -2.5384657e0 -1.9395e-1 -1.9395e-1
2.3074086e-1 -2.5384657e0 -5.5278e-1 -5.5278e-1
3.8458575e-1 -2.5384657e0 -8.2838e-1 -8.2838e-1
5.3843065e-1 -2.5384657e0 -9.7922e-1 -9.7922e-1
6.9227554e-1 -2.5384657e0 -9.826e-1 -9.826e-1
8.4612044e-1 -2.5384657e0 -8.3806e-1 -8.3806e-1
9.9996533e-1 -2.5384657e0 -5.6725e-1 -5.6725e-1
1.15381023e0 -2.5384657e0 -2.1107e-1 -2.1107e-1
1.307655e0 -2.5384657e0 1.769e-1 1.769e-1
1.4614998e0 -2.5384657e0 5.3824e-1 5.3824e-1
1.6153445e0 -2.5384657e0 8.1854e-1 8.1854e-1
1.7691893e0 -2.5384657e0 9.7556e-1 9.7556e-1
1.923034e0 -2.5384657e0 9.8567e-1 9.8567e-1
2.0768788e0 -2.5384657e0 8.474e-1 8.474e-1
2.2307236e0 -2.5384657e0 5.8145e-1 5.8145e-1
2.3845683e0 -2.5384657e0 2.28e-1 2.28e-1
2.5384131e0 -2.5384657e0 -1.5977e-1 -1.5977e-1
2.6922578e0 -2.5384657e0 -5.2353e-1 -5.2353e-1
2.8461026e0 -2.5384657e0 -8.0846e-1 -8.0846e-1
2.9999474e0 -2.5384657e0 -9.716e-1 -9.716e-1

-3.0e0 -2.384621e0 7.6472e-1 7.6472e-1
-2.8461552e0 -2.384621e0 4.8276e-1 4.8276e-1
-2.6923105e0 -2.384621e0 1.365e-1 1.365e-1
-2.5384657e0 -2.384621e0 -2.2786e-1 -2.2786e-1
-2.384621e0 -2.384621e0 -5.6195e-1 -5.6195e-1
-2.2307762e0 -2.384621e0 -8.2123e-1 -8.2123e-1
-2.0769315e0 -2.384621e0 -9.7124e-1 -9.7124e-1
-1.9230867e0 -2.384621e0 -9.9196e-1 -9.9196e-1
-1.769242e0 -2.384621e0 -8.8068e-1 -8.8068e-1
-1.6153972e0 -2.384621e0 -6.522e-1 -6.522e-1
-1.4615524e0 -2.384621e0 -3.3691e-1 -3.3691e-1
-1.3077077e0 -2.384621e0 2.32e-2 2.32e-2
-1.1538629e0 -2.384621e0 3.8022e-1 3.8022e-1
-1.0000182e0 -2.384621e0 6.8666e-1 6.8666e-1
-8.461734e-1 -2.384621e0 9.0169e-1 9.0169e-1
-6.923285e-1 -2.384621e0 9.9673e-1 9.9673e-1
-5.3848361e-1 -2.384621e0 9.5912e-1 9.5912e-1
-3.8463872e-1 -2.384621e0 7.9387e-1 7.9387e-1
-2.3079382e-1 -2.384621e0 5.2296e-1 5.2296e-1
-7.694893e-2 -2.384621e0 1.8245e-1 1.8245e-1
7.689597e-2 -2.384621e0 -1.8231e-1 -1.8231e-1
2.3074086e-1 -2.384621e0 -5.2286e-1 -5.2286e-1
3.8458575e-1 -2.384621e0 -7.938e-1 -7.938e-1
5.3843065e-1 -2.384621e0 -9.5909e-1 -9.5909e-1
6.9227554e-1 -2.384621e0 -9.9673e-1 -9.9673e-1
8.4612044e-1 -2.384621e0 -9.0175e-1 -9.0175e-1
9.9996533e-1 -2.384621e0 -6.8675e-1 -6.8675e-1
1.15381023e0 -2.384621e0 -3.8034e-1 -3.8034e-1
1.307655e0 -2.384621e0 -2.332e-2 -2.332e-2
1.4614998e0 -2.384621e0 3.368e-1 3.368e-1
1.6153445e0 -2.384621e0 6.5211e-1 6.5211e-1
1.7691893e0 -2.384621e0 8.8063e-1 8.8063e-1
1.923034e0 -2.384621e0 9.9196e-1 9.9196e-1
2.0768788e0 -2.384621e0 9.7125e-1 9.7125e-1
2.2307236e0 -2.384621e0 8.213e-1 8.213e-1
2.3845683e0 -2.384621e0 5.6204e-1 5.6204e-1
2.5384131e0 -2.384621e0 2.28e-1 2.28e-1
2.6922578e0 -2.384621e0 -1.3638e-1 -1.3638e-1
2.8461026e0 -2.384621e0 -4.8265e-1 -4.8265e-1
2.9999474e0 -2.384621e0 -7.6465e-1 -7.6465e-1

-3.0e0 -2.2307762e0 3.9778e-1 3.9778e-1
-2.8461552e0 -2.2307762e0 6.587e-2 6.587e-2
-2.6923105e0 -2.2307762e0 -2.7368e-1 -2.7368e-1
-2.5384657e0 -2.2307762e0 -5.8136e-1 -5.8136e-1
-2.384621e0 -2.2307762e0 -8.2123e-1 -8.2123e-1
-2.2307762e0 -2.2307762e0 -9.6533e-1 -9.6533e-1
-2.0769315e0 -2.2307762e0 -9.9681e-1 -9.9681e-1
-1.9230867e0 -2.2307762e0 -9.1206e-1 -9.1206e-1
-1.769242e0 -2.2307762e0 -7.2093e-1 -7.2093e-1
-1.6153972e0 -2.2307762e0 -4.4571e-1 -4.4571e-1
-1.4615524e0 -2.2307762e0 -1.185e-1 -1.185e-1
-1.3077077e0 -2.2307762e0 2.2249e-1 2.2249e-1
-1.1538629e0 -2.2307762e0 5.3757e-1 5.3757e-1
-1.0000182e0 -2.2307762e0 7.8995e-1 7.8995e-1
-8.461734e-1 -2.2307762e0 9.5021e-1 9.5021e-1
-6.923285e-1 -2.2307762e0 9.996e-1 9.996e-1
-5.3848361e-1 -2.2307762e0 9.3245e-1 9.3245e-1
-3.8463872e-1 -2.2307762e0 7.5653e-1 7.5653e-1
-2.3079382e-1 -2.2307762e0 4.9237e-1 4.9237e-1
-7.694893e-2 -2.2307762e0 1.7079e-1 1.7079e-1
7.689597e-2 -2.2307762e0 -1.7068e-1 -1.7068e-1
2.3074086e-1 -2.2307762e0 -4.9228e-1 -4.9228e-1
3.8458575e-1 -2.2307762e0 -7.5645e-1 -7.5645e-1
5.3843065e-1 -2.2307762e0 -9.324e-1 -9.324e-1
6.9227554e-1 -2.2307762e0 -9.996e-1 -9.996e-1
8.4612044e-1 -2.2307762e0 -9.5024e-1 -9.5024e-1
9.9996533e-1 -2.2307762e0 -7.9001e-1 -7.9001e-1
1.15381023e0 -2.2307762e0 -5.3767e-1 -5.3767e-1
1.307655e0 -2.2307762e0 -2.2261e-1 -2.2261e-1
1.4614998e0 -2.2307762e0 1.184e-1 1.184e-1
1.6153445e0 -2.2307762e0 4.456e-1 4.456e-1
1.7691893e0 -2.2307762e0 7.2086e-1 7.2086e-1
1.923034e0 -2.2307762e0 9.1202e-1 9.1202e-1
2.0768788e0 -2.2307762e0 9.968e-1 9.968e-1
2.2307236e0 -2.2307762e0 9.6536e-1 9.6536e-1
2.3845683e0 -2.2307762e0 8.213e-1 8.213e-1
2.5384131e0 -2.2307762e0 5.8145e-1 5.8145e-1
2.6922578e0 -2.2307762e0 2.738e-1 2.738e-1
2.8461026e0 -2.2307762e0 -6.577e-2 -6.577e-2
2.9999474e0 -2.2307762e0 -3.9767e-1 -3.9767e-1

-3.0e0 -2.0769315e0 -5.235e-2 -5.235e-2
-2.8461552e0 -2.0769315e0 -3.6337e-1 -3.6337e-1
-2.6923105e0 -2.0769315e0 -6.376e-1 -6.376e-1
-2.5384657e0 -2.0769315e0 -8.4734e-1 -8.4734e-1
-2.384621e0 -2.0769315e0 -9.7124e-1 -9.7124e-1
-2.2307762e0 -2.0769315e0 -9.9681e-1 -9.9681e-1
-2.0769315e0 -2.0769315e0 -9.2151e-1 -9.2151e-1
-1.9230867e0 -2.0769315e0 -7.5291e-1 -7.5291e-1
-1.769242e0 -2.0769315e0 -5.081e-1 -5.081e-1
-1.6153972e0 -2.0769315e0 -2.1184e-1 -2.1184e-1
-1.4615524e0 -2.0769315e0 1.0582e-1 1.0582e-1
-1.3077077e0 -2.0769315e0 4.1281e-1 4.1281e-1
-1.1538629e0 -2.0769315e0 6.7801e-1 6.7801e-1
-1.0000182e0 -2.0769315e0 8.7459e-1 8.7459e-1
-8.461734e-1 -2.0769315e0 9.8259e-1 9.8259e-1
-6.923285e-1 -2.0769315e0 9.9113e-1 9.9113e-1
-5.3848361e-1 -2.0769315e0 8.9937e-1 8.9937e-1
-3.8463872e-1 -2.0769315e0 7.1654e-1 7.1654e-1
-2.3079382e-1 -2.0769315e0 4.6115e-1 4.6115e-1
-7.694893e-2 -2.0769315e0 1.5912e-1 1.5912e-1
7.689597e-2 -2.0769315e0 -1.5901e-1 -1.5901e-1
2.3074086e-1 -2.0769315e0 -4.6106e-1 -4.6106e-1
3.8458575e-1 -2.0769315e0 -7.1646e-1 -7.1646e-1
5.3843065e-1 -2.0769315e0 -8.9932e-1 -8.9932e-1
6.9227554e-1 -2.0769315e0 -9.9112e-1 -9.9112e-1
8.4612044e-1 -2.0769315e0 -9.826e-1 -9.826e-1
9.9996533e-1 -2.0769315e0 -8.7465e-1 -8.7465e-1
1.15381023e0 -2.0769315e0 -6.781e-1 -6.781e-1
1.307655e0 -2.0769315e0 -4.1292e-1 -4.1292e-1
1.4614998e0 -2.0769315e0 -1.0594e-1 -1.0594e-1
1.6153445e0 -2.0769315e0 2.1173e-1 2.1173e-1
1.7691893e0 -2.0769315e0 5.08e-1 5.08e-1
1.923034e0 -2.0769315e0 7.5285e-1 7.5285e-1
2.0768788e0 -2.0769315e0 9.2148e-1 9.2148e-1
2.2307236e0 -2.0769315e0 9.968e-1 9.968e-1
2.3845683e0 -2.0769315e0 9.7125e-1 9.7125e-1
2.5384131e0 -2.0769315e0 8.4738e-1 8.4738e-1
2.6922578e0 -2.0769315e0 6.377e-1 6.377e-1
2.8461026e0 -2.0769315e0 3.6348e-1 3.6348e-1
2.9999474e0 -2.0769315e0 5.246e-2 5.246e-2

-3.0e0 -1.9230867e0 -4.9158e-1 -4.9158e-1
-2.8461552e0 -1.9230867e0 -7.2409e-1 -7.2409e-1
-2.6923105e0 -1.9230867e0 -8.9369e-1 -8.9369e-1
-2.5384657e0 -1.9230867e0 -9.8567e-1 -9.8567e-1
-2.384621e0 -1.9230867e0 -9.9196e-1 -9.9196e-1
-2.2307762e0 -1.9230867e0 -9.1206e-1 -9.1206e-1
-2.0769315e0 -1.9230867e0 -7.5291e-1 -7.5291e-1
-1.9230867e0 -1.9230867e0 -5.2835e-1 -5.2835e-1
-1.769242e0 -1.9230867e0 -2.5786e-1 -2.5786e-1
-1.6153972e0 -1.9230867e0 3.502e-2 3.502e-2
-1.4615524e0 -1.9230867e0 3.2489e-1 3.2489e-1
-1.3077077e0 -1.9230867e0 5.865e-1 5.865e-1
-1.1538629e0 -1.9230867e0 7.9716e-1 7.9716e-1
-1.0000182e0 -1.9230867e0 9.3855e-1 9.3855e-1
-8.461734e-1 -1.9230867e0 9.9837e-1 9.9837e-1
-6.923285e-1 -1.9230867e0 9.7144e-1 9.7144e-1
-5.3848361e-1 -1.9230867e0 8.6009e-1 8.6009e-1
-3.8463872e-1 -1.9230867e0 6.7403e-1 6.7403e-1
-2.3079382e-1 -1.9230867e0 4.2937e-1 4.2937e-1
-7.694893e-2 -1.9230867e0 1.4742e-1 1.4742e-1
7.689597e-2 -1.9230867e0 -1.4731e-1 -1.4731e-1
2.3074086e-1 -1.9230867e0 -4.2929e-1 -4.2929e-1
3.8458575e-1 -1.9230867e0 -6.7395e-1 -6.7395e-1
5.3843065e-1 -1.9230867e0 -8.6005e-1 -8.6005e-1
6.9227554e-1 -1.9230867e0 -9.7142e-1 -9.7142e-1
8.4612044e-1 -1.9230867e0 -9.9837e-1 -9.9837e-1
9.9996533e-1 -1.9230867e0 -9.3857e-1 -9.3857e-1
1.15381023e0 -1.9230867e0 -7.9723e-1 -7.9723e-1
1.307655e0 -1.9230867e0 -5.8658e-1 -5.8658e-1
1.4614998e0 -1.9230867e0 -3.2498e-1 -3.2498e-1
1.6153445e0 -1.9230867e0 -3.513e-2 -3.513e-2
1.7691893e0 -1.9230867e0 2.5775e-1 2.5775e-1
1.923034e0 -1.9230867e0 5.2826e-1 5.2826e-1
2.0768788e0 -1.9230867e0 7.5285e-1 7.5285e-1
2.2307236e0 -1.9230867e0 9.1202e-1 9.1202e-1
2.3845683e0 -1.9230867e0 9.9196e-1 9.9196e-1
2.5384131e0 -1.9230867e0 9.8569e-1 9.8569e-1
2.6922578e0 -1.9230867e0 8.9374e-1 8.9374e-1
2.8461026e0 -1.9230867e0 7.2417e-1 7.2417e-1
2.9999474e0 -1.9230867e0 4.9167e-1 4.9167e-1

-3.0e0 -1.769242e0 -8.2794e-1 -8.2794e-1
-2.8461552e0 -1.769242e0 -9.482e-1 -9.482e-1
-2.6923105e0 -1.769242e0 -9.9867e-1 -9.9867e-1
-2.5384657e0 -1.769242e0 -9.7559e-1 -9.7559e-1
-2.384621e0 -1.769242e0 -8.8068e-1 -8.8068e-1
-2.2307762e0 -1.769242e0 -7.2093e-1 -7.2093e-1
-2.0769315e0 -1.769242e0 -5.081e-1 -5.081e-1
-1.9230867e0 -1.769242e0 -2.5786e-1 -2.5786e-1
-1.769242e0 -1.769242e0 1.137e-2 1.137e-2
-1.6153972e0 -1.769242e0 2.7975e-1 2.7975e-1
-1.4615524e0 -1.769242e0 5.2756e-1 5.2756e-1
-1.3077077e0 -1.769242e0 7.365e-1 7.365e-1
-1.1538629e0 -1.769242e0 8.9125e-1 8.9125e-1
-1.0000182e0 -1.769242e0 9.8032e-1 9.8032e-1
-8.461734e-1 -1.769242e0 9.9724e-1 9.9724e-1
-6.923285e-1 -1.769242e0 9.4073e-1 9.4073e-1
-5.3848361e-1 -1.769242e0 8.1494e-1 8.1494e-1
-3.8463872e-1 -1.769242e0 6.2918e-1 6.2918e-1
-2.3079382e-1 -1.769242e0 3.9705e-1 3.9705e-1
-7.694893e-2 -1.769242e0 1.357e-1 1.357e-1
7.689597e-2 -1.769242e0 -1.356e-1 -1.356e-1
2.3074086e-1 -1.769242e0 -3.9696e-1 -3.9696e-1
3.8458575e-1 -1.769242e0 -6.291e-1 -6.291e-1
5.3843065e-1 -1.769242e0 -8.149e-1 -8.149e-1
6.9227554e-1 -1.769242e0 -9.407e-1 -9.407e-1
8.4612044e-1 -1.769242e0 -9.9722e-1 -9.9722e-1
9.9996533e-1 -1.769242e0 -9.8035e-1 -9.8035e-1
1.15381023e0 -1.769242e0 -8.913e-1 -8.913e-1
1.307655e0 -1.769242e0 -7.3656e-1 -7.3656e-1
1.4614998e0 -1.769242e0 -5.2765e-1 -5.2765e-1
1.6153445e0 -1.769242e0 -2.7985e-1 -2.7985e-1
1.7691893e0 -1.769242e0 -1.146e-2 -1.146e-2
1.923034e0 -1.769242e0 2.5775e-1 2.5775e-1
2.0768788e0 -1.769242e0 5.0801e-1 5.0801e-1
2.2307236e0 -1.769242e0 7.2087e-1 7.2087e-1
2.3845683e0 -1.769242e0 8.8063e-1 8.8063e-1
2.5384131e0 -1.769242e0 9.7556e-1 9.7556e-1
2.6922578e0 -1.769242e0 9.9867e-1 9.9867e-1
2.8461026e0 -1.769242e0 9.4823e-1 9.4823e-1
2.9999474e0 -1.769242e0 8.2799e-1 8.2799e-1

-3.0e0 -1.6153972e0 -9.9101e-1 -9.9101e-1
-2.8461552e0 -1.6153972e0 -9.9338e-1 -9.9338e-1
-2.6923105e0 -1.6153972e0 -9.3471e-1 -9.3471e-1
-2.5384657e0 -1.6153972e0 -8.1862e-1 -8.1862e-1
-2.384621e0 -1.6153972e0 -6.522e-1 -6.522e-1
-2.2307762e0 -1.6153972e0 -4.4571e-1 -4.4571e-1
-2.0769315e0 -1.6153972e0 -2.1184e-1 -2.1184e-1
-1.9230867e0 -1.6153972e0 3.502e-2 3.502e-2
-1.769242e0 -1.6153972e0 2.7975e-1 2.7975e-1
-1.6153972e0 -1.6153972e0 5.0731e-1 5.0731e-1
-1.4615524e0 -1.6153972e0 7.0367e-1 7.0367e-1
-1.3077077e0 -1.6153972e0 8.5683e-1 8.5683e-1
-1.1538629e0 -1.6153972e0 9.5729e-1 9.5729e-1
-1.0000182e0 -1.6153972e0 9.9895e-1 9.9895e-1
-8.461734e-1 -1.6153972e0 9.7925e-1 9.7925e-1
-6.923285e-1 -1.6153972e0 8.9937e-1 8.9937e-1
-5.3848361e-1 -1.6153972e0 7.642e-1 7.642e-1
-3.8463872e-1 -1.6153972e0 5.8209e-1 5.8209e-1
-2.3079382e-1 -1.6153972e0 3.6421e-1 3.6421e-1
-7.694893e-2 -1.6153972e0 1.2398e-1 1.2398e-1
7.689597e-2 -1.6153972e0 -1.2389e-1 -1.2389e-1
2.3074086e-1 -1.6153972e0 -3.6414e-1 -3.6414e-1
3.8458575e-1 -1.6153972e0 -5.8202e-1 -5.8202e-1
5.3843065e-1 -1.6153972e0 -7.6414e-1 -7.6414e-1
6.9227554e-1 -1.6153972e0 -8.9932e-1 -8.9932e-1
8.4612044e-1 -1.6153972e0 -9.7923e-1 -9.7923e-1
9.9996533e-1 -1.6153972e0 -9.9896e-1 -9.9896e-1
1.15381023e0 -1.6153972e0 -9.5732e-1 -9.5732e-1
1.307655e0 -1.6153972e0 -8.5687e-1 -8.5687e-1
1.4614998e0 -1.6153972e0 -7.0374e-1 -7.0374e-1
1.6153445e0 -1.6153972e0 -5.0737e-1 -5.0737e-1
1.7691893e0 -1.6153972e0 -2.7983e-1 -2.7983e-1
1.923034e0 -1.6153972e0 -3.511e-2 -3.511e-2
2.0768788e0 -1.6153972e0 2.1176e-1 2.1176e-1
2.2307236e0 -1.6153972e0 4.4563e-1 4.4563e-1
2.3845683e0 -1.6153972e0 6.5215e-1 6.5215e-1
2.5384131e0 -1.6153972e0 8.1856e-1 8.1856e-1
2.6922578e0 -1.6153972e0 9.347e-1 9.347e-1
2.8461026e0 -1.6153972e0 9.9338e-1 9.9338e-1
2.9999474e0 -1.6153972e0 9.9101e-1 9.9101e-1

-3.0e0 -1.4615524e0 -9.4673e-1 -9.4673e-1
-2.8461552e0 -1.4615524e0 -8.5112e-1 -8.5112e-1
-2.6923105e0 -1.4615524e0 -7.1266e-1 -7.1266e-1
-2.5384657e0 -1.4615524e0 -5.3835e-1 -5.3835e-1
-2.384621e0 -1.4615524e0 -3.3691e-1 -3.3691e-1
-2.2307762e0 -1.4615524e0 -1.185e-1 -1.185e-1
-2.0769315e0 -1.4615524e0 1.0582e-1 1.0582e-1
-1.9230867e0 -1.4615524e0 3.2489e-1 3.2489e-1
-1.769242e0 -1.4615524e0 5.2756e-1 5.2756e-1
-1.6153972e0 -1.4615524e0 7.0367e-1 7.0367e-1
-1.4615524e0 -1.4615524e0 8.4438e-1 8.4438e-1
-1.3077077e0 -1.4615524e0 9.4255e-1 9.4255e-1
-1.1538629e0 -1.4615524e0 9.9327e-1 9.9327e-1
-1.0000182e0 -1.4615524e0 9.94e-1 9.94e-1
-8.461734e-1 -1.4615524e0 9.4469e-1 9.4469e-1
-6.923285e-1 -1.4615524e0 8.4781e-1 8.4781e-1
-5.3848361e-1 -1.4615524e0 7.0822e-1 7.0822e-1
-3.8463872e-1 -1.4615524e0 5.33e-1 5.33e-1
-2.3079382e-1 -1.4615524e0 3.3095e-1 3.3095e-1
-7.694893e-2 -1.4615524e0 1.1221e-1 1.1221e-1
7.689597e-2 -1.4615524e0 -1.1212e-1 -1.1212e-1
2.3074086e-1 -1.4615524e0 -3.3087e-1 -3.3087e-1
3.8458575e-1 -1.4615524e0 -5.3294e-1 -5.3294e-1
5.3843065e-1 -1.4615524e0 -7.0818e-1 -7.0818e-1
6.9227554e-1 -1.4615524e0 -8.4778e-1 -8.4778e-1
8.4612044e-1 -1.4615524e0 -9.4467e-1 -9.4467e-1
9.9996533e-1 -1.4615524e0 -9.94e-1 -9.94e-1
1.15381023e0 -1.4615524e0 -9.9327e-1 -9.9327e-1
1.307655e0 -1.4615524e0 -9.4258e-1 -9.4258e-1
1.4614998e0 -1.4615524e0 -8.444e-1 -8.444e-1
1.6153445e0 -1.4615524e0 -7.0372e-1 -7.0372e-1
1.7691893e0 -1.4615524e0 -5.2762e-1 -5.2762e-1
1.923034e0 -1.4615524e0 -3.2497e-1 -3.2497e-1
2.0768788e0 -1.4615524e0 -1.059e-1 -1.059e-1
2.2307236e0 -1.4615524e0 1.1842e-1 1.1842e-1
2.3845683e0 -1.4615524e0 3.3684e-1 3.3684e-1
2.5384131e0 -1.4615524e0 5.3828e-1 5.3828e-1
2.6922578e0 -1.4615524e0 7.1262e-1 7.1262e-1
2.8461026e0 -1.4615524e0 8.5109e-1 8.5109e-1
2.9999474e0 -1.4615524e0 9.4672e-1 9.4672e-1

-3.0e0 -1.3077077e0 -7.0433e-1 -7.0433e-1
-2.8461552e0 -1.3077077e0 -5.483e-1 -5.483e-1
-2.6923105e0 -1.3077077e0 -3.701e-1 -3.701e-1
-2.5384657e0 -1.3077077e0 -1.7702e-1 -1.7702e-1
-2.384621e0 -1.3077077e0 2.32e-2 2.32e-2
-2.2307762e0 -1.3077077e0 2.2249e-1 2.2249e-1
-2.0769315e0 -1.3077077e0 4.1281e-1 4.1281e-1
-1.9230867e0 -1.3077077e0 5.865e-1 5.865e-1
-1.769242e0 -1.3077077e0 7.365e-1 7.365e-1
-1.6153972e0 -1.3077077e0 8.5683e-1 8.5683e-1
-1.4615524e0 -1.3077077e0 9.4255e-1 9.4255e-1
-1.3077077e0 -1.3077077e0 9.9028e-1 9.9028e-1
-1.1538629e0 -1.3077077e0 9.9803e-1 9.9803e-1
-1.0000182e0 -1.3077077e0 9.6556e-1 9.6556e-1
-8.461734e-1 -1.3077077e0 8.941e-1 8.941e-1
-6.923285e-1 -1.3077077e0 7.8662e-1 7.8662e-1
-5.3848361e-1 -1.3077077e0 6.4738e-1 6.4738e-1
-3.8463872e-1 -1.3077077e0 4.8204e-1 4.8204e-1
-2.3079382e-1 -1.3077077e0 2.9723e-1 2.9723e-1
-7.694893e-2 -1.3077077e0 1.0043e-1 1.0043e-1
7.689597e-2 -1.3077077e0 -1.0037e-1 -1.0037e-1
2.3074086e-1 -1.3077077e0 -2.9715e-1 -2.9715e-1
3.8458575e-1 -1.3077077e0 -4.8198e-1 -4.8198e-1
5.3843065e-1 -1.3077077e0 -6.4732e-1 -6.4732e-1
6.9227554e-1 -1.3077077e0 -7.8658e-1 -7.8658e-1
8.4612044e-1 -1.3077077e0 -8.9409e-1 -8.9409e-1
9.9996533e-1 -1.3077077e0 -9.6555e-1 -9.6555e-1
1.15381023e0 -1.3077077e0 -9.9803e-1 -9.9803e-1
1.307655e0 -1.3077077e0 -9.9031e-1 -9.9031e-1
1.4614998e0 -1.3077077e0 -9.4257e-1 -9.4257e-1
1.6153445e0 -1.3077077e0 -8.5686e-1 -8.5686e-1
1.7691893e0 -1.3077077e0 -7.3654e-1 -7.3654e-1
1.923034e0 -1.3077077e0 -5.8655e-1 -5.8655e-1
2.0768788e0 -1.3077077e0 -4.1287e-1 -4.1287e-1
2.2307236e0 -1.3077077e0 -2.2256e-1 -2.2256e-1
2.3845683e0 -1.3077077e0 -2.325e-2 -2.325e-2
2.5384131e0 -1.3077077e0 1.7696e-1 1.7696e-1
2.6922578e0 -1.3077077e0 3.7006e-1 3.7006e-1
2.8461026e0 -1.3077077e0 5.4823e-1 5.4823e-1
2.9999474e0 -1.3077077e0 7.0428e-1 7.0428e-1

-3.0e0 -1.1538629e0 -3.1454e-1 -3.1454e-1
-2.8461552e0 -1.1538629e0 -1.4198e-1 -1.4198e-1
-2.6923105e0 -1.1538629e0 3.5e-2 3.5e-2
-2.5384657e0 -1.1538629e0 2.1094e-1 2.1094e-1
-2.384621e0 -1.1538629e0 3.8022e-1 3.8022e-1
-2.2307762e0 -1.1538629e0 5.3757e-1 5.3757e-1
-2.0769315e0 -1.1538629e0 6.7801e-1 6.7801e-1
-1.9230867e0 -1.1538629e0 7.9716e-1 7.9716e-1
-1.769242e0 -1.1538629e0 8.9125e-1 8.9125e-1
-1.6153972e0 -1.1538629e0 9.5729e-1 9.5729e-1
-1.4615524e0 -1.1538629e0 9.9327e-1 9.9327e-1
-1.3077077e0 -1.1538629e0 9.9803e-1 9.9803e-1
-1.1538629e0 -1.1538629e0 9.7145e-1 9.7145e-1
-1.0000182e0 -1.1538629e0 9.143e-1 9.143e-1
-8.461734e-1 -1.1538629e0 8.2846e-1 8.2846e-1
-6.923285e-1 -1.1538629e0 7.1652e-1 7.1652e-1
-5.3848361e-1 -1.1538629e0 5.8209e-1 5.8209e-1
-3.8463872e-1 -1.1538629e0 4.2937e-1 4.2937e-1
-2.3079382e-1 -1.1538629e0 2.6314e-1 2.6314e-1
-7.694893e-2 -1.1538629e0 8.865e-2 8.865e-2
7.689597e-2 -1.1538629e0 -8.86e-2 -8.86e-2
2.3074086e-1 -1.1538629e0 -2.6309e-1 -2.6309e-1
3.8458575e-1 -1.1538629e0 -4.293e-1 -4.293e-1
5.3843065e-1 -1.1538629e0 -5.8203e-1 -5.8203e-1
6.9227554e-1 -1.1538629e0 -7.1648e-1 -7.1648e-1
8.4612044e-1 -1.1538629e0 -8.2841e-1 -8.2841e-1
9.9996533e-1 -1.1538629e0 -9.1428e-1 -9.1428e-1
1.15381023e0 -1.1538629e0 -9.7144e-1 -9.7144e-1
1.307655e0 -1.1538629e0 -9.9803e-1 -9.9803e-1
1.4614998e0 -1.1538629e0 -9.9329e-1 -9.9329e-1
1.6153445e0 -1.1538629e0 -9.5732e-1 -9.5732e-1
1.7691893e0 -1.1538629e0 -8.9127e-1 -8.9127e-1
1.923034e0 -1.1538629e0 -7.972e-1 -7.972e-1
2.0768788e0 -1.1538629e0 -6.7805e-1 -6.7805e-1
2.2307236e0 -1.1538629e0 -5.3761e-1 -5.3761e-1
2.3845683e0 -1.1538629e0 -3.8028e-1 -3.8028e-1
2.5384131e0 -1.1538629e0 -2.11e-1 -2.11e-1
2.6922578e0 -1.1538629e0 -3.508e-2 -3.508e-2
2.8461026e0 -1.1538629e0 1.4192e-1 1.4192e-1
2.9999474e0 -1.1538629e0 3.145e-1 3.145e-1

-3.0e0 -1.0000182e0 1.4104e-1 1.4104e-1
-2.8461552e0 -1.0000182e0 2.9109e-1 2.9109e-1
-2.6923105e0 -1.0000182e0 4.3425e-1 4.3425e-1
-2.5384657e0 -1.0000182e0 5.6714e-1 5.6714e-1
-2.384621e0 -1.0000182e0 6.8666e-1 6.8666e-1
-2.2307762e0 -1.0000182e0 7.8995e-1 7.8995e-1
-2.0769315e0 -1.0000182e0 8.7459e-1 8.7459e-1
-1.9230867e0 -1.0000182e0 9.3855e-1 9.3855e-1
-1.769242e0 -1.0000182e0 9.8032e-1 9.8032e-1
-1.6153972e0 -1.0000182e0 9.9895e-1 9.9895e-1
-1.4615524e0 -1.0000182e0 9.94e-1 9.94e-1
-1.3077077e0 -1.0000182e0 9.6556e-1 9.6556e-1
-1.1538629e0 -1.0000182e0 9.143e-1 9.143e-1
-1.0000182e0 -1.0000182e0 8.4145e-1 8.4145e-1
-8.461734e-1 -1.0000182e0 7.4872e-1 7.4872e-1
-6.923285e-1 -1.0000182e0 6.383e-1 6.383e-1
-5.3848361e-1 -1.0000182e0 5.1282e-1 5.1282e-1
-3.8463872e-1 -1.0000182e0 3.7521e-1 3.7521e-1
-2.3079382e-1 -1.0000182e0 2.2873e-1 2.2873e-1
-7.694893e-2 -1.0000182e0 7.686e-2 7.686e-2
7.689597e-2 -1.0000182e0 -7.681e-2 -7.681e-2
2.3074086e-1 -1.0000182e0 -2.2868e-1 -2.2868e-1
3.8458575e-1 -1.0000182e0 -3.7517e-1 -3.7517e-1
5.3843065e-1 -1.0000182e0 -5.1279e-1 -5.1279e-1
6.9227554e-1 -1.0000182e0 -6.3826e-1 -6.3826e-1
8.4612044e-1 -1.0000182e0 -7.4867e-1 -7.4867e-1
9.9996533e-1 -1.0000182e0 -8.4142e-1 -8.4142e-1
1.15381023e0 -1.0000182e0 -9.1429e-1 -9.1429e-1
1.307655e0 -1.0000182e0 -9.6556e-1 -9.6556e-1
1.4614998e0 -1.0000182e0 -9.9399e-1 -9.9399e-1
1.6153445e0 -1.0000182e0 -9.9896e-1 -9.9896e-1
1.7691893e0 -1.0000182e0 -9.8033e-1 -9.8033e-1
1.923034e0 -1.0000182e0 -9.3857e-1 -9.3857e-1
2.0768788e0 -1.0000182e0 -8.746e-1 -8.746e-1
2.2307236e0 -1.0000182e0 -7.8998e-1 -7.8998e-1
2.3845683e0 -1.0000182e0 -6.8669e-1 -6.8669e-1
2.5384131e0 -1.0000182e0 -5.672e-1 -5.672e-1
2.6922578e0 -1.0000182e0 -4.343e-1 -4.343e-1
2.8461026e0 -1.0000182e0 -2.9115e-1 -2.9115e-1
2.9999474e0 -1.0000182e0 -1.411e-1 -1.411e-1

-3.0e0 -8.461734e-1 5.6714e-1 5.6714e-1
-2.8461552e0 -8.461734e-1 6.6928e-1 6.6928e-1
-2.6923105e0 -8.461734e-1 7.6003e-1 7.6003e-1
-2.5384657e0 -8.461734e-1 8.3797e-1 8.3797e-1
-2.384621e0 -8.461734e-1 9.0169e-1 9.0169e-1
-2.2307762e0 -8.461734e-1 9.5021e-1 9.5021e-1
-2.0769315e0 -8.461734e-1 9.8259e-1 9.8259e-1
-1.9230867e0 -8.461734e-1 9.9837e-1 9.9837e-1
-1.769242e0 -8.461734e-1 9.9724e-1 9.9724e-1
-1.6153972e0 -8.461734e-1 9.7925e-1 9.7925e-1
-1.4615524e0 -8.461734e-1 9.4469e-1 9.4469e-1
-1.3077077e0 -8.461734e-1 8.941e-1 8.941e-1
-1.1538629e0 -8.461734e-1 8.2846e-1 8.2846e-1
-1.0000182e0 -8.461734e-1 7.4872e-1 7.4872e-1
-8.461734e-1 -8.461734e-1 6.5636e-1 6.5636e-1
-6.923285e-1 -8.461734e-1 5.5286e-1 5.5286e-1
-5.3848361e-1 -8.461734e-1 4.4002e-1 4.4002e-1
-3.8463872e-1 -8.461734e-1 3.1973e-1 3.1973e-1
-2.3079382e-1 -8.461734e-1 1.9403e-1 1.9403e-1
-7.694893e-2 -8.461734e-1 6.505e-2 6.505e-2
7.689597e-2 -8.461734e-1 -6.5e-2 -6.5e-2
2.3074086e-1 -8.461734e-1 -1.9398e-1 -1.9398e-1
3.8458575e-1 -8.461734e-1 -3.1969e-1 -3.1969e-1
5.3843065e-1 -8.461734e-1 -4.3999e-1 -4.3999e-1
6.9227554e-1 -8.461734e-1 -5.5281e-1 -5.5281e-1
8.4612044e-1 -8.461734e-1 -6.5634e-1 -6.5634e-1
9.9996533e-1 -8.461734e-1 -7.4869e-1 -7.4869e-1
1.15381023e0 -8.461734e-1 -8.2843e-1 -8.2843e-1
1.307655e0 -8.461734e-1 -8.9409e-1 -8.9409e-1
1.4614998e0 -8.461734e-1 -9.4467e-1 -9.4467e-1
1.6153445e0 -8.461734e-1 -9.7923e-1 -9.7923e-1
1.7691893e0 -8.461734e-1 -9.9724e-1 -9.9724e-1
1.923034e0 -8.461734e-1 -9.9835e-1 -9.9835e-1
2.0768788e0 -8.461734e-1 -9.826e-1 -9.826e-1
2.2307236e0 -8.461734e-1 -9.5023e-1 -9.5023e-1
2.3845683e0 -8.461734e-1 -9.0172e-1 -9.0172e-1
2.5384131e0 -8.461734e-1 -8.38e-1 -8.38e-1
2.6922578e0 -8.461734e-1 -7.6006e-1 -7.6006e-1
2.8461026e0 -8.461734e-1 -6.693e-1 -6.693e-1
2.9999474e0 -8.461734e-1 -5.6717e-1 -5.6717e-1

-3.0e0 -6.923285e-1 8.7459e-1 8.7459e-1
-2.8461552e0 -6.923285e-1 9.2116e-1 9.2116e-1
-2.6923105e0 -6.923285e-1 9.5729e-1 9.5729e-1
-2.5384657e0 -6.923285e-1 9.8259e-1 9.8259e-1
-2.384621e0 -6.923285e-1 9.9673e-1 9.9673e-1
-2.2307762e0 -6.923285e-1 9.996e-1 9.996e-1
-2.0769315e0 -6.923285e-1 9.9113e-1 9.9113e-1
-1.9230867e0 -6.923285e-1 9.7144e-1 9.7144e-1
-1.769242e0 -6.923285e-1 9.4073e-1 9.4073e-1
-1.6153972e0 -6.923285e-1 8.9937e-1 8.9937e-1
-1.4615524e0 -6.923285e-1 8.4781e-1 8.4781e-1
-1.3077077e0 -6.923285e-1 7.8662e-1 7.8662e-1
-1.1538629e0 -6.923285e-1 7.1652e-1 7.1652e-1
-1.0000182e0 -6.923285e-1 6.383e-1 6.383e-1
-8.461734e-1 -6.923285e-1 5.5286e-1 5.5286e-1
-6.923285e-1 -6.923285e-1 4.6115e-1 4.6115e-1
-5.3848361e-1 -6.923285e-1 3.6421e-1 3.6421e-1
-3.8463872e-1 -6.923285e-1 2.6314e-1 2.6314e-1
-2.3079382e-1 -6.923285e-1 1.5909e-1 1.5909e-1
-7.694893e-2 -6.923285e-1 5.324e-2 5.324e-2
7.689597e-2 -6.923285e-1 -5.319e-2 -5.319e-2
2.3074086e-1 -6.923285e-1 -1.5906e-1 -1.5906e-1
3.8458575e-1 -6.923285e-1 -2.631e-1 -2.631e-1
5.3843065e-1 -6.923285e-1 -3.6417e-1 -3.6417e-1
6.9227554e-1 -6.923285e-1 -4.611e-1 -4.611e-1
8.4612044e-1 -6.923285e-1 -5.5283e-1 -5.5283e-1
9.9996533e-1 -6.923285e-1 -6.3829e-1 -6.3829e-1
1.15381023e0 -6.923285e-1 -7.165e-1 -7.165e-1
1.307655e0 -6.923285e-1 -7.866e-1 -7.866e-1
1.4614998e0 -6.923285e-1 -8.478e-1 -8.478e-1
1.6153445e0 -6.923285e-1 -8.9935e-1 -8.9935e-1
1.7691893e0 -6.923285e-1 -9.4072e-1 -9.4072e-1
1.923034e0 -6.923285e-1 -9.7144e-1 -9.7144e-1
2.0768788e0 -6.923285e-1 -9.9113e-1 -9.9113e-1
2.2307236e0 -6.923285e-1 -9.996e-1 -9.996e-1
2.3845683e0 -6.923285e-1 -9.9673e-1 -9.9673e-1
2.5384131e0 -6.923285e-1 -9.826e-1 -9.826e-1
2.6922578e0 -6.923285e-1 -9.5729e-1 -9.5729e-1
2.8461026e0 -6.923285e-1 -9.2117e-1 -9.2117e-1
2.9999474e0 -6.923285e-1 -8.7459e-1 -8.7459e-1

-3.0e0 -5.3848361e-1 9.9895e-1 9.9895e-1
-2.8461552e0 -5.3848361e-1 9.9924e-1 9.9924e-1
-2.6923105e0 -5.3848361e-1 9.9266e-1 9.9266e-1
-2.5384657e0 -5.3848361e-1 9.7925e-1 9.7925e-1
-2.384621e0 -5.3848361e-1 9.5912e-1 9.5912e-1
-2.2307762e0 -5.3848361e-1 9.3245e-1 9.3245e-1
-2.0769315e0 -5.3848361e-1 8.9937e-1 8.9937e-1
-1.9230867e0 -5.3848361e-1 8.6009e-1 8.6009e-1
-1.769242e0 -5.3848361e-1 8.1494e-1 8.1494e-1
-1.6153972e0 -5.3848361e-1 7.642e-1 7.642e-1
-1.4615524e0 -5.3848361e-1 7.0822e-1 7.0822e-1
-1.3077077e0 -5.3848361e-1 6.4738e-1 6.4738e-1
-1.1538629e0 -5.3848361e-1 5.8209e-1 5.8209e-1
-1.0000182e0 -5.3848361e-1 5.1282e-1 5.1282e-1
-8.461734e-1 -5.3848361e-1 4.4002e-1 4.4002e-1
-6.923285e-1 -5.3848361e-1 3.6421e-1 3.6421e-1
-5.3848361e-1 -5.3848361e-1 2.859e-1 2.859e-1
-3.8463872e-1 -5.3848361e-1 2.0563e-1 2.0563e-1
-2.3079382e-1 -5.3848361e-1 1.2395e-1 1.2395e-1
-7.694893e-2 -5.3848361e-1 4.141e-2 4.141e-2
7.689597e-2 -5.3848361e-1 -4.138e-2 -4.138e-2
2.3074086e-1 -5.3848361e-1 -1.2392e-1 -1.2392e-1
3.8458575e-1 -5.3848361e-1 -2.0561e-1 -2.0561e-1
5.3843065e-1 -5.3848361e-1 -2.8586e-1 -2.8586e-1
6.9227554e-1 -5.3848361e-1 -3.6418e-1 -3.6418e-1
8.4612044e-1 -5.3848361e-1 -4.4e-1 -4.4e-1
9.9996533e-1 -5.3848361e-1 -5.128e-1 -5.128e-1
1.15381023e0 -5.3848361e-1 -5.8206e-1 -5.8206e-1
1.307655e0 -5.3848361e-1 -6.4735e-1 -6.4735e-1
1.4614998e0 -5.3848361e-1 -7.0822e-1 -7.0822e-1
1.6153445e0 -5.3848361e-1 -7.6419e-1 -7.6419e-1
1.7691893e0 -5.3848361e-1 -8.1493e-1 -8.1493e-1
1.923034e0 -5.3848361e-1 -8.6009e-1 -8.6009e-1
2.0768788e0 -5.3848361e-1 -8.9935e-1 -8.9935e-1
2.2307236e0 -5.3848361e-1 -9.3243e-1 -9.3243e-1
2.3845683e0 -5.3848361e-1 -9.591e-1 -9.591e-1
2.5384131e0 -5.3848361e-1 -9.7925e-1 -9.7925e-1
2.6922578e0 -5.3848361e-1 -9.9268e-1 -9.9268e-1
2.8461026e0 -5.3848361e-1 -9.9922e-1 -9.9922e-1
2.9999474e0 -5.3848361e-1 -9.9895e-1 -9.9895e-1

-3.0e0 -3.8463872e-1 9.1432e-1 9.1432e-1
-2.8461552e0 -3.8463872e-1 8.8876e-1 8.8876e-1
-2.6923105e0 -3.8463872e-1 8.6009e-1 8.6009e-1
-2.5384657e0 -3.8463872e-1 8.2846e-1 8.2846e-1
-2.384621e0 -3.8463872e-1 7.9387e-1 7.9387e-1
-2.2307762e0 -3.8463872e-1 7.5653e-1 7.5653e-1
-2.0769315e0 -3.8463872e-1 7.1654e-1 7.1654e-1
-1.9230867e0 -3.8463872e-1 6.7403e-1 6.7403e-1
-1.769242e0 -3.8463872e-1 6.2918e-1 6.2918e-1
-1.6153972e0 -3.8463872e-1 5.8209e-1 5.8209e-1
-1.4615524e0 -3.8463872e-1 5.33e-1 5.33e-1
-1.3077077e0 -3.8463872e-1 4.8204e-1 4.8204e-1
-1.1538629e0 -3.8463872e-1 4.2937e-1 4.2937e-1
-1.0000182e0 -3.8463872e-1 3.7521e-1 3.7521e-1
-8.461734e-1 -3.8463872e-1 3.1973e-1 3.1973e-1
-6.923285e-1 -3.8463872e-1 2.6314e-1 2.6314e-1
-5.3848361e-1 -3.8463872e-1 2.0563e-1 2.0563e-1
-3.8463872e-1 -3.8463872e-1 1.4738e-1 1.4738e-1
-2.3079382e-1 -3.8463872e-1 8.864e-2 8.864e-2
-7.694893e-2 -3.8463872e-1 2.957e-2 2.957e-2
7.689597e-2 -3.8463872e-1 -2.956e-2 -2.956e-2
2.3074086e-1 -3.8463872e-1 -8.862e-2 -8.862e-2
3.8458575e-1 -3.8463872e-1 -1.4737e-1 -1.4737e-1
5.3843065e-1 -3.8463872e-1 -2.0561e-1 -2.0561e-1
6.9227554e-1 -3.8463872e-1 -2.6312e-1 -2.6312e-1
8.4612044e-1 -3.8463872e-1 -3.1972e-1 -3.1972e-1
9.9996533e-1 -3.8463872e-1 -3.752e-1 -3.752e-1
1.15381023e0 -3.8463872e-1 -4.2935e-1 -4.2935e-1
1.307655e0 -3.8463872e-1 -4.8201e-1 -4.8201e-1
1.4614998e0 -3.8463872e-1 -5.3297e-1 -5.3297e-1
1.6153445e0 -3.8463872e-1 -5.8208e-1 -5.8208e-1
1.7691893e0 -3.8463872e-1 -6.2917e-1 -6.2917e-1
1.923034e0 -3.8463872e-1 -6.7401e-1 -6.7401e-1
2.0768788e0 -3.8463872e-1 -7.1652e-1 -7.1652e-1
2.2307236e0 -3.8463872e-1 -7.5653e-1 -7.5653e-1
2.3845683e0 -3.8463872e-1 -7.9385e-1 -7.9385e-1
2.5384131e0 -3.8463872e-1 -8.2846e-1 -8.2846e-1
2.6922578e0 -3.8463872e-1 -8.601e-1 -8.601e-1
2.8461026e0 -3.8463872e-1 -8.8875e-1 -8.8875e-1
2.9999474e0 -3.8463872e-1 -9.1432e-1 -9.1432e-1

-3.0e0 -2.3079382e-1 6.3834e-1 6.3834e-1
-2.8461552e0 -2.3079382e-1 6.1061e-1 6.1061e-1
-2.6923105e0 -2.3079382e-1 5.821e-1 5.821e-1
-2.5384657e0 -2.3079382e-1 5.5289e-1 5.5289e-1
-2.384621e0 -2.3079382e-1 5.2296e-1 5.2296e-1
-2.2307762e0 -2.3079382e-1 4.9237e-1 4.9237e-1
-2.0769315e0 -2.3079382e-1 4.6115e-1 4.6115e-1
-1.9230867e0 -2.3079382e-1 4.2937e-1 4.2937e-1
-1.769242e0 -2.3079382e-1 3.9705e-1 3.9705e-1
-1.6153972e0 -2.3079382e-1 3.6421e-1 3.6421e-1
-1.4615524e0 -2.3079382e-1 3.3095e-1 3.3095e-1
-1.3077077e0 -2.3079382e-1 2.9723e-1 2.9723e-1
-1.1538629e0 -2.3079382e-1 2.6314e-1 2.6314e-1
-1.0000182e0 -2.3079382e-1 2.2873e-1 2.2873e-1
-8.461734e-1 -2.3079382e-1 1.9403e-1 1.9403e-1
-6.923285e-1 -2.3079382e-1 1.5909e-1 1.5909e-1
-5.3848361e-1 -2.3079382e-1 1.2395e-1 1.2395e-1
-3.8463872e-1 -2.3079382e-1 8.864e-2 8.864e-2
-2.3079382e-1 -2.3079382e-1 5.322e-2 5.322e-2
-7.694893e-2 -2.3079382e-1 1.775e-2 1.775e-2
7.689597e-2 -2.3079382e-1 -1.773e-2 -1.773e-2
2.3074086e-1 -2.3079382e-1 -5.322e-2 -5.322e-2
3.8458575e-1 -2.3079382e-1 -8.864e-2 -8.864e-2
5.3843065e-1 -2.3079382e-1 -1.2393e-1 -1.2393e-1
6.9227554e-1 -2.3079382e-1 -1.5907e-1 -1.5907e-1
8.4612044e-1 -2.3079382e-1 -1.9403e-1 -1.9403e-1
9.9996533e-1 -2.3079382e-1 -2.2871e-1 -2.2871e-1
1.15381023e0 -2.3079382e-1 -2.6312e-1 -2.6312e-1
1.307655e0 -2.3079382e-1 -2.9721e-1 -2.9721e-1
1.4614998e0 -2.3079382e-1 -3.3092e-1 -3.3092e-1
1.6153445e0 -2.3079382e-1 -3.642e-1 -3.642e-1
1.7691893e0 -2.3079382e-1 -3.9703e-1 -3.9703e-1
1.923034e0 -2.3079382e-1 -4.2937e-1 -4.2937e-1
2.0768788e0 -2.3079382e-1 -4.6115e-1 -4.6115e-1
2.2307236e0 -2.3079382e-1 -4.9237e-1 -4.9237e-1
2.3845683e0 -2.3079382e-1 -5.2295e-1 -5.2295e-1
2.5384131e0 -2.3079382e-1 -5.5287e-1 -5.5287e-1
2.6922578e0 -2.3079382e-1 -5.821e-1 -5.821e-1
2.8461026e0 -2.3079382e-1 -6.106e-1 -6.106e-1
2.9999474e0 -2.3079382e-1 -6.3832e-1 -6.3832e-1

-3.0e0 -7.694893e-2 2.2878e-1 2.2878e-1
-2.8461552e0 -7.694893e-2 2.1724e-1 2.1724e-1
-2.6923105e0 -7.694893e-2 2.0567e-1 2.0567e-1
-2.5384657e0 -7.694893e-2 1.9408e-1 1.9408e-1
-2.384621e0 -7.694893e-2 1.8245e-1 1.8245e-1
-2.2307762e0 -7.694893e-2 1.7079e-1 1.7079e-1
-2.0769315e0 -7.694893e-2 1.5912e-1 1.5912e-1
-1.9230867e0 -7.694893e-2 1.4742e-1 1.4742e-1
-1.769242e0 -7.694893e-2 1.357e-1 1.357e-1
-1.6153972e0 -7.694893e-2 1.2398e-1 1.2398e-1
-1.4615524e0 -7.694893e-2 1.1221e-1 1.1221e-1
-1.3077077e0 -7.694893e-2 1.0043e-1 1.0043e-1
-1.1538629e0 -7.694893e-2 8.865e-2 8.865e-2
-1.0000182e0 -7.694893e-2 7.686e-2 7.686e-2
-8.461734e-1 -7.694893e-2 6.505e-2 6.505e-2
-6.923285e-1 -7.694893e-2 5.324e-2 5.324e-2
-5.3848361e-1 -7.694893e-2 4.141e-2 4.141e-2
-3.8463872e-1 -7.694893e-2 2.957e-2 2.957e-2
-2.3079382e-1 -7.694893e-2 1.775e-2 1.775e-2
-7.694893e-2 -7.694893e-2 5.92e-3 5.92e-3
7.689597e-2 -7.694893e-2 -5.9e-3 -5.9e-3
2.3074086e-1 -7.694893e-2 -1.775e-2 -1.775e-2
3.8458575e-1 -7.694893e-2 -2.957e-2 -2.957e-2
5.3843065e-1 -7.694893e-2 -4.14e-2 -4.14e-2
6.9227554e-1 -7.694893e-2 -5.324e-2 -5.324e-2
8.4612044e-1 -7.694893e-2 -6.505e-2 -6.505e-2
9.9996533e-1 -7.694893e-2 -7.686e-2 -7.686e-2
1.15381023e0 -7.694893e-2 -8.865e-2 -8.865e-2
1.307655e0 -7.694893e-2 -1.0043e-1 -1.0043e-1
1.4614998e0 -7.694893e-2 -1.122e-1 -1.122e-1
1.6153445e0 -7.694893e-2 -1.2398e-1 -1.2398e-1
1.7691893e0 -7.694893e-2 -1.357e-1 -1.357e-1
1.923034e0 -7.694893e-2 -1.4742e-1 -1.4742e-1
2.0768788e0 -7.694893e-2 -1.5912e-1 -1.5912e-1
2.2307236e0 -7.694893e-2 -1.7079e-1 -1.7079e-1
2.3845683e0 -7.694893e-2 -1.8243e-1 -1.8243e-1
2.5384131e0 -7.694893e-2 -1.9406e-1 -1.9406e-1
2.6922578e0 -7.694893e-2 -2.0567e-1 -2.0567e-1
2.8461026e0 -7.694893e-2 -2.1724e-1 -2.1724e-1
2.9999474e0 -7.694893e-2 -2.2878e-1 -2.2878e-1

-3.0e0 7.689597e-2 -2.2862e-1 -2.2862e-1
-2.8461552e0 7.689597e-2 -2.171e-1 -2.171e-1
-2.6923105e0 7.689597e-2 -2.0554e-1 -2.0554e-1
-2.5384657e0 7.689597e-2 -1.9395e-1 -1.9395e-1
-2.384621e0 7.689597e-2 -1.8231e-1 -1.8231e-1
-2.2307762e0 7.689597e-2 -1.7068e-1 -1.7068e-1
-2.0769315e0 7.689597e-2 -1.5901e-1 -1.5901e-1
-1.9230867e0 7.689597e-2 -1.4731e-1 -1.4731e-1
-1.769242e0 7.689597e-2 -1.356e-1 -1.356e-1
-1.6153972e0 7.689597e-2 -1.2389e-1 -1.2389e-1
-1.4615524e0 7.689597e-2 -1.1212e-1 -1.1212e-1
-1.3077077e0 7.689597e-2 -1.0037e-1 -1.0037e-1
-1.1538629e0 7.689597e-2 -8.86e-2 -8.86e-2
-1.0000182e0 7.689597e-2 -7.681e-2 -7.681e-2
-8.461734e-1 7.689597e-2 -6.5e-2 -6.5e-2
-6.923285e-1 7.689597e-2 -5.319e-2 -5.319e-2
-5.3848361e-1 7.689597e-2 -4.138e-2 -4.138e-2
-3.8463872e-1 7.689597e-2 -2.956e-2 -2.956e-2
-2.3079382e-1 7.689597e-2 -1.773e-2 -1.773e-2
-7.694893e-2 7.689597e-2 -5.9e-3 -5.9e-3
7.689597e-2 7.689597e-2 5.9e-3 5.9e-3
2.3074086e-1 7.689597e-2 1.773e-2 1.773e-2
3.8458575e-1 7.689597e-2 2.956e-2 2.956e-2
5.3843065e-1 7.689597e-2 4.137e-2 4.137e-2
6.9227554e-1 7.689597e-2 5.319e-2 5.319e-2
8.4612044e-1 7.689597e-2 6.5e-2 6.5e-2
9.9996533e-1 7.689597e-2 7.681e-2 7.681e-2
1.15381023e0 7.689597e-2 8.86e-2 8.86e-2
1.307655e0 7.689597e-2 1.0036e-1 1.0036e-1
1.4614998e0 7.689597e-2 1.1214e-1 1.1214e-1
1.6153445e0 7.689597e-2 1.2389e-1 1.2389e-1
1.7691893e0 7.689597e-2 1.356e-1 1.356e-1
1.923034e0 7.689597e-2 1.4732e-1 1.4732e-1
2.0768788e0 7.689597e-2 1.59e-1 1.59e-1
2.2307236e0 7.689597e-2 1.7067e-1 1.7067e-1
2.3845683e0 7.689597e-2 1.8233e-1 1.8233e-1
2.5384131e0 7.689597e-2 1.9394e-1 1.9394e-1
2.6922578e0 7.689597e-2 2.0552e-1 2.0552e-1
2.8461026e0 7.689597e-2 2.1709e-1 2.1709e-1
2.9999474e0 7.689597e-2 2.286e-1 2.286e-1

-3.0e0 2.3074086e-1 -6.3821e-1 -6.3821e-1
-2.8461552e0 2.3074086e-1 -6.105e-1 -6.105e-1
-2.6923105e0 2.3074086e-1 -5.82e-1 -5.82e-1
-2.5384657e0 2.3074086e-1 -5.5278e-1 -5.5278e-1
-2.384621e0 2.3074086e-1 -5.2286e-1 -5.2286e-1
-2.2307762e0 2.3074086e-1 -4.9228e-1 -4.9228e-1
-2.0769315e0 2.3074086e-1 -4.6106e-1 -4.6106e-1
-1.9230867e0 2.3074086e-1 -4.2929e-1 -4.2929e-1
-1.769242e0 2.3074086e-1 -3.9696e-1 -3.9696e-1
-1.6153972e0 2.3074086e-1 -3.6414e-1 -3.6414e-1
-1.4615524e0 2.3074086e-1 -3.3087e-1 -3.3087e-1
-1.3077077e0 2.3074086e-1 -2.9715e-1 -2.9715e-1
-1.1538629e0 2.3074086e-1 -2.6309e-1 -2.6309e-1
-1.0000182e0 2.3074086e-1 -2.2868e-1 -2.2868e-1
-8.461734e-1 2.3074086e-1 -1.9398e-1 -1.9398e-1
-6.923285e-1 2.3074086e-1 -1.5906e-1 -1.5906e-1
-5.3848361e-1 2.3074086e-1 -1.2392e-1 -1.2392e-1
-3.8463872e-1 2.3074086e-1 -8.862e-2 -8.862e-2
-2.3079382e-1 2.3074086e-1 -5.322e-2 -5.322e-2
-7.694893e-2 2.3074086e-1 -1.775e-2 -1.775e-2
7.689597e-2 2.3074086e-1 1.773e-2 1.773e-2
2.3074086e-1 2.3074086e-1 5.319e-2 5.319e-2
3.8458575e-1 2.3074086e-1 8.861e-2 8.861e-2
5.3843065e-1 2.3074086e-1 1.2392e-1 1.2392e-1
6.9227554e-1 2.3074086e-1 1.5904e-1 1.5904e-1
8.4612044e-1 2.3074086e-1 1.9397e-1 1.9397e-1
9.9996533e-1 2.3074086e-1 2.2867e-1 2.2867e-1
1.15381023e0 2.3074086e-1 2.6306e-1 2.6306e-1
1.307655e0 2.3074086e-1 2.9715e-1 2.9715e-1
1.4614998e0 2.3074086e-1 3.3086e-1 3.3086e-1
1.6153445e0 2.3074086e-1 3.6412e-1 3.6412e-1
1.7691893e0 2.3074086e-1 3.9696e-1 3.9696e-1
1.923034e0 2.3074086e-1 4.2928e-1 4.2928e-1
2.0768788e0 2.3074086e-1 4.6106e-1 4.6106e-1
2.2307236e0 2.3074086e-1 4.9226e-1 4.9226e-1
2.3845683e0 2.3074086e-1 5.2284e-1 5.2284e-1
2.5384131e0 2.3074086e-1 5.5276e-1 5.5276e-1
2.6922578e0 2.3074086e-1 5.8199e-1 5.8199e-1
2.8461026e0 2.3074086e-1 6.1049e-1 6.1049e-1
2.9999474e0 2.3074086e-1 6.3821e-1 6.3821e-1

-3.0e0 3.8458575e-1 -9.1426e-1 -9.1426e-1
-2.8461552e0 3.8458575e-1 -8.887e-1 -8.887e-1
-2.6923105e0 3.8458575e-1 -8.6003e-1 -8.6003e-1
-2.5384657e0 3.8458575e-1 -8.2838e-1 -8.2838e-1
-2.384621e0 3.8458575e-1 -7.938e-1 -7.938e-1
-2.2307762e0 3.8458575e-1 -7.5645e-1 -7.5645e-1
-2.0769315e0 3.8458575e-1 -7.1646e-1 -7.1646e-1
-1.9230867e0 3.8458575e-1 -6.7395e-1 -6.7395e-1
-1.769242e0 3.8458575e-1 -6.291e-1 -6.291e-1
-1.6153972e0 3.8458575e-1 -5.8202e-1 -5.8202e-1
-1.4615524e0 3.8458575e-1 -5.3294e-1 -5.3294e-1
-1.3077077e0 3.8458575e-1 -4.8198e-1 -4.8198e-1
-1.1538629e0 3.8458575e-1 -4.293e-1 -4.293e-1
-1.0000182e0 3.8458575e-1 -3.7517e-1 -3.7517e-1
-8.461734e-1 3.8458575e-1 -3.1969e-1 -3.1969e-1
-6.923285e-1 3.8458575e-1 -2.631e-1 -2.631e-1
-5.3848361e-1 3.8458575e-1 -2.0561e-1 -2.0561e-1
-3.8463872e-1 3.8458575e-1 -1.4737e-1 -1.4737e-1
-2.3079382e-1 3.8458575e-1 -8.864e-2 -8.864e-2
-7.694893e-2 3.8458575e-1 -2.957e-2 -2.957e-2
7.689597e-2 3.8458575e-1 2.956e-2 2.956e-2
2.3074086e-1 3.8458575e-1 8.861e-2 8.861e-2
3.8458575e-1 3.8458575e-1 1.4735e-1 1.4735e-1
5.3843065e-1 3.8458575e-1 2.0558e-1 2.0558e-1
6.9227554e-1 3.8458575e-1 2.6308e-1 2.6308e-1
8.4612044e-1 3.8458575e-1 3.1969e-1 3.1969e-1
9.9996533e-1 3.8458575e-1 3.7515e-1 3.7515e-1
1.15381023e0 3.8458575e-1 4.2929e-1 4.2929e-1
1.307655e0 3.8458575e-1 4.8195e-1 4.8195e-1
1.4614998e0 3.8458575e-1 5.3291e-1 5.3291e-1
1.6153445e0 3.8458575e-1 5.8202e-1 5.8202e-1
1.7691893e0 3.8458575e-1 6.2909e-1 6.2909e-1
1.923034e0 3.8458575e-1 6.7392e-1 6.7392e-1
2.0768788e0 3.8458575e-1 7.1645e-1 7.1645e-1
2.2307236e0 3.8458575e-1 7.5645e-1 7.5645e-1
2.3845683e0 3.8458575e-1 7.9378e-1 7.9378e-1
2.5384131e0 3.8458575e-1 8.2837e-1 8.2837e-1
2.6922578e0 3.8458575e-1 8.6003e-1 8.6003e-1
2.8461026e0 3.8458575e-1 8.8869e-1 8.8869e-1
2.9999474e0 3.8458575e-1 9.1425e-1 9.1425e-1

-3.0e0 5.3843065e-1 -9.9895e-1 -9.9895e-1
-2.8461552e0 5.3843065e-1 -9.9922e-1 -9.9922e-1
-2.6923105e0 5.3843065e-1 -9.9265e-1 -9.9265e-1
-2.5384657e0 5.3843065e-1 -9.7922e-1 -9.7922e-1
-2.384621e0 5.3843065e-1 -9.5909e-1 -9.5909e-1
-2.2307762e0 5.3843065e-1 -9.324e-1 -9.324e-1
-2.0769315e0 5.3843065e-1 -8.9932e-1 -8.9932e-1
-1.9230867e0 5.3843065e-1 -8.6005e-1 -8.6005e-1
-1.769242e0 5.3843065e-1 -8.149e-1 -8.149e-1
-1.6153972e0 5.3843065e-1 -7.6414e-1 -7.6414e-1
-1.4615524e0 5.3843065e-1 -7.0818e-1 -7.0818e-1
-1.3077077e0 5.3843065e-1 -6.4732e-1 -6.4732e-1
-1.1538629e0 5.3843065e-1 -5.8203e-1 -5.8203e-1
-1.0000182e0 5.3843065e-1 -5.1279e-1 -5.1279e-1
-8.461734e-1 5.3843065e-1 -4.3999e-1 -4.3999e-1
-6.923285e-1 5.3843065e-1 -3.6417e-1 -3.6417e-1
-5.3848361e-1 5.3843065e-1 -2.8586e-1 -2.8586e-1
-3.8463872e-1 5.3843065e-1 -2.0561e-1 -2.0561e-1
-2.3079382e-1 5.3843065e-1 -1.2393e-1 -1.2393e-1
-7.694893e-2 5.3843065e-1 -4.14e-2 -4.14e-2
7.689597e-2 5.3843065e-1 4.137e-2 4.137e-2
2.3074086e-1 5.3843065e-1 1.2392e-1 1.2392e-1
3.8458575e-1 5.3843065e-1 2.0558e-1 2.0558e-1
5.3843065e-1 5.3843065e-1 2.8584e-1 2.8584e-1
6.9227554e-1 5.3843065e-1 3.6414e-1 3.6414e-1
8.4612044e-1 5.3843065e-1 4.3997e-1 4.3997e-1
9.9996533e-1 5.3843065e-1 5.1276e-1 5.1276e-1
1.15381023e0 5.3843065e-1 5.8202e-1 5.8202e-1
1.307655e0 5.3843065e-1 6.473e-1 6.473e-1
1.4614998e0 5.3843065e-1 7.0816e-1 7.0816e-1
1.6153445e0 5.3843065e-1 7.6413e-1 7.6413e-1
1.7691893e0 5.3843065e-1 8.1487e-1 8.1487e-1
1.923034e0 5.3843065e-1 8.6003e-1 8.6003e-1
2.0768788e0 5.3843065e-1 8.9932e-1 8.9932e-1
2.2307236e0 5.3843065e-1 9.324e-1 9.324e-1
2.3845683e0 5.3843065e-1 9.5908e-1 9.5908e-1
2.5384131e0 5.3843065e-1 9.7922e-1 9.7922e-1
2.6922578e0 5.3843065e-1 9.9266e-1 9.9266e-1
2.8461026e0 5.3843065e-1 9.9922e-1 9.9922e-1
2.9999474e0 5.3843065e-1 9.9895e-1 9.9895e-1

-3.0e0 6.9227554e-1 -8.7466e-1 -8.7466e-1
-2.8461552e0 6.9227554e-1 -9.212e-1 -9.212e-1
-2.6923105e0 6.9227554e-1 -9.5734e-1 -9.5734e-1
-2.5384657e0 6.9227554e-1 -9.826e-1 -9.826e-1
-2.384621e0 6.9227554e-1 -9.9673e-1 -9.9673e-1
-2.2307762e0 6.9227554e-1 -9.996e-1 -9.996e-1
-2.0769315e0 6.9227554e-1 -9.9112e-1 -9.9112e-1
-1.9230867e0 6.9227554e-1 -9.7142e-1 -9.7142e-1
-1.769242e0 6.9227554e-1 -9.407e-1 -9.407e-1
-1.6153972e0 6.9227554e-1 -8.9932e-1 -8.9932e-1
-1.4615524e0 6.9227554e-1 -8.4778e-1 -8.4778e-1
-1.3077077e0 6.9227554e-1 -7.8658e-1 -7.8658e-1
-1.1538629e0 6.9227554e-1 -7.1648e-1 -7.1648e-1
-1.0000182e0 6.9227554e-1 -6.3826e-1 -6.3826e-1
-8.461734e-1 6.9227554e-1 -5.5281e-1 -5.5281e-1
-6.923285e-1 6.9227554e-1 -4.611e-1 -4.611e-1
-5.3848361e-1 6.9227554e-1 -3.6418e-1 -3.6418e-1
-3.8463872e-1 6.9227554e-1 -2.6312e-1 -2.6312e-1
-2.3079382e-1 6.9227554e-1 -1.5907e-1 -1.5907e-1
-7.694893e-2 6.9227554e-1 -5.324e-2 -5.324e-2
7.689597e-2 6.9227554e-1 5.319e-2 5.319e-2
2.3074086e-1 6.9227554e-1 1.5904e-1 1.5904e-1
3.8458575e-1 6.9227554e-1 2.6308e-1 2.6308e-1
5.3843065e-1 6.9227554e-1 3.6414e-1 3.6414e-1
6.9227554e-1 6.9227554e-1 4.6109e-1 4.6109e-1
8.4612044e-1 6.9227554e-1 5.5278e-1 5.5278e-1
9.9996533e-1 6.9227554e-1 6.3824e-1 6.3824e-1
1.15381023e0 6.9227554e-1 7.1646e-1 7.1646e-1
1.307655e0 6.9227554e-1 7.8656e-1 7.8656e-1
1.4614998e0 6.9227554e-1 8.4776e-1 8.4776e-1
1.6153445e0 6.9227554e-1 8.993e-1 8.993e-1
1.7691893e0 6.9227554e-1 9.4069e-1 9.4069e-1
1.923034e0 6.9227554e-1 9.7142e-1 9.7142e-1
2.0768788e0 6.9227554e-1 9.9112e-1 9.9112e-1
2.2307236e0 6.9227554e-1 9.996e-1 9.996e-1
2.3845683e0 6.9227554e-1 9.9675e-1 9.9675e-1
2.5384131e0 6.9227554e-1 9.8262e-1 9.8262e-1
2.6922578e0 6.9227554e-1 9.5735e-1 9.5735e-1
2.8461026e0 6.9227554e-1 9.2123e-1 9.2123e-1
2.9999474e0 6.9227554e-1 8.7466e-1 8.7466e-1

-3.0e0 8.4612044e-1 -5.6728e-1 -5.6728e-1
-2.8461552e0 8.4612044e-1 -6.6939e-1 -6.6939e-1
-2.6923105e0 8.4612044e-1 -7.6013e-1 -7.6013e-1
-2.5384657e0 8.4612044e-1 -8.3806e-1 -8.3806e-1
-2.384621e0 8.4612044e-1 -9.0175e-1 -9.0175e-1
-2.2307762e0 8.4612044e-1 -9.5024e-1 -9.5024e-1
-2.0769315e0 8.4612044e-1 -9.826e-1 -9.826e-1
-1.9230867e0 8.4612044e-1 -9.9837e-1 -9.9837e-1
-1.769242e0 8.4612044e-1 -9.9722e-1 -9.9722e-1
-1.6153972e0 8.4612044e-1 -9.7923e-1 -9.7923e-1
-1.4615524e0 8.4612044e-1 -9.4467e-1 -9.4467e-1
-1.3077077e0 8.4612044e-1 -8.9409e-1 -8.9409e-1
-1.1538629e0 8.4612044e-1 -8.2841e-1 -8.2841e-1
-1.0000182e0 8.4612044e-1 -7.4867e-1 -7.4867e-1
-8.461734e-1 8.4612044e-1 -6.5634e-1 -6.5634e-1
-6.923285e-1 8.4612044e-1 -5.5283e-1 -5.5283e-1
-5.3848361e-1 8.4612044e-1 -4.4e-1 -4.4e-1
-3.8463872e-1 8.4612044e-1 -3.1972e-1 -3.1972e-1
-2.3079382e-1 8.4612044e-1 -1.9403e-1 -1.9403e-1
-7.694893e-2 8.4612044e-1 -6.505e-2 -6.505e-2
7.689597e-2 8.4612044e-1 6.5e-2 6.5e-2
2.3074086e-1 8.4612044e-1 1.9397e-1 1.9397e-1
3.8458575e-1 8.4612044e-1 3.1969e-1 3.1969e-1
5.3843065e-1 8.4612044e-1 4.3997e-1 4.3997e-1
6.9227554e-1 8.4612044e-1 5.5278e-1 5.5278e-1
8.4612044e-1 8.4612044e-1 6.5631e-1 6.5631e-1
9.9996533e-1 8.4612044e-1 7.4866e-1 7.4866e-1
1.15381023e0 8.4612044e-1 8.284e-1 8.284e-1
1.307655e0 8.4612044e-1 8.9406e-1 8.9406e-1
1.4614998e0 8.4612044e-1 9.4466e-1 9.4466e-1
1.6153445e0 8.4612044e-1 9.7922e-1 9.7922e-1
1.7691893e0 8.4612044e-1 9.9724e-1 9.9724e-1
1.923034e0 8.4612044e-1 9.9837e-1 9.9837e-1
2.0768788e0 8.4612044e-1 9.826e-1 9.826e-1
2.2307236e0 8.4612044e-1 9.5026e-1 9.5026e-1
2.3845683e0 8.4612044e-1 9.0176e-1 9.0176e-1
2.5384131e0 8.4612044e-1 8.3807e-1 8.3807e-1
2.6922578e0 8.4612044e-1 7.6015e-1 7.6015e-1
2.8461026e0 8.4612044e-1 6.6942e-1 6.6942e-1
2.9999474e0 8.4612044e-1 5.673e-1 5.673e-1

-3.0e0 9.9996533e-1 -1.4122e-1 -1.4122e-1
-2.8461552e0 9.9996533e-1 -2.9123e-1 -2.9123e-1
-2.6923105e0 9.9996533e-1 -4.3437e-1 -4.3437e-1
-2.5384657e0 9.9996533e-1 -5.6725e-1 -5.6725e-1
-2.384621e0 9.9996533e-1 -6.8675e-1 -6.8675e-1
-2.2307762e0 9.9996533e-1 -7.9001e-1 -7.9001e-1
-2.0769315e0 9.9996533e-1 -8.7465e-1 -8.7465e-1
-1.9230867e0 9.9996533e-1 -9.3857e-1 -9.3857e-1
-1.769242e0 9.9996533e-1 -9.8035e-1 -9.8035e-1
-1.6153972e0 9.9996533e-1 -9.9896e-1 -9.9896e-1
-1.4615524e0 9.9996533e-1 -9.94e-1 -9.94e-1
-1.3077077e0 9.9996533e-1 -9.6555e-1 -9.6555e-1
-1.1538629e0 9.9996533e-1 -9.1428e-1 -9.1428e-1
-1.0000182e0 9.9996533e-1 -8.4142e-1 -8.4142e-1
-8.461734e-1 9.9996533e-1 -7.4869e-1 -7.4869e-1
-6.923285e-1 9.9996533e-1 -6.3829e-1 -6.3829e-1
-5.3848361e-1 9.9996533e-1 -5.128e-1 -5.128e-1
-3.8463872e-1 9.9996533e-1 -3.752e-1 -3.752e-1
-2.3079382e-1 9.9996533e-1 -2.2871e-1 -2.2871e-1
-7.694893e-2 9.9996533e-1 -7.686e-2 -7.686e-2
7.689597e-2 9.9996533e-1 7.681e-2 7.681e-2
2.3074086e-1 9.9996533e-1 2.2867e-1 2.2867e-1
3.8458575e-1 9.9996533e-1 3.7515e-1 3.7515e-1
5.3843065e-1 9.9996533e-1 5.1276e-1 5.1276e-1
6.9227554e-1 9.9996533e-1 6.3824e-1 6.3824e-1
8.4612044e-1 9.9996533e-1 7.4866e-1 7.4866e-1
9.9996533e-1 9.9996533e-1 8.414e-1 8.414e-1
1.15381023e0 9.9996533e-1 9.1426e-1 9.1426e-1
1.307655e0 9.9996533e-1 9.6555e-1 9.6555e-1
1.4614998e0 9.9996533e-1 9.9399e-1 9.9399e-1
1.6153445e0 9.9996533e-1 9.9895e-1 9.9895e-1
1.7691893e0 9.9996533e-1 9.8035e-1 9.8035e-1
1.923034e0 9.9996533e-1 9.386e-1 9.386e-1
2.0768788e0 9.9996533e-1 8.7466e-1 8.7466e-1
2.2307236e0 9.9996533e-1 7.9005e-1 7.9005e-1
2.3845683e0 9.9996533e-1 6.8678e-1 6.8678e-1
2.5384131e0 9.9996533e-1 5.673e-1 5.673e-1
2.6922578e0 9.9996533e-1 4.3442e-1 4.3442e-1
2.8461026e0 9.9996533e-1 2.9129e-1 2.9129e-1
2.9999474e0 9.9996533e-1 1.4125e-1 1.4125e-1

-3.0e0 1.15381023e0 3.1439e-1 3.1439e-1
-2.8461552e0 1.15381023e0 1.4183e-1 1.4183e-1
-2.6923105e0 1.15381023e0 -3.516e-2 -3.516e-2
-2.5384657e0 1.15381023e0 -2.1107e-1 -2.1107e-1
-2.384621e0 1.15381023e0 -3.8034e-1 -3.8034e-1
-2.2307762e0 1.15381023e0 -5.3767e-1 -5.3767e-1
-2.0769315e0 1.15381023e0 -6.781e-1 -6.781e-1
-1.9230867e0 1.15381023e0 -7.9723e-1 -7.9723e-1
-1.769242e0 1.15381023e0 -8.913e-1 -8.913e-1
-1.6153972e0 1.15381023e0 -9.5732e-1 -9.5732e-1
-1.4615524e0 1.15381023e0 -9.9327e-1 -9.9327e-1
-1.3077077e0 1.15381023e0 -9.9803e-1 -9.9803e-1
-1.1538629e0 1.15381023e0 -9.7144e-1 -9.7144e-1
-1.0000182e0 1.15381023e0 -9.1429e-1 -9.1429e-1
-8.461734e-1 1.15381023e0 -8.2843e-1 -8.2843e-1
-6.923285e-1 1.15381023e0 -7.165e-1 -7.165e-1
-5.3848361e-1 1.15381023e0 -5.8206e-1 -5.8206e-1
-3.8463872e-1 1.15381023e0 -4.2935e-1 -4.2935e-1
-2.3079382e-1 1.15381023e0 -2.6312e-1 -2.6312e-1
-7.694893e-2 1.15381023e0 -8.865e-2 -8.865e-2
7.689597e-2 1.15381023e0 8.86e-2 8.86e-2
2.3074086e-1 1.15381023e0 2.6306e-1 2.6306e-1
3.8458575e-1 1.15381023e0 4.2929e-1 4.2929e-1
5.3843065e-1 1.15381023e0 5.8202e-1 5.8202e-1
6.9227554e-1 1.15381023e0 7.1646e-1 7.1646e-1
8.4612044e-1 1.15381023e0 8.284e-1 8.284e-1
9.9996533e-1 1.15381023e0 9.1426e-1 9.1426e-1
1.15381023e0 1.15381023e0 9.7142e-1 9.7142e-1
1.307655e0 1.15381023e0 9.9802e-1 9.9802e-1
1.4614998e0 1.15381023e0 9.9329e-1 9.9329e-1
1.6153445e0 1.15381023e0 9.5734e-1 9.5734e-1
1.7691893e0 1.15381023e0 8.9131e-1 8.9131e-1
1.923034e0 1.15381023e0 7.9726e-1 7.9726e-1
2.0768788e0 1.15381023e0 6.7813e-1 6.7813e-1
2.2307236e0 1.15381023e0 5.3772e-1 5.3772e-1
2.3845683e0 1.15381023e0 3.804e-1 3.804e-1
2.5384131e0 1.15381023e0 2.1112e-1 2.1112e-1
2.6922578e0 1.15381023e0 3.522e-2 3.522e-2
2.8461026e0 1.15381023e0 -1.4177e-1 -1.4177e-1
2.9999474e0 1.15381023e0 -3.1435e-1 -3.1435e-1

-3.0e0 1.307655e0 7.0422e-1 7.0422e-1
-2.8461552e0 1.307655e0 5.4817e-1 5.4817e-1
-2.6923105e0 1.307655e0 3.6998e-1 3.6998e-1
-2.5384657e0 1.307655e0 1.769e-1 1.769e-1
-2.384621e0 1.307655e0 -2.332e-2 -2.332e-2
-2.2307762e0 1.307655e0 -2.2261e-1 -2.2261e-1
-2.0769315e0 1.307655e0 -4.1292e-1 -4.1292e-1
-1.9230867e0 1.307655e0 -5.8658e-1 -5.8658e-1
-1.769242e0 1.307655e0 -7.3656e-1 -7.3656e-1
-1.6153972e0 1.307655e0 -8.5687e-1 -8.5687e-1
-1.4615524e0 1.307655e0 -9.4258e-1 -9.4258e-1
-1.3077077e0 1.307655e0 -9.9031e-1 -9.9031e-1
-1.1538629e0 1.307655e0 -9.9803e-1 -9.9803e-1
-1.0000182e0 1.307655e0 -9.6556e-1 -9.6556e-1
-8.461734e-1 1.307655e0 -8.9409e-1 -8.9409e-1
-6.923285e-1 1.307655e0 -7.866e-1 -7.866e-1
-5.3848361e-1 1.307655e0 -6.4735e-1 -6.4735e-1
-3.8463872e-1 1.307655e0 -4.8201e-1 -4.8201e-1
-2.3079382e-1 1.307655e0 -2.9721e-1 -2.9721e-1
-7.694893e-2 1.307655e0 -1.0043e-1 -1.0043e-1
7.689597e-2 1.307655e0 1.0036e-1 1.0036e-1
2.3074086e-1 1.307655e0 2.9715e-1 2.9715e-1
3.8458575e-1 1.307655e0 4.8195e-1 4.8195e-1
5.3843065e-1 1.307655e0 6.473e-1 6.473e-1
6.9227554e-1 1.307655e0 7.8656e-1 7.8656e-1
8.4612044e-1 1.307655e0 8.9406e-1 8.9406e-1
9.9996533e-1 1.307655e0 9.6555e-1 9.6555e-1
1.15381023e0 1.307655e0 9.9802e-1 9.9802e-1
1.307655e0 1.307655e0 9.9031e-1 9.9031e-1
1.4614998e0 1.307655e0 9.426e-1 9.426e-1
1.6153445e0 1.307655e0 8.569e-1 8.569e-1
1.7691893e0 1.307655e0 7.3659e-1 7.3659e-1
1.923034e0 1.307655e0 5.8664e-1 5.8664e-1
2.0768788e0 1.307655e0 4.1298e-1 4.1298e-1
2.2307236e0 1.307655e0 2.2267e-1 2.2267e-1
2.3845683e0 1.307655e0 2.339e-2 2.339e-2
2.5384131e0 1.307655e0 -1.7682e-1 -1.7682e-1
2.6922578e0 1.307655e0 -3.6992e-1 -3.6992e-1
2.8461026e0 1.307655e0 -5.4811e-1 -5.4811e-1
2.9999474e0 1.307655e0 -7.0418e-1 -7.0418e-1

-3.0e0 1.4614998e0 9.4669e-1 9.4669e-1
-2.8461552e0 1.4614998e0 8.5106e-1 8.5106e-1
-2.6923105e0 1.4614998e0 7.1259e-1 7.1259e-1
-2.5384657e0 1.4614998e0 5.3824e-1 5.3824e-1
-2.384621e0 1.4614998e0 3.368e-1 3.368e-1
-2.2307762e0 1.4614998e0 1.184e-1 1.184e-1
-2.0769315e0 1.4614998e0 -1.0594e-1 -1.0594e-1
-1.9230867e0 1.4614998e0 -3.2498e-1 -3.2498e-1
-1.769242e0 1.4614998e0 -5.2765e-1 -5.2765e-1
-1.6153972e0 1.4614998e0 -7.0374e-1 -7.0374e-1
-1.4615524e0 1.4614998e0 -8.444e-1 -8.444e-1
-1.3077077e0 1.4614998e0 -9.4257e-1 -9.4257e-1
-1.1538629e0 1.4614998e0 -9.9329e-1 -9.9329e-1
-1.0000182e0 1.4614998e0 -9.9399e-1 -9.9399e-1
-8.461734e-1 1.4614998e0 -9.4467e-1 -9.4467e-1
-6.923285e-1 1.4614998e0 -8.478e-1 -8.478e-1
-5.3848361e-1 1.4614998e0 -7.0822e-1 -7.0822e-1
-3.8463872e-1 1.4614998e0 -5.3297e-1 -5.3297e-1
-2.3079382e-1 1.4614998e0 -3.3092e-1 -3.3092e-1
-7.694893e-2 1.4614998e0 -1.122e-1 -1.122e-1
7.689597e-2 1.4614998e0 1.1214e-1 1.1214e-1
2.3074086e-1 1.4614998e0 3.3086e-1 3.3086e-1
3.8458575e-1 1.4614998e0 5.3291e-1 5.3291e-1
5.3843065e-1 1.4614998e0 7.0816e-1 7.0816e-1
6.9227554e-1 1.4614998e0 8.4776e-1 8.4776e-1
8.4612044e-1 1.4614998e0 9.4466e-1 9.4466e-1
9.9996533e-1 1.4614998e0 9.9399e-1 9.9399e-1
1.15381023e0 1.4614998e0 9.9329e-1 9.9329e-1
1.307655e0 1.4614998e0 9.426e-1 9.426e-1
1.4614998e0 1.4614998e0 8.4445e-1 8.4445e-1
1.6153445e0 1.4614998e0 7.0378e-1 7.0378e-1
1.7691893e0 1.4614998e0 5.2771e-1 5.2771e-1
1.923034e0 1.4614998e0 3.2506e-1 3.2506e-1
2.0768788e0 1.4614998e0 1.06e-1 1.06e-1
2.2307236e0 1.4614998e0 -1.1832e-1 -1.1832e-1
2.3845683e0 1.4614998e0 -3.3673e-1 -3.3673e-1
2.5384131e0 1.4614998e0 -5.3816e-1 -5.3816e-1
2.6922578e0 1.4614998e0 -7.1252e-1 -7.1252e-1
2.8461026e0 1.4614998e0 -8.5101e-1 -8.5101e-1
2.9999474e0 1.4614998e0 -9.4667e-1 -9.4667e-1

-3.0e0 1.6153445e0 9.9103e-1 9.9103e-1
-2.8461552e0 1.6153445e0 9.9336e-1 9.9336e-1
-2.6923105e0 1.6153445e0 9.3468e-1 9.3468e-1
-2.5384657e0 1.6153445e0 8.1854e-1 8.1854e-1
-2.384621e0 1.6153445e0 6.5211e-1 6.5211e-1
-2.2307762e0 1.6153445e0 4.456e-1 4.456e-1
-2.0769315e0 1.6153445e0 2.1173e-1 2.1173e-1
-1.9230867e0 1.6153445e0 -3.513e-2 -3.513e-2
-1.769242e0 1.6153445e0 -2.7985e-1 -2.7985e-1
-1.6153972e0 1.6153445e0 -5.0737e-1 -5.0737e-1
-1.4615524e0 1.6153445e0 -7.0372e-1 -7.0372e-1
-1.3077077e0 1.6153445e0 -8.5686e-1 -8.5686e-1
-1.1538629e0 1.6153445e0 -9.5732e-1 -9.5732e-1
-1.0000182e0 1.6153445e0 -9.9896e-1 -9.9896e-1
-8.461734e-1 1.6153445e0 -9.7923e-1 -9.7923e-1
-6.923285e-1 1.6153445e0 -8.9935e-1 -8.9935e-1
-5.3848361e-1 1.6153445e0 -7.6419e-1 -7.6419e-1
-3.8463872e-1 1.6153445e0 -5.8208e-1 -5.8208e-1
-2.3079382e-1 1.6153445e0 -3.642e-1 -3.642e-1
-7.694893e-2 1.6153445e0 -1.2398e-1 -1.2398e-1
7.689597e-2 1.6153445e0 1.2389e-1 1.2389e-1
2.3074086e-1 1.6153445e0 3.6412e-1 3.6412e-1
3.8458575e-1 1.6153445e0 5.8202e-1 5.8202e-1
5.3843065e-1 1.6153445e0 7.6413e-1 7.6413e-1
6.9227554e-1 1.6153445e0 8.993e-1 8.993e-1
8.4612044e-1 1.6153445e0 9.7922e-1 9.7922e-1
9.9996533e-1 1.6153445e0 9.9895e-1 9.9895e-1
1.15381023e0 1.6153445e0 9.5734e-1 9.5734e-1
1.307655e0 1.6153445e0 8.569e-1 8.569e-1
1.4614998e0 1.6153445e0 7.0378e-1 7.0378e-1
1.6153445e0 1.6153445e0 5.0745e-1 5.0745e-1
1.7691893e0 1.6153445e0 2.7992e-1 2.7992e-1
1.923034e0 1.6153445e0 3.52e-2 3.52e-2
2.0768788e0 1.6153445e0 -2.1165e-1 -2.1165e-1
2.2307236e0 1.6153445e0 -4.4553e-1 -4.4553e-1
2.3845683e0 1.6153445e0 -6.5204e-1 -6.5204e-1
2.5384131e0 1.6153445e0 -8.185e-1 -8.185e-1
2.6922578e0 1.6153445e0 -9.3463e-1 -9.3463e-1
2.8461026e0 1.6153445e0 -9.9335e-1 -9.9335e-1
2.9999474e0 1.6153445e0 -9.9104e-1 -9.9104e-1

-3.0e0 1.7691893e0 8.2802e-1 8.2802e-1
-2.8461552e0 1.7691893e0 9.4826e-1 9.4826e-1
-2.6923105e0 1.7691893e0 9.9867e-1 9.9867e-1
-2.5384657e0 1.7691893e0 9.7556e-1 9.7556e-1
-2.384621e0 1.7691893e0 8.8063e-1 8.8063e-1
-2.2307762e0 1.7691893e0 7.2086e-1 7.2086e-1
-2.0769315e0 1.7691893e0 5.08e-1 5.08e-1
-1.9230867e0 1.7691893e0 2.5775e-1 2.5775e-1
-1.769242e0 1.7691893e0 -1.146e-2 -1.146e-2
-1.6153972e0 1.7691893e0 -2.7983e-1 -2.7983e-1
-1.4615524e0 1.7691893e0 -5.2762e-1 -5.2762e-1
-1.3077077e0 1.7691893e0 -7.3654e-1 -7.3654e-1
-1.1538629e0 1.7691893e0 -8.9127e-1 -8.9127e-1
-1.0000182e0 1.7691893e0 -9.8033e-1 -9.8033e-1
-8.461734e-1 1.7691893e0 -9.9724e-1 -9.9724e-1
-6.923285e-1 1.7691893e0 -9.4072e-1 -9.4072e-1
-5.3848361e-1 1.7691893e0 -8.1493e-1 -8.1493e-1
-3.8463872e-1 1.7691893e0 -6.2917e-1 -6.2917e-1
-2.3079382e-1 1.7691893e0 -3.9703e-1 -3.9703e-1
-7.694893e-2 1.7691893e0 -1.357e-1 -1.357e-1
7.689597e-2 1.7691893e0 1.356e-1 1.356e-1
2.3074086e-1 1.7691893e0 3.9696e-1 3.9696e-1
3.8458575e-1 1.7691893e0 6.2909e-1 6.2909e-1
5.3843065e-1 1.7691893e0 8.1487e-1 8.1487e-1
6.9227554e-1 1.7691893e0 9.4069e-1 9.4069e-1
8.4612044e-1 1.7691893e0 9.9724e-1 9.9724e-1
9.9996533e-1 1.7691893e0 9.8035e-1 9.8035e-1
1.15381023e0 1.7691893e0 8.9131e-1 8.9131e-1
1.307655e0 1.7691893e0 7.3659e-1 7.3659e-1
1.4614998e0 1.7691893e0 5.2771e-1 5.2771e-1
1.6153445e0 1.7691893e0 2.7992e-1 2.7992e-1
1.7691893e0 1.7691893e0 1.155e-2 1.155e-2
1.923034e0 1.7691893e0 -2.5766e-1 -2.5766e-1
2.0768788e0 1.7691893e0 -5.0792e-1 -5.0792e-1
2.2307236e0 1.7691893e0 -7.208e-1 -7.208e-1
2.3845683e0 1.7691893e0 -8.8057e-1 -8.8057e-1
2.5384131e0 1.7691893e0 -9.7552e-1 -9.7552e-1
2.6922578e0 1.7691893e0 -9.9869e-1 -9.9869e-1
2.8461026e0 1.7691893e0 -9.4827e-1 -9.4827e-1
2.9999474e0 1.7691893e0 -8.2808e-1 -8.2808e-1

-3.0e0 1.923034e0 4.9171e-1 4.9171e-1
-2.8461552e0 1.923034e0 7.242e-1 7.242e-1
-2.6923105e0 1.923034e0 8.9377e-1 8.9377e-1
-2.5384657e0 1.923034e0 9.8567e-1 9.8567e-1
-2.384621e0 1.923034e0 9.9196e-1 9.9196e-1
-2.2307762e0 1.923034e0 9.1202e-1 9.1202e-1
-2.0769315e0 1.923034e0 7.5285e-1 7.5285e-1
-1.9230867e0 1.923034e0 5.2826e-1 5.2826e-1
-1.769242e0 1.923034e0 2.5775e-1 2.5775e-1
-1.6153972e0 1.923034e0 -3.511e-2 -3.511e-2
-1.4615524e0 1.923034e0 -3.2497e-1 -3.2497e-1
-1.3077077e0 1.923034e0 -5.8655e-1 -5.8655e-1
-1.1538629e0 1.923034e0 -7.972e-1 -7.972e-1
-1.0000182e0 1.923034e0 -9.3857e-1 -9.3857e-1
-8.461734e-1 1.923034e0 -9.9835e-1 -9.9835e-1
-6.923285e-1 1.923034e0 -9.7144e-1 -9.7144e-1
-5.3848361e-1 1.923034e0 -8.6009e-1 -8.6009e-1
-3.8463872e-1 1.923034e0 -6.7401e-1 -6.7401e-1
-2.3079382e-1 1.923034e0 -4.2937e-1 -4.2937e-1
-7.694893e-2 1.923034e0 -1.4742e-1 -1.4742e-1
7.689597e-2 1.923034e0 1.4732e-1 1.4732e-1
2.3074086e-1 1.923034e0 4.2928e-1 4.2928e-1
3.8458575e-1 1.923034e0 6.7392e-1 6.7392e-1
5.3843065e-1 1.923034e0 8.6003e-1 8.6003e-1
6.9227554e-1 1.923034e0 9.7142e-1 9.7142e-1
8.4612044e-1 1.923034e0 9.9837e-1 9.9837e-1
9.9996533e-1 1.923034e0 9.386e-1 9.386e-1
1.15381023e0 1.923034e0 7.9726e-1 7.9726e-1
1.307655e0 1.923034e0 5.8664e-1 5.8664e-1
1.4614998e0 1.923034e0 3.2506e-1 3.2506e-1
1.6153445e0 1.923034e0 3.52e-2 3.52e-2
1.7691893e0 1.923034e0 -2.5766e-1 -2.5766e-1
1.923034e0 1.923034e0 -5.2817e-1 -5.2817e-1
2.0768788e0 1.923034e0 -7.5278e-1 -7.5278e-1
2.2307236e0 1.923034e0 -9.1197e-1 -9.1197e-1
2.3845683e0 1.923034e0 -9.9193e-1 -9.9193e-1
2.5384131e0 1.923034e0 -9.857e-1 -9.857e-1
2.6922578e0 1.923034e0 -8.9381e-1 -8.9381e-1
2.8461026e0 1.923034e0 -7.2427e-1 -7.2427e-1
2.9999474e0 1.923034e0 -4.918e-1 -4.918e-1

-3.0e0 2.0768788e0 5.25e-2 5.25e-2
-2.8461552e0 2.0768788e0 3.6353e-1 3.6353e-1
-2.6923105e0 2.0768788e0 6.3773e-1 6.3773e-1
-2.5384657e0 2.0768788e0 8.474e-1 8.474e-1
-2.384621e0 2.0768788e0 9.7125e-1 9.7125e-1
-2.2307762e0 2.0768788e0 9.968e-1 9.968e-1
-2.0769315e0 2.0768788e0 9.2148e-1 9.2148e-1
-1.9230867e0 2.0768788e0 7.5285e-1 7.5285e-1
-1.769242e0 2.0768788e0 5.0801e-1 5.0801e-1
-1.6153972e0 2.0768788e0 2.1176e-1 2.1176e-1
-1.4615524e0 2.0768788e0 -1.059e-1 -1.059e-1
-1.3077077e0 2.0768788e0 -4.1287e-1 -4.1287e-1
-1.1538629e0 2.0768788e0 -6.7805e-1 -6.7805e-1
-1.0000182e0 2.0768788e0 -8.746e-1 -8.746e-1
-8.461734e-1 2.0768788e0 -9.826e-1 -9.826e-1
-6.923285e-1 2.0768788e0 -9.9113e-1 -9.9113e-1
-5.3848361e-1 2.0768788e0 -8.9935e-1 -8.9935e-1
-3.8463872e-1 2.0768788e0 -7.1652e-1 -7.1652e-1
-2.3079382e-1 2.0768788e0 -4.6115e-1 -4.6115e-1
-7.694893e-2 2.0768788e0 -1.5912e-1 -1.5912e-1
7.689597e-2 2.0768788e0 1.59e-1 1.59e-1
2.3074086e-1 2.0768788e0 4.6106e-1 4.6106e-1
3.8458575e-1 2.0768788e0 7.1645e-1 7.1645e-1
5.3843065e-1 2.0768788e0 8.9932e-1 8.9932e-1
6.9227554e-1 2.0768788e0 9.9112e-1 9.9112e-1
8.4612044e-1 2.0768788e0 9.826e-1 9.826e-1
9.9996533e-1 2.0768788e0 8.7466e-1 8.7466e-1
1.15381023e0 2.0768788e0 6.7813e-1 6.7813e-1
1.307655e0 2.0768788e0 4.1298e-1 4.1298e-1
1.4614998e0 2.0768788e0 1.06e-1 1.06e-1
1.6153445e0 2.0768788e0 -2.1165e-1 -2.1165e-1
1.7691893e0 2.0768788e0 -5.0792e-1 -5.0792e-1
1.923034e0 2.0768788e0 -7.5278e-1 -7.5278e-1
2.0768788e0 2.0768788e0 -9.2143e-1 -9.2143e-1
2.2307236e0 2.0768788e0 -9.9678e-1 -9.9678e-1
2.3845683e0 2.0768788e0 -9.7128e-1 -9.7128e-1
2.5384131e0 2.0768788e0 -8.4744e-1 -8.4744e-1
2.6922578e0 2.0768788e0 -6.378e-1 -6.378e-1
2.8461026e0 2.0768788e0 -3.6362e-1 -3.6362e-1
2.9999474e0 2.0768788e0 -5.263e-2 -5.263e-2

-3.0e0 2.2307236e0 -3.9766e-1 -3.9766e-1
-2.8461552e0 2.2307236e0 -6.575e-2 -6.575e-2
-2.6923105e0 2.2307236e0 2.7382e-1 2.7382e-1
-2.5384657e0 2.2307236e0 5.8145e-1 5.8145e-1
-2.384621e0 2.2307236e0 8.213e-1 8.213e-1
-2.2307762e0 2.2307236e0 9.6536e-1 9.6536e-1
-2.0769315e0 2.2307236e0 9.968e-1 9.968e-1
-1.9230867e0 2.2307236e0 9.1202e-1 9.1202e-1
-1.769242e0 2.2307236e0 7.2087e-1 7.2087e-1
-1.6153972e0 2.2307236e0 4.4563e-1 4.4563e-1
-1.4615524e0 2.2307236e0 1.1842e-1 1.1842e-1
-1.3077077e0 2.2307236e0 -2.2256e-1 -2.2256e-1
-1.1538629e0 2.2307236e0 -5.3761e-1 -5.3761e-1
-1.0000182e0 2.2307236e0 -7.8998e-1 -7.8998e-1
-8.461734e-1 2.2307236e0 -9.5023e-1 -9.5023e-1
-6.923285e-1 2.2307236e0 -9.996e-1 -9.996e-1
-5.3848361e-1 2.2307236e0 -9.3243e-1 -9.3243e-1
-3.8463872e-1 2.2307236e0 -7.5653e-1 -7.5653e-1
-2.3079382e-1 2.2307236e0 -4.9237e-1 -4.9237e-1
-7.694893e-2 2.2307236e0 -1.7079e-1 -1.7079e-1
7.689597e-2 2.2307236e0 1.7067e-1 1.7067e-1
2.3074086e-1 2.2307236e0 4.9226e-1 4.9226e-1
3.8458575e-1 2.2307236e0 7.5645e-1 7.5645e-1
5.3843065e-1 2.2307236e0 9.324e-1 9.324e-1
6.9227554e-1 2.2307236e0 9.996e-1 9.996e-1
8.4612044e-1 2.2307236e0 9.5026e-1 9.5026e-1
9.9996533e-1 2.2307236e0 7.9005e-1 7.9005e-1
1.15381023e0 2.2307236e0 5.3772e-1 5.3772e-1
1.307655e0 2.2307236e0 2.2267e-1 2.2267e-1
1.4614998e0 2.2307236e0 -1.1832e-1 -1.1832e-1
1.6153445e0 2.2307236e0 -4.4553e-1 -4.4553e-1
1.7691893e0 2.2307236e0 -7.208e-1 -7.208e-1
1.923034e0 2.2307236e0 -9.1197e-1 -9.1197e-1
2.0768788e0 2.2307236e0 -9.9678e-1 -9.9678e-1
2.2307236e0 2.2307236e0 -9.654e-1 -9.654e-1
2.3845683e0 2.2307236e0 -8.2137e-1 -8.2137e-1
2.5384131e0 2.2307236e0 -5.8156e-1 -5.8156e-1
2.6922578e0 2.2307236e0 -2.7394e-1 -2.7394e-1
2.8461026e0 2.2307236e0 6.563e-2 6.563e-2
2.9999474e0 2.2307236e0 3.9754e-1 3.9754e-1

-3.0e0 2.3845683e0 -7.6463e-1 -7.6463e-1
-2.8461552e0 2.3845683e0 -4.8262e-1 -4.8262e-1
-2.6923105e0 2.3845683e0 -1.3638e-1 -1.3638e-1
-2.5384657e0 2.3845683e0 2.28e-1 2.28e-1
-2.384621e0 2.3845683e0 5.6204e-1 5.6204e-1
-2.2307762e0 2.3845683e0 8.213e-1 8.213e-1
-2.0769315e0 2.3845683e0 9.7125e-1 9.7125e-1
-1.9230867e0 2.3845683e0 9.9196e-1 9.9196e-1
-1.769242e0 2.3845683e0 8.8063e-1 8.8063e-1
-1.6153972e0 2.3845683e0 6.5215e-1 6.5215e-1
-1.4615524e0 2.3845683e0 3.3684e-1 3.3684e-1
-1.3077077e0 2.3845683e0 -2.325e-2 -2.325e-2
-1.1538629e0 2.3845683e0 -3.8028e-1 -3.8028e-1
-1.0000182e0 2.3845683e0 -6.8669e-1 -6.8669e-1
-8.461734e-1 2.3845683e0 -9.0172e-1 -9.0172e-1
-6.923285e-1 2.3845683e0 -9.9673e-1 -9.9673e-1
-5.3848361e-1 2.3845683e0 -9.591e-1 -9.591e-1
-3.8463872e-1 2.3845683e0 -7.9385e-1 -7.9385e-1
-2.3079382e-1 2.3845683e0 -5.2295e-1 -5.2295e-1
-7.694893e-2 2.3845683e0 -1.8243e-1 -1.8243e-1
7.689597e-2 2.3845683e0 1.8233e-1 1.8233e-1
2.3074086e-1 2.3845683e0 5.2284e-1 5.2284e-1
3.8458575e-1 2.3845683e0 7.9378e-1 7.9378e-1
5.3843065e-1 2.3845683e0 9.5908e-1 9.5908e-1
6.9227554e-1 2.3845683e0 9.9675e-1 9.9675e-1
8.4612044e-1 2.3845683e0 9.0176e-1 9.0176e-1
9.9996533e-1 2.3845683e0 6.8678e-1 6.8678e-1
1.15381023e0 2.3845683e0 3.804e-1 3.804e-1
1.307655e0 2.3845683e0 2.339e-2 2.339e-2
1.4614998e0 2.3845683e0 -3.3673e-1 -3.3673e-1
1.6153445e0 2.3845683e0 -6.5204e-1 -6.5204e-1
1.7691893e0 2.3845683e0 -8.8057e-1 -8.8057e-1
1.923034e0 2.3845683e0 -9.9193e-1 -9.9193e-1
2.0768788e0 2.3845683e0 -9.7128e-1 -9.7128e-1
2.2307236e0 2.3845683e0 -8.2137e-1 -8.2137e-1
2.3845683e0 2.3845683e0 -5.6215e-1 -5.6215e-1
2.5384131e0 2.3845683e0 -2.2812e-1 -2.2812e-1
2.6922578e0 2.3845683e0 1.3625e-1 1.3625e-1
2.8461026e0 2.3845683e0 4.8251e-1 4.8251e-1
2.9999474e0 2.3845683e0 7.6456e-1 7.6456e-1

-3.0e0 2.5384131e0 -9.7159e-1 -9.7159e-1
-2.8461552e0 2.5384131e0 -8.0844e-1 -8.0844e-1
-2.6923105e0 2.5384131e0 -5.2351e-1 -5.2351e-1
-2.5384657e0 2.5384131e0 -1.5977e-1 -1.5977e-1
-2.384621e0 2.5384131e0 2.28e-1 2.28e-1
-2.2307762e0 2.5384131e0 5.8145e-1 5.8145e-1
-2.0769315e0 2.5384131e0 8.4738e-1 8.4738e-1
-1.9230867e0 2.5384131e0 9.8569e-1 9.8569e-1
-1.769242e0 2.5384131e0 9.7556e-1 9.7556e-1
-1.6153972e0 2.5384131e0 8.1856e-1 8.1856e-1
-1.4615524e0 2.5384131e0 5.3828e-1 5.3828e-1
-1.3077077e0 2.5384131e0 1.7696e-1 1.7696e-1
-1.1538629e0 2.5384131e0 -2.11e-1 -2.11e-1
-1.0000182e0 2.5384131e0 -5.672e-1 -5.672e-1
-8.461734e-1 2.5384131e0 -8.38e-1 -8.38e-1
-6.923285e-1 2.5384131e0 -9.826e-1 -9.826e-1
-5.3848361e-1 2.5384131e0 -9.7925e-1 -9.7925e-1
-3.8463872e-1 2.5384131e0 -8.2846e-1 -8.2846e-1
-2.3079382e-1 2.5384131e0 -5.5287e-1 -5.5287e-1
-7.694893e-2 2.5384131e0 -1.9406e-1 -1.9406e-1
7.689597e-2 2.5384131e0 1.9394e-1 1.9394e-1
2.3074086e-1 2.5384131e0 5.5276e-1 5.5276e-1
3.8458575e-1 2.5384131e0 8.2837e-1 8.2837e-1
5.3843065e-1 2.5384131e0 9.7922e-1 9.7922e-1
6.9227554e-1 2.5384131e0 9.8262e-1 9.8262e-1
8.4612044e-1 2.5384131e0 8.3807e-1 8.3807e-1
9.9996533e-1 2.5384131e0 5.673e-1 5.673e-1
1.15381023e0 2.5384131e0 2.1112e-1 2.1112e-1
1.307655e0 2.5384131e0 -1.7682e-1 -1.7682e-1
1.4614998e0 2.5384131e0 -5.3816e-1 -5.3816e-1
1.6153445e0 2.5384131e0 -8.185e-1 -8.185e-1
1.7691893e0 2.5384131e0 -9.7552e-1 -9.7552e-1
1.923034e0 2.5384131e0 -9.857e-1 -9.857e-1
2.0768788e0 2.5384131e0 -8.4744e-1 -8.4744e-1
2.2307236e0 2.5384131e0 -5.8156e-1 -5.8156e-1
2.3845683e0 2.5384131e0 -2.2812e-1 -2.2812e-1
2.5384131e0 2.5384131e0 1.5964e-1 1.5964e-1
2.6922578e0 2.5384131e0 5.234e-1 5.234e-1
2.8461026e0 2.5384131e0 8.0836e-1 8.0836e-1
2.9999474e0 2.5384131e0 9.7156e-1 9.7156e-1

-3.0e0 2.6922578e0 -9.7523e-1 -9.7523e-1
-2.8461552e0 2.6922578e0 -9.8172e-1 -9.8172e-1
-2.6923105e0 2.6922578e0 -8.2213e-1 -8.2213e-1
-2.5384657e0 2.6922578e0 -5.2353e-1 -5.2353e-1
-2.384621e0 2.6922578e0 -1.3638e-1 -1.3638e-1
-2.2307762e0 2.6922578e0 2.738e-1 2.738e-1
-2.0769315e0 2.6922578e0 6.377e-1 6.377e-1
-1.9230867e0 2.6922578e0 8.9374e-1 8.9374e-1
-1.769242e0 2.6922578e0 9.9867e-1 9.9867e-1
-1.6153972e0 2.6922578e0 9.347e-1 9.347e-1
-1.4615524e0 2.6922578e0 7.1262e-1 7.1262e-1
-1.3077077e0 2.6922578e0 3.7006e-1 3.7006e-1
-1.1538629e0 2.6922578e0 -3.508e-2 -3.508e-2
-1.0000182e0 2.6922578e0 -4.343e-1 -4.343e-1
-8.461734e-1 2.6922578e0 -7.6006e-1 -7.6006e-1
-6.923285e-1 2.6922578e0 -9.5729e-1 -9.5729e-1
-5.3848361e-1 2.6922578e0 -9.9268e-1 -9.9268e-1
-3.8463872e-1 2.6922578e0 -8.601e-1 -8.601e-1
-2.3079382e-1 2.6922578e0 -5.821e-1 -5.821e-1
-7.694893e-2 2.6922578e0 -2.0567e-1 -2.0567e-1
7.689597e-2 2.6922578e0 2.0552e-1 2.0552e-1
2.3074086e-1 2.6922578e0 5.8199e-1 5.8199e-1
3.8458575e-1 2.6922578e0 8.6003e-1 8.6003e-1
5.3843065e-1 2.6922578e0 9.9266e-1 9.9266e-1
6.9227554e-1 2.6922578e0 9.5735e-1 9.5735e-1
8.4612044e-1 2.6922578e0 7.6015e-1 7.6015e-1
9.9996533e-1 2.6922578e0 4.3442e-1 4.3442e-1
1.15381023e0 2.6922578e0 3.522e-2 3.522e-2
1.307655e0 2.6922578e0 -3.6992e-1 -3.6992e-1
1.4614998e0 2.6922578e0 -7.1252e-1 -7.1252e-1
1.6153445e0 2.6922578e0 -9.3463e-1 -9.3463e-1
1.7691893e0 2.6922578e0 -9.9869e-1 -9.9869e-1
1.923034e0 2.6922578e0 -8.9381e-1 -8.9381e-1
2.0768788e0 2.6922578e0 -6.378e-1 -6.378e-1
2.2307236e0 2.6922578e0 -2.7394e-1 -2.7394e-1
2.3845683e0 2.6922578e0 1.3625e-1 1.3625e-1
2.5384131e0 2.6922578e0 5.234e-1 5.234e-1
2.6922578e0 2.6922578e0 8.2204e-1 8.2204e-1
2.8461026e0 2.6922578e0 9.8169e-1 9.8169e-1
2.9999474e0 2.6922578e0 9.7527e-1 9.7527e-1

-3.0e0 2.8461026e0 -7.748e-1 -7.748e-1
-2.8461552e0 2.8461026e0 -9.6976e-1 -9.6976e-1
-2.6923105e0 2.8461026e0 -9.8172e-1 -9.8172e-1
-2.5384657e0 2.8461026e0 -8.0846e-1 -8.0846e-1
-2.384621e0 2.8461026e0 -4.8265e-1 -4.8265e-1
-2.2307762e0 2.8461026e0 -6.577e-2 -6.577e-2
-2.0769315e0 2.8461026e0 3.6348e-1 3.6348e-1
-1.9230867e0 2.8461026e0 7.2417e-1 7.2417e-1
-1.769242e0 2.8461026e0 9.4823e-1 9.4823e-1
-1.6153972e0 2.8461026e0 9.9338e-1 9.9338e-1
-1.4615524e0 2.8461026e0 8.5109e-1 8.5109e-1
-1.3077077e0 2.8461026e0 5.4823e-1 5.4823e-1
-1.1538629e0 2.8461026e0 1.4192e-1 1.4192e-1
-1.0000182e0 2.8461026e0 -2.9115e-1 -2.9115e-1
-8.461734e-1 2.8461026e0 -6.693e-1 -6.693e-1
-6.923285e-1 2.8461026e0 -9.2117e-1 -9.2117e-1
-5.3848361e-1 2.8461026e0 -9.9922e-1 -9.9922e-1
-3.8463872e-1 2.8461026e0 -8.8875e-1 -8.8875e-1
-2.3079382e-1 2.8461026e0 -6.106e-1 -6.106e-1
-7.694893e-2 2.8461026e0 -2.1724e-1 -2.1724e-1
7.689597e-2 2.8461026e0 2.1709e-1 2.1709e-1
2.3074086e-1 2.8461026e0 6.1049e-1 6.1049e-1
3.8458575e-1 2.8461026e0 8.8869e-1 8.8869e-1
5.3843065e-1 2.8461026e0 9.9922e-1 9.9922e-1
6.9227554e-1 2.8461026e0 9.2123e-1 9.2123e-1
8.4612044e-1 2.8461026e0 6.6942e-1 6.6942e-1
9.9996533e-1 2.8461026e0 2.9129e-1 2.9129e-1
1.15381023e0 2.8461026e0 -1.4177e-1 -1.4177e-1
1.307655e0 2.8461026e0 -5.4811e-1 -5.4811e-1
1.4614998e0 2.8461026e0 -8.5101e-1 -8.5101e-1
1.6153445e0 2.8461026e0 -9.9335e-1 -9.9335e-1
1.7691893e0 2.8461026e0 -9.4827e-1 -9.4827e-1
1.923034e0 2.8461026e0 -7.2427e-1 -7.2427e-1
2.0768788e0 2.8461026e0 -3.6362e-1 -3.6362e-1
2.2307236e0 2.8461026e0 6.563e-2 6.563e-2
2.3845683e0 2.8461026e0 4.8251e-1 4.8251e-1
2.5384131e0 2.8461026e0 8.0836e-1 8.0836e-1
2.6922578e0 2.8461026e0 9.8169e-1 9.8169e-1
2.8461026e0 2.8461026e0 9.698e-1 9.698e-1
2.9999474e0 2.8461026e0 7.749e-1 7.749e-1

-3.0e0 2.9999474e0 -4.1223e-1 -4.1223e-1
-2.8461552e0 2.9999474e0 -7.7481e-1 -7.7481e-1
-2.6923105e0 2.9999474e0 -9.7523e-1 -9.7523e-1
-2.5384657e0 2.9999474e0 -9.716e-1 -9.716e-1
-2.384621e0 2.9999474e0 -7.6465e-1 -7.6465e-1
-2.2307762e0 2.9999474e0 -3.9767e-1 -3.9767e-1
-2.0769315e0 2.9999474e0 5.246e-2 5.246e-2
-1.9230867e0 2.9999474e0 4.9167e-1 4.9167e-1
-1.769242e0 2.9999474e0 8.2799e-1 8.2799e-1
-1.6153972e0 2.9999474e0 9.9101e-1 9.9101e-1
-1.4615524e0 2.9999474e0 9.4672e-1 9.4672e-1
-1.3077077e0 2.9999474e0 7.0428e-1 7.0428e-1
-1.1538629e0 2.9999474e0 3.145e-1 3.145e-1
-1.0000182e0 2.9999474e0 -1.411e-1 -1.411e-1
-8.461734e-1 2.9999474e0 -5.6717e-1 -5.6717e-1
-6.923285e-1 2.9999474e0 -8.7459e-1 -8.7459e-1
-5.3848361e-1 2.9999474e0 -9.9895e-1 -9.9895e-1
-3.8463872e-1 2.9999474e0 -9.1432e-1 -9.1432e-1
-2.3079382e-1 2.9999474e0 -6.3832e-1 -6.3832e-1
-7.694893e-2 2.9999474e0 -2.2878e-1 -2.2878e-1
7.689597e-2 2.9999474e0 2.286e-1 2.286e-1
2.3074086e-1 2.9999474e0 6.3821e-1 6.3821e-1
3.8458575e-1 2.9999474e0 9.1425e-1 9.1425e-1
5.3843065e-1 2.9999474e0 9.9895e-1 9.9895e-1
6.9227554e-1 2.9999474e0 8.7466e-1 8.7466e-1
8.4612044e-1 2.9999474e0 5.673e-1 5.673e-1
9.9996533e-1 2.9999474e0 1.4125e-1 1.4125e-1
1.15381023e0 2.9999474e0 -3.1435e-1 -3.1435e-1
1.307655e0 2.9999474e0 -7.0418e-1 -7.0418e-1
1.4614998e0 2.9999474e0 -9.4667e-1 -9.4667e-1
1.6153445e0 2.9999474e0 -9.9104e-1 -9.9104e-1
1.7691893e0 2.9999474e0 -8.2808e-1 -8.2808e-1
1.923034e0 2.9999474e0 -4.918e-1 -4.918e-1
2.0768788e0 2.9999474e0 -5.263e-2 -5.263e-2
2.2307236e0 2.9999474e0 3.9754e-1 3.9754e-1
2.3845683e0 2.9999474e0 7.6456e-1 7.6456e-1
2.5384131e0 2.9999474e0 9.7156e-1 9.7156e-1
2.6922578e0 2.9999474e0 9.7527e-1 9.7527e-1
2.8461026e0 2.9999474e0 7.749e-1 7.749e-1
2.9999474e0 2.9999474e0 4.1237e-1 4.1237e-1
